8.220706914434900980e+00   8.220706914434900980e+00   8.220706914434900980e+00
500
-2.229274011176798354e+00 3.535171956859632036e+00 -1.428192244696250279e+00
1.788415013020536737e+00 -1.951716970484038249e+00 1.421047339769898610e+00
-3.540026731007363203e+00 -3.350941321512673099e+00 2.589576627103500339e+00
-3.138568552607301498e-01 2.330663200478024333e+00 1.181474271228271977e+00
1.788864322762794501e+00 -5.840591257295417726e-01 -1.218491482385328339e+00
3.484737055420798146e+00 -3.754997016670946763e+00 1.407749662258196199e+00
-2.659492844428459790e+00 3.940371263813505109e+00 3.165300644759923898e+00
4.077249495922884215e+00 -1.509720998955528692e+00 3.166194670703974534e+00
1.112899604783467833e+00 -3.641413684354388725e+00 -2.605803491109449421e+00
-2.008393397293620541e+00 2.493778536485045105e+00 -2.991493216819988810e+00
3.052330606440103900e+00 3.437017723103644729e-01 2.173873207660280416e-02
-1.729182363447658632e+00 1.123455978156185919e+00 9.663576729066424287e-01
-1.807217440218110927e+00 -1.931790234237698856e-01 2.547142022076817724e+00
2.622732086863047929e+00 -8.367659643112961010e-02 -9.555910155978286635e-01
3.296002738437480706e-01 2.805279035967266132e+00 -1.067929373825426076e+00
1.034486471438581801e-01 -1.239022759547042218e+00 2.861557393592906617e+00
-1.452134084512622714e+00 -3.040088411416305814e+00 -3.861721441937393973e+00
-2.321893587692540617e+00 2.187152629165315609e+00 3.479601694974706394e+00
-1.581260393011479082e-01 4.003621106531703333e+00 -9.907872354001325821e-01
2.143554517432965323e+00 3.864644453124876478e+00 1.610706673160741564e+00
-5.695017437491126655e-01 -3.513394124797744489e+00 3.822855330828957676e+00
1.640471351304436221e+00 -6.831075651635863943e-01 2.429900420159345042e+00
-2.652944312094079660e+00 -1.492409627250477211e+00 -3.455569559467984053e+00
-1.347195262467975718e+00 3.238653259609863166e+00 -2.769898325062435163e+00
7.536585501796100317e-02 -2.028532510820044710e+00 -2.459874237924274620e+00
-3.819284721967155516e+00 -3.136939245718871838e+00 9.072787242401558760e-01
1.438509277397270969e+00 -3.479009038975311441e+00 3.377464117844211078e+00
7.611290573650504321e-01 -1.991743426752316859e+00 -1.603955187062255705e+00
-6.443062900856163511e-01 1.542798211743430681e+00 3.980995203080165190e+00
-4.389080655310027557e-01 3.373111792158258737e+00 -3.375185752181502519e+00
-1.758973063416187088e+00 -2.306041242357188825e-01 -2.452112767894080392e+00
-3.981782742949871778e+00 -2.811545561185128328e+00 3.465257446506388561e+00
-1.807296936992883518e+00 -4.092536682744200682e+00 -2.521228797554576850e+00
-1.916463428767026800e+00 -7.125849610950655277e-01 1.717647445401475403e+00
-3.948471175123269727e+00 -2.641091703942836322e+00 -1.031315008113958598e+00
3.459487947197502855e+00 -2.441236088449525887e+00 -2.451120430577217846e+00
1.532417266855936600e+00 -3.631038787026501513e+00 8.164656801221054083e-01
4.874483947211716850e-01 1.706444091688368303e+00 1.111036839382041563e+00
-2.619815605475285913e+00 1.324175184105448988e+00 -3.421558613729761333e+00
2.508550420400381675e+00 1.474096579930729733e+00 4.086045334088392877e+00
2.672133867743779589e+00 2.092881049145417283e+00 -1.445119809087815232e+00
3.722801091930865169e-01 2.889402492837409575e+00 -3.075624159376614486e+00
5.839696655585344676e-01 2.413300456014838780e+00 2.198146869610754450e+00
1.358327798924706231e+00 2.127729060292620211e+00 -1.494175289976284793e+00
-9.148908863816856973e-01 1.037565128192301511e+00 -3.068655707569432955e+00
1.767735998663161778e+00 -2.048609164688075079e+00 -3.736634883539711627e+00
2.256060495016088296e+00 -3.416532105198981206e+00 1.962132080298804926e+00
2.452740665878167192e+00 -2.481026622720057695e+00 -1.709801609264335331e+00
1.491501969989982079e+00 -9.560250827602013723e-01 1.313712808749079475e+00
-8.131625958800069442e-01 -1.022799444862241502e+00 -1.317758396830321033e+00
-2.883551287111595141e+00 4.043351647189600051e+00 -4.077018191157554483e+00
1.298989590003459593e+00 -2.853055073469300318e+00 1.548242266903157471e+00
3.501091161505232030e-01 -4.077957486820540822e+00 3.648744454443713092e+00
3.898433574540868918e+00 4.105483778509996462e+00 -3.296491897770660096e+00
-5.817028002868442904e-01 -1.210758097636748021e+00 -6.019281061871004090e-02
6.151924539450366325e-01 -2.258108687838765505e+00 2.400798158475120569e+00
-3.831779052003237762e+00 -3.937034566798376378e+00 3.839068125573224854e+00
2.283110978522850054e+00 -2.417674920708913433e+00 -7.112102775001237775e-01
1.060423707126511017e+00 -3.601520353598318458e+00 -3.504805661534722838e-01
3.262216997205928060e+00 -9.007608273142349020e-01 -6.971807870614595837e-01
-1.663188850207313774e+00 -8.801286957890415152e-01 3.368858810286526673e+00
7.627129072515657082e-01 4.670443526614410090e-01 -2.877119924724371280e+00
-3.162643442179490894e+00 2.257132512885694497e-01 -2.089370531261226294e+00
-1.919959711475035524e+00 2.160998916788770818e-01 5.896925793015044270e-01
-3.137528215974080936e+00 -3.707234226792327503e-01 2.356734994891583335e-01
1.755014445013362456e+00 1.366215057577186975e+00 -3.041763748555399882e+00
-1.821580713577737765e+00 1.051952926978653308e-01 3.519789265434677628e+00
6.644454208307202236e-01 6.095691596708702198e-01 -4.037780774607250045e+00
2.501513658490496783e-01 3.405569955277627070e+00 -1.839606997866758686e-01
-3.453800911140679553e+00 -2.215749117178709593e+00 1.195641612677058374e+00
3.629458710307935099e-01 2.629162962337027842e+00 -2.078857090769790528e+00
2.261692666836152832e-01 1.559908451264998108e+00 -1.431809713446282162e+00
4.521340159965772099e-01 4.085398056096105179e+00 -3.134428005380004212e+00
2.150499217185835477e+00 1.161305542451947836e+00 1.822294809217271050e+00
-1.542755562527871604e-01 -2.929511260598644196e+00 3.018163649674338256e+00
2.931420162625294257e+00 6.497316676147191217e-01 1.357165476386398728e+00
2.888760535370315186e+00 2.691856889610124259e+00 2.345931208842234827e+00
3.743782483390303284e+00 2.361806014431857115e+00 -1.209838649298650010e-01
-2.059791662432920667e+00 -4.021902799887924651e+00 -1.055203170092141179e-01
3.788498310949617309e+00 -1.775756680545943211e-01 -2.716199264511800493e+00
-3.161895100087614985e+00 -3.872917869501065535e+00 1.022197028580559719e+00
3.076831047817016884e+00 -2.933377342383602038e+00 -8.298958392009518903e-01
-1.716109418010833165e+00 -1.705061570751879918e+00 8.585398244935878997e-01
-3.608512206661018684e+00 -3.725684844264755657e+00 -1.236369168753890246e+00
-4.430095779857464722e-01 -2.676142782848295987e+00 -2.989859002216519013e+00
-3.715231759890826879e+00 3.636785934299287426e+00 3.348042911592087334e-01
-1.940392106682649054e+00 -4.093670964326972417e+00 2.424826342127641254e+00
5.409991101243507433e-02 -2.799913180582920713e+00 1.719619439090940727e+00
2.548608700749206868e+00 -1.053467995522562983e+00 1.625281705495613238e+00
-6.073413121680502069e-01 3.825133035292082706e+00 3.392621963298782184e+00
-3.978482198881304388e+00 -2.956968836773921527e+00 1.805111693258133476e+00
8.420996324340079831e-01 2.487562088051303633e+00 3.978021847220476470e+00
-2.443112792567327496e+00 -2.101788921416428035e+00 3.766493966204618626e+00
2.855945298728830295e+00 -2.889747897115152453e-01 3.974968136592586632e+00
-3.262496034980365778e+00 3.075216126577909215e+00 -3.991854587645217389e+00
3.785399453162741512e+00 3.082936510425285936e-01 2.443047112675719390e+00
2.611673364342829817e+00 3.089468704647894803e+00 4.042844346512787013e+00
3.814629901541874979e-01 -2.427542570341457484e+00 -5.138420112223380798e-01
-4.039922220372326400e+00 3.934760686982534672e+00 -6.065014521902264422e-01
-1.534613281588073308e+00 -1.536090438869923691e+00 -7.782157493187635833e-01
-1.405143085630662370e+00 -2.415332756963778138e+00 3.560230874428960135e+00
2.950277534155195891e+00 -1.167630813787611688e+00 -3.569386707507145040e+00
7.985274247170692785e-01 3.666936719682754919e+00 -2.289985209470364325e+00
1.119725199078382527e+00 1.004731918426125858e+00 -2.626378769027402638e-01
-2.549143603172579819e+00 -2.411734763925387437e+00 2.830624302769140677e+00
3.603778889239816596e+00 1.304218522569665861e+00 -1.806601433007403723e-01
2.686208473628438065e-01 -3.087292357100213991e+00 -2.425420659705955995e+00
1.837023825194510573e+00 3.810156221856387138e+00 -4.692335432027374131e-01
-1.272740440206923396e-01 -4.655080432853531680e-01 3.215595801817581201e-01
-3.653300093250464897e+00 2.156199876454231390e+00 -8.428208275544059047e-01
-1.405768107353295937e+00 1.034344884723813252e+00 -1.205627370357407635e+00
-1.553615551804726547e+00 -1.236716052402713872e+00 -1.936650012039376145e+00
1.601047571235333589e+00 -2.194457942163899666e+00 -2.079589422884856376e+00
2.176548472323925898e-01 -1.119713256627605791e+00 3.910360398824608730e+00
3.810411898298685429e+00 5.077878593218182468e-01 3.540670718166845976e+00
1.365762772072646403e+00 4.797477237401075456e-01 3.502729926903868751e+00
2.643958096137072999e+00 3.470661688494801389e+00 2.853064640967604149e+00
1.781966974752497546e+00 -1.742184284489349144e+00 2.493364064224838472e+00
-9.072576013724300559e-01 4.612199267843174466e-01 8.064873861049859372e-01
-6.298654995553235603e-01 1.453180235545194376e+00 5.892503735303222107e-02
3.784295654551070864e+00 8.320461878620151186e-01 8.548197475249436073e-01
3.133063581451063229e+00 -2.698407418421854054e+00 -3.949322877559219069e+00
2.817727411129426596e+00 2.677270484519127081e+00 -4.973378977383365318e-01
8.391524082416491614e-01 4.689270317464824256e-01 -1.133778572298495657e+00
-2.644213779014000121e+00 2.437005909473415777e+00 -1.168151913304227074e+00
-2.880460848350583802e+00 1.095809882830817816e+00 -2.485758374981317687e+00
2.029113058125234570e+00 1.722891378282513930e+00 -2.174905978974691401e+00
-2.304648959124058205e+00 -2.047748451482983789e+00 -1.093677000885521444e+00
-2.499908267837572140e+00 -3.686495159974799929e+00 -9.936120785386735044e-01
-3.964455480772996143e+00 2.506397398235135299e+00 2.354815905954022348e+00
9.696290313596960253e-01 -1.603053585374529577e+00 4.960980402075552687e-01
3.877870869038890778e+00 2.126770523115575795e+00 -2.926612587826157075e+00
1.259476050632067246e+00 -1.763192216802611290e+00 3.544948160900275091e+00
-7.578929988628881897e-01 2.589447713715718358e+00 -2.091963536098242482e+00
1.233694349579999017e+00 3.213982232441014553e+00 -1.501086263982236213e+00
1.617106333514766847e+00 -1.682903919089066003e+00 -1.176985428180116866e+00
2.900472892427993887e+00 3.183896710513408390e+00 1.449209585446770365e+00
-3.321925043319062798e+00 -3.240208945180262479e+00 -2.567704803669982994e+00
1.933845242915229301e+00 1.986427420869393501e+00 2.366561075293729388e+00
-6.527815480664371783e-01 1.606118271247749085e+00 -1.096320248502361094e+00
3.667362779113512161e+00 -1.081839989505872790e+00 2.428813666678875105e+00
7.795588629925433999e-01 3.750979745832982104e+00 -8.752553445341485494e-01
-2.422960225380398902e-01 -1.766478736429003993e+00 -9.244085912982279440e-01
-2.378050384095121483e+00 -3.429836414678653078e+00 -3.114836260310244853e+00
-3.233712999922066622e+00 -1.006496701740843713e+00 2.339105288848835507e+00
1.547174904478807678e+00 1.802042051674516698e-01 -5.503323151954941927e-01
-2.645830955029965015e+00 -1.627981656442861524e+00 9.974443470674024814e-01
-7.170632285112025217e-01 -3.290666790680466747e+00 -1.134214408269051289e+00
2.814215825416662486e+00 6.679040370585288544e-01 -1.776897170982700835e+00
-1.289394522536487342e+00 -3.949770613438539968e+00 4.883977137834539795e-01
3.720369986896653991e+00 2.306664184418013797e+00 -3.825695162640693425e+00
-3.909284132691232538e-01 3.108934632374806384e+00 2.678114149913604525e+00
4.008573498269853097e+00 -1.496464896877123918e+00 -1.014318376405946909e+00
4.950575030141569910e-02 9.503302320435668138e-01 -4.676641332199271694e-01
-9.123036695300407173e-01 -9.579574598880977176e-02 -1.452250889426337732e+00
-4.051408137800820874e+00 -1.363119702917350740e+00 -2.612370907320669566e+00
-2.501357717288892779e+00 6.874409499264400036e-01 -1.219205013212700361e+00
3.503940149974081653e+00 -1.111479125802688150e+00 1.213565231049415161e+00
-1.456715690411245934e+00 -4.005532491960543950e+00 1.474399096914411178e+00
9.445638008858485701e-01 -1.369891783301877330e+00 2.179179647742129688e+00
2.706096280498039075e+00 -1.698402334724159690e+00 -2.829573115890000046e-01
-2.488185805606635270e+00 -1.661705598091614444e+00 -2.279883079931614542e+00
2.790736331100001633e-01 -1.063045964184485270e-01 -5.324138846206092346e-01
2.145564701247900885e+00 1.907472297526443095e+00 1.084004283919240086e+00
-3.387820143747722224e+00 -1.074872829503686233e+00 -4.082407175857053261e+00
1.906560338278456612e+00 -2.031687840340560491e+00 3.429326130754475899e-01
-3.101585038625793156e-01 -4.047863434240432490e+00 1.226257916099809664e-01
3.109533340137267746e-02 -1.810889443109562347e+00 6.626991412701800366e-01
2.619947301096150927e+00 6.037517934490156390e-01 -3.651477784761162582e+00
3.157467611675007113e+00 2.921963100864130247e+00 -1.909546112197797463e+00
5.983271022447567145e-01 -6.093657314298378536e-01 1.655931772640264699e+00
5.512377539416224437e-01 1.938010995845059314e+00 -5.806573847121910825e-01
-7.061924981894694975e-01 4.089089136073145170e+00 2.106619433731403923e+00
-8.206073793664234728e-01 2.318496321744284661e+00 -3.140214954479797704e+00
-2.786164132593587084e-01 3.972924817714052370e+00 -2.404252218572816346e+00
2.082468464713590262e+00 -2.996022850472091381e+00 -3.096263200905736923e+00
-1.620602790688948414e+00 -7.487891919070638336e-01 -3.568942144228645308e+00
4.013996554349835044e+00 3.480774675375284843e+00 -1.982436881883811175e+00
3.837487066514084777e+00 -2.392431494879916798e+00 2.559656702791304195e+00
6.814103462652404408e-01 -2.018245781003634942e+00 1.394259916995913118e+00
3.678694111823705981e+00 -1.653055112636349744e+00 1.289527792421212293e-01
2.445743200750537305e+00 -2.383150319061665634e+00 2.141879530904315931e+00
1.344612176271621218e+00 2.840134357003323284e+00 -2.468360165008010032e+00
-1.708055211110951932e+00 -1.674473010704914611e+00 -3.218091031635810229e+00
1.068811019581890898e-01 -2.920157870009155943e+00 5.438150425623240469e-01
-2.769913657893911640e+00 2.222965156241705209e+00 -2.398672998158826619e+00
3.096447169460681437e+00 -2.402394725799087638e+00 3.210695834604383236e+00
-1.392344449869125506e-02 -3.913023005841979263e+00 2.694784781048846334e+00
2.279631335395275737e+00 -3.590189226675345235e+00 -1.084868218828961561e+00
1.482863106581913115e+00 -4.026787820077816882e+00 -1.545034851914993901e+00
2.995342677432272449e+00 -3.385243563985839810e+00 -1.835049376313707015e+00
-1.063287738117891790e-01 -3.188979580275172143e+00 -3.771497924695669246e-01
-3.485928173894257132e+00 -3.454589423380098889e+00 -3.513756604794307847e+00
3.214092696560026940e+00 1.245908144733414602e+00 2.111262023357650008e+00
-2.981172354360706045e+00 3.488849509127365689e+00 2.038641808064253880e+00
3.973878453396575972e-01 -3.814679567509055680e+00 -1.655424485461952866e+00
2.872678975286967251e+00 1.372924502317145246e+00 5.401983759436622679e-01
3.222040894354134100e+00 -2.964782529905511943e+00 2.029942809892055333e+00
-1.270663924872732775e-01 5.337806957666495489e-01 -1.534019322919025985e+00
1.314551837985376226e+00 -3.804746366725973328e+00 2.133451088420693864e+00
1.632458208533948296e+00 3.672506559873562892e+00 -3.124092734968446639e+00
-3.561253798706647267e+00 1.577016764588107689e+00 6.539596872571537545e-02
2.244120914329586380e+00 3.324449626828412718e+00 -1.654798376072585064e+00
7.628902367281505947e-01 -3.213144873390505030e+00 2.709938875176273410e+00
3.935796463604608775e+00 -2.569442372740810221e+00 -5.396442958741147489e-02
1.381535936259473463e+00 -8.883788119273343664e-01 -2.086042721248772214e+00
-1.454003850514876017e+00 1.078925292019746296e+00 3.636933770592750470e+00
-1.379763675748016283e+00 3.458197275168131579e+00 -9.063842789597744698e-01
-3.988696694515092123e+00 -1.549054128431182065e+00 1.793885662805073000e+00
9.572319462236298371e-01 -1.827340037829501718e+00 -2.801460429165518295e+00
-2.322522915142050337e+00 3.217229070652059875e+00 3.768709577867735749e+00
-1.694842707089482703e+00 -2.203033516033474637e+00 4.940446975680538866e-02
1.961294362137048886e+00 -2.585143074822439102e-01 3.282186431682067695e+00
-1.076704035675189797e+00 -9.058992723081291665e-01 -2.675609043132924025e+00
-2.503988171568100274e+00 3.371797748872673584e+00 -2.599059574837086384e+00
3.754124287731188669e+00 4.756178426904349443e-01 -3.505625644465656165e+00
-3.520240203780706345e+00 3.280377968348427320e+00 -2.993171393506658617e+00
-1.600615734970221915e+00 -2.199886977746258854e+00 2.603668682028823067e+00
-2.651037707210640360e+00 -2.606995672272723219e+00 1.631382364963568588e+00
-1.040548114873716790e+00 -4.040378811667451053e+00 -3.146024808295287301e+00
2.588196837323742283e+00 3.873128409067753353e+00 -3.439260999390781226e+00
-9.490810818027135554e-01 -2.111273225827768663e+00 -1.944274664044202572e+00
2.612270780845580842e-01 -2.737969765046477932e-01 -3.697993690665596134e+00
1.541402730690415446e+00 -1.202545058782035436e+00 -3.332302241573845691e+00
2.816087498779849874e+00 -2.047447425122462139e+00 -3.197024008183495081e+00
-4.030962936920978179e-01 4.239438018386238460e-01 3.917319293845785477e+00
-2.513805468654200403e+00 -1.435769980940304169e+00 3.262557517695814646e-02
-3.986632351706664412e+00 2.299493463007321381e+00 3.560460453573794481e+00
-3.498562160251188047e+00 2.220176876011598299e+00 1.469968245271730867e+00
8.377888275777122251e-01 -2.850096214474887368e+00 -3.220029714521794872e+00
-2.627349939445658311e+00 2.146500492102578483e-01 -3.561744452218599921e+00
-2.436497834584661071e+00 -2.508733894559281197e+00 -3.517529718222726309e+00
6.765891986866064967e-01 2.016971182359651227e+00 -3.373611204825168297e+00
-2.126261186860005648e+00 -2.575201701997894332e+00 -1.975753064147164562e+00
-1.181481842464378929e+00 6.293544263623945811e-01 2.789467538158576065e+00
3.687165345177241260e-01 3.169259516306090152e+00 3.372166266955053171e+00
2.610200760594570735e+00 -1.515208649505170646e+00 -1.383729285506457130e+00
-1.872920478727741367e+00 -3.970231959803541155e+00 -3.965568848772862864e+00
2.051904622095498620e+00 -3.273975511174184727e-01 1.214408805674793979e-01
6.139066047844748963e-01 -3.792578029565274900e+00 5.153180099873467812e-01
2.563975495205338628e+00 2.201803212950778743e+00 3.431656166594800883e+00
2.391505680520672694e+00 -1.090338601551440467e-01 2.130619555599287729e+00
3.450432294746039741e+00 -2.181343102546719148e+00 -1.413652107432558758e+00
-8.874798876249383461e-01 1.476722078697129570e+00 1.322140016993149425e+00
5.941864279732513854e-01 3.390209259359489469e+00 -3.901713900621049280e+00
-7.194103309924020362e-01 -3.456685005350792483e-01 -3.426535083766580669e+00
-6.012475537519336166e-01 7.794014848667092377e-01 2.029311626190729800e+00
-8.077072901208126599e-01 -1.774480344378493113e+00 -2.928579652088551200e+00
1.397420503986599449e+00 -2.977306675202636033e+00 -4.030242013375051613e+00
-1.496927363527084109e+00 2.618525502930126425e+00 -4.033807060025677238e+00
-3.179668631291240333e-01 -5.624325871361051110e-01 1.323666038836311509e+00
-3.855775743951696199e+00 -4.084118385893023451e+00 1.771203621704497078e+00
-8.287341998978575708e-01 -2.887155369679991423e+00 2.119660816129557368e+00
2.561260937921483016e+00 2.183721674826612169e+00 -2.977489622417505810e+00
-2.075060811204303857e+00 3.500313967899443934e+00 -3.486764045308369031e+00
3.152934692481967449e+00 3.978019060476854829e+00 -2.451108326656651570e+00
-3.174282018441660913e+00 -1.681668568205422210e+00 3.188739594055927995e+00
3.563715687742596838e-01 -3.047144019448761565e+00 3.884075443048775611e+00
-3.430267215123991242e+00 -2.260768517129050803e+00 2.401235310408178947e+00
8.560985288214750799e-01 -4.779181807932790238e-01 -2.851759414788345381e+00
-1.637213162567527469e+00 -1.084506685586748231e+00 5.757999654710152515e-02
-3.549983275883247469e+00 1.759925073190403477e+00 -3.845661669274321515e+00
1.413213508020662479e+00 3.592798844112086165e+00 4.282546058008225853e-01
1.214052010719389951e+00 -5.382478161518661208e-01 -4.024953439095005692e+00
-1.970668355965465857e+00 1.871337087086588413e+00 -6.281463330033542070e-01
-3.412747585668457262e+00 -2.317866438979825805e+00 -3.956586787917197867e+00
1.164155190932340433e+00 2.090709108115115011e+00 2.160948375617136041e-01
3.675263578957849830e+00 -2.001197251146027423e+00 3.973425834205491558e+00
2.249654264019703032e+00 -4.056177364814380404e+00 -2.363520127628970346e+00
2.383628854897463789e+00 -2.776955184610320870e+00 9.956723333558340494e-01
8.850678929362174596e-01 4.000502796833842467e+00 2.859029490975335985e+00
-3.677924774655703555e+00 3.905627805536956654e+00 2.795686118705231316e+00
-1.164527284088678449e+00 2.472903426163739926e+00 -1.246649680665968818e+00
-2.642380611021985626e+00 7.833381089814562825e-01 1.235625603368817771e+00
3.680861205037430306e+00 3.687324052223606596e+00 3.309770110015756828e+00
3.566335837855540536e+00 1.768266453536111005e+00 -1.128804898901312193e+00
2.573559365296264057e-01 3.083149955584279511e-01 1.606230671290667322e+00
-3.414911565204658661e+00 5.602165443423413604e-01 1.895576335069518503e+00
3.858592847918794977e+00 1.095316017538676689e+00 -1.846250918500506266e+00
3.426101914724911879e+00 1.923440072586365623e+00 2.831703475584575358e+00
2.071292160856474940e+00 -2.629582322962637164e+00 3.609267011345019149e+00
3.082157932363168484e+00 -2.988383120772422519e+00 2.419091833762470334e-01
2.245357223369438326e+00 -3.929485942633491047e-01 -3.297637005645960961e+00
-1.393482049907496467e+00 4.623717180342619693e-01 -3.695790245890535619e+00
-3.406453905921700276e+00 -2.161891731305801923e+00 -1.954751303046856070e-03
2.939047840087620767e+00 2.415703524237226230e+00 7.669922064772307646e-01
-2.960670675984361511e-01 3.306606162252353265e+00 -1.613321251067609596e+00
1.780107228472087799e+00 1.649512109669327709e-01 -2.280862075641095554e+00
-6.938711667383085091e-01 -3.296559558545392843e+00 1.040199311559070416e+00
-3.256867028389572649e+00 3.023075508353597840e+00 3.163057862708240631e+00
3.956879345560107009e-01 1.578441278744795451e+00 3.840079604383917378e+00
-4.103998052854143985e+00 3.766873727237495806e-01 -3.668273700213565275e-02
-2.494467495879111762e+00 -3.491043012863648709e+00 -2.009543830665594832e+00
-3.714427799081430059e+00 3.243008780847173700e+00 1.395040535104407065e+00
-1.308767202884279834e+00 3.261717306105719860e+00 2.057569655570662626e+00
3.953073077627804022e+00 -6.191564781204410561e-01 -8.035109225181663595e-02
3.653079312455221661e+00 3.342367742387050811e+00 2.172521432113104112e+00
1.769417754415810951e+00 -3.145181624991450153e+00 -2.062105741734514108e+00
-3.635219584664697301e-01 -7.589519447640336036e-01 -2.062185847771886849e+00
-1.137633207784457978e+00 3.733835417573468707e+00 -1.842447235440370479e+00
3.846580338389338216e+00 1.482853147479344103e-01 -1.087478430959606612e+00
-7.050479482490118466e-01 -2.128885195498968042e+00 -3.969181080463766609e+00
2.063618666304944060e+00 -3.367626444861102630e+00 -1.102995972903985517e-02
-2.723125802569884790e+00 -6.446014125666396088e-01 -2.212907961203224971e+00
-4.021389385325378818e+00 1.354529311493782640e+00 3.176064889218414677e+00
1.156150633367214908e+00 1.500266091054868189e+00 2.100800227382109142e+00
1.807725585115139921e+00 2.916477517893715454e+00 2.083175245614176330e+00
3.108639376225203588e+00 -3.333148744302488531e+00 -3.051229665879513497e+00
1.297989964515485095e+00 -2.646948286944380335e+00 -6.333084960833871291e-01
1.407907083970227458e+00 2.954849803313566170e-01 5.776880733185100203e-01
1.465364622145949092e+00 -3.950780064361584021e+00 -3.886929351017630374e+00
-4.126230806737454793e-01 -2.018097850140168958e+00 2.628168790766197471e+00
2.337385107482690572e+00 -3.352776875310382820e+00 -3.999833964732022906e+00
1.950810569436749908e+00 1.837005482053139627e+00 -6.320235549853036039e-01
2.259150681132255034e+00 -1.608572718498181842e-01 1.161789243959214346e+00
3.208196454362389094e+00 -1.850017738412558010e+00 2.047281315564054793e+00
-1.209652329889605582e+00 -3.316440203576981549e+00 2.956363012317159367e+00
-3.833713324678464041e+00 -2.510203100116200847e+00 -2.044562010944880104e+00
-2.143664561729675899e+00 1.105844165129172829e+00 2.729608268040641050e+00
1.592726280928667082e+00 3.241882585283348384e+00 3.990361007081075329e+00
-2.713404306222352069e+00 3.572462088645539158e+00 5.240152039068595169e-01
3.222916195064673417e+00 1.546173726921054037e+00 -3.409321999397971759e+00
-2.103476551117230198e+00 6.695017360567204756e-01 -2.145199786263101149e+00
-1.029805255773390993e+00 6.470990757078173283e-01 -2.171736535623279174e+00
3.664405859794879206e+00 2.989547954239954564e+00 6.331531551853741835e-01
4.800439335023463094e-01 -1.187145984720095138e+00 -1.993775063146920212e+00
3.608010550539218375e+00 -4.964007280078159834e-01 3.243475080436142743e+00
-3.773371858605608087e-01 2.331732317051247616e+00 -5.106806099143610389e-01
-1.465249512216292960e+00 -1.536175437696262858e+00 4.027525961363251916e+00
-1.906693276368156109e+00 1.595873692916129905e+00 1.800577074610948403e+00
-3.373738111844674759e+00 -3.515882068501297919e+00 -9.041278779553610367e-02
-1.328024658450147610e+00 3.042505560217544147e+00 3.172141850460717727e+00
-1.064586787940877466e+00 -2.373239344948062435e+00 -9.926792628887548542e-01
-6.491024490064416508e-01 3.292401898415378891e+00 1.487580394690669328e-01
9.793638867825421590e-01 1.986330860473697557e+00 2.986805627815627417e+00
3.026576985301884903e+00 7.965695975173652243e-01 -8.632367859242550123e-01
-2.161494355938195611e+00 -3.317352126338447338e+00 3.083504416047267327e+00
3.918957872341244375e+00 2.980668191807219980e+00 -1.064482721711510260e+00
-3.091054274643981081e+00 1.034969573570001300e+00 2.933032620781355071e+00
1.347997752098437640e+00 1.290869884494039388e+00 7.647579558599629790e-01
5.284265697485279745e-01 9.137628664710311099e-01 2.834047092872097551e+00
-8.231744760782392367e-01 -4.248916797835726733e-01 2.825083007096395260e+00
2.635415272930019093e+00 -3.316499715779499979e+00 3.000239206141271708e+00
-7.789149087190236909e-01 5.193380485131681157e-01 -6.844246101006590255e-01
6.249738285521321268e-01 3.458399130287751699e+00 1.139272905380130263e+00
6.880333721973533878e-01 -1.251792784343458420e-01 -1.871580328026684725e+00
-4.107456080047939828e+00 1.315142624032223040e+00 1.713507164149208117e+00
1.978190166774018710e-01 -2.053129571306656853e+00 3.473278289286977571e+00
-1.795150207378229723e+00 1.864846220040912161e+00 3.679365696322920432e-01
-1.577782031321890710e-02 -2.603298765219976385e+00 -1.544332195171248756e+00
-8.187453154605275341e-01 -1.480243225814903640e+00 1.013932276037207147e+00
-3.452688113591013686e+00 -1.309008456584475732e+00 5.684451353720855193e-01
2.743278354400094265e+00 4.036746612034514570e+00 3.717474957252047574e+00
2.626318294702308931e-01 -2.097043808891858596e+00 -3.595427474849389515e+00
2.574230917336501889e+00 -3.936227175276306500e+00 7.206048633027573036e-01
1.843631879951899588e+00 5.771311504483042087e-01 2.616472691929693450e+00
-1.593145458106397516e+00 2.354126369968293275e+00 2.440127487251801508e+00
-2.428859778936526936e+00 -3.784830724728395213e-01 -4.775996354530719912e-01
3.143271997149900354e+00 3.959100197745129890e+00 -1.304936803705934345e+00
2.090113088192719459e+00 9.180089047620484388e-01 6.924628148508886472e-02
2.686480456796841221e+00 1.285847073632605309e+00 2.942619851254978158e+00
1.297575272192728724e+00 5.926375277792980123e-01 1.598304786489079365e+00
1.381511692612524156e+00 2.929678545716404958e+00 2.965179273388233394e+00
-2.926626911662896457e+00 1.100501323082213045e-01 3.686977360729011721e+00
-1.106939186782556206e+00 3.404709297080704467e+00 9.945424130004351104e-01
1.670354922527667263e+00 -1.183194487959877694e+00 -2.851886310621450926e-01
-1.978135629984572263e+00 2.830334804271382954e+00 6.366635579251953558e-01
-1.706783286127419252e+00 2.220726128297779711e-01 -6.073644443293813033e-01
-2.726837753370590534e+00 2.252419548168941521e+00 -3.748686172762427216e+00
-1.999405488285457944e+00 -2.450914372414638720e-01 -1.536779809493626470e+00
-1.804383044731063146e+00 2.697795196363223180e+00 -2.029595196567247850e+00
-2.948500835175135393e+00 -2.773411703083203061e+00 -8.211436807648739844e-01
-1.779137450519627794e+00 1.449639917746280871e+00 -2.690850548768298989e+00
-4.052718239300143743e+00 -3.872796539644648983e-01 8.885850190286336270e-01
1.400711508173532183e+00 2.856782427218989895e+00 -6.080948317822859606e-01
-3.290635217405181834e+00 1.875376602995631192e-01 -6.148884652133281836e-01
-2.907655642221548042e+00 1.317492545219168587e+00 -5.910210961091429960e-01
-1.495117875681404307e+00 -2.974369396311442149e+00 -2.837025026484084389e+00
-2.222928559615849675e+00 1.674211118476985671e+00 -1.695684126278237835e+00
-3.469132016328393409e+00 1.375827039064024371e+00 9.783710869847566105e-01
2.002476328140391892e+00 2.367815109487704017e+00 -3.992136167370127886e+00
-1.544066712516088069e+00 3.994755864804798495e+00 3.309124097071811654e+00
8.478666439491185924e-01 -5.018855911151964833e-01 5.369117078044932656e-01
-1.140621157469921654e+00 -3.944639971106038256e+00 -5.986183835205458603e-01
2.792442101969933255e+00 -8.625659622212535904e-01 2.049455291410401114e-01
-2.684024589226121638e+00 2.084545456789473672e+00 2.721880461507728555e-01
2.153454737205604097e+00 -1.601378308037928910e+00 -2.671075897287732204e+00
-2.210356103662693084e+00 3.221052804248934365e+00 -3.341658014093295548e-01
3.452995910937409096e+00 1.564231658494144028e+00 3.817160798420044632e+00
-1.561387651348356442e+00 -2.195779773703513627e+00 1.672543667380830934e+00
2.831923009159175830e+00 1.954801078351317001e-01 -2.687102399946056597e+00
3.434679974087577470e-03 -1.535511674764359902e-01 2.427963718126835424e+00
-7.359256432462214503e-01 -4.871109634361690532e-01 3.769644380805516004e+00
-2.919135322824326639e+00 2.305641848316397624e+00 2.587648668046203415e+00
-3.258756497371246397e+00 2.865468055702907968e+00 -3.141046171363845452e-01
-3.230602768118079893e-01 2.277081557408937140e+00 3.250039276091497342e+00
1.775296432608359565e+00 1.450482929072750560e+00 3.319656951830134428e+00
-3.608785689337782543e+00 -1.098920318074509406e-01 2.925787131974349364e+00
-1.240371845565968606e-01 -3.370111874712265809e+00 -3.539694474920584977e+00
-2.411997390011753950e+00 -1.080908966010985406e+00 -1.388236899091197740e+00
-1.297503224392470011e+00 1.978921576547101546e+00 3.320531458569928596e+00
-2.231401163722883663e+00 -3.688068238329968551e+00 9.078088660309542313e-01
-2.575667370936120193e+00 -2.628405406212834361e+00 4.406462945998052549e-01
3.620820223641082691e+00 -3.839863958181269687e+00 2.601191973582523520e+00
3.443819904835756507e+00 -3.469316988476548236e+00 3.655663472637574518e+00
-2.763950543781581892e+00 6.773244222325226493e-01 2.000787840759539749e-01
2.838338586469035807e+00 3.081909426460364698e-01 3.075724383294331066e+00
-3.448140047780948070e+00 6.347583077862539724e-01 -3.908890988668131339e+00
1.087291438013115785e+00 -2.794899912866085856e+00 3.800534551974708575e-01
-2.482249467950008004e+00 2.266203865521593475e+00 1.278013752836647976e+00
3.916467526027019641e+00 3.248509568586045226e+00 -4.012431046399132839e+00
-1.138436922564967091e+00 3.602207932799280865e+00 -4.041008292456743867e+00
-4.052949897733485685e+00 -3.113968334263429449e-01 4.095443528258615906e+00
3.386501621621548885e+00 2.782565329933394338e+00 3.368336025848289950e+00
1.286084045232128048e+00 2.383857576291167124e+00 1.212377343740563385e+00
-1.117528578313038867e+00 -2.326163459246984033e-01 2.490204899684773585e-02
2.416408454556331353e+00 -7.485546488626715345e-01 -2.180986262682756749e+00
3.171991497187675701e+00 1.634881882372395401e+00 -2.249136362751174456e+00
3.838827769335736662e+00 -3.818971195377782735e+00 4.192861783945506238e-01
3.060927064845329504e+00 -1.196261294696159716e+00 3.649226029501505764e+00
-1.854326174268775773e+00 -3.095672194440072023e+00 2.026199646898186213e+00
-5.912713132850848652e-01 -2.247232524762362793e+00 5.863222306343104928e-03
-3.317077861389812643e+00 3.915092338724120768e+00 -2.192780230997152469e+00
2.531749194967898298e+00 3.347901052210159545e+00 4.248640483518472122e-01
1.072867779488490880e+00 1.104194773700228893e+00 -1.800416173283423182e+00
-4.017732432081217553e+00 -2.716827500502991821e+00 -3.062430134329832132e+00
-2.389572027046295011e-01 3.978715176312496826e+00 1.025939607840642864e+00
-3.946140012223505522e+00 -4.723511979420443319e-01 1.919522415512772140e+00
-1.023426261081178401e+00 -1.689066740877304962e-01 1.935964746321174212e+00
2.013860750189581328e+00 8.794236396446736270e-01 -1.186499137160913930e+00
-2.343154355517756748e+00 -1.534960817340271566e+00 2.130821681181820360e+00
-3.582881209233052644e+00 2.550139955173250428e+00 5.513338150900555235e-01
-1.714357337125210323e+00 6.194014374822521818e-01 1.813596066543313068e+00
-4.081996514916998997e+00 2.451962180627218935e+00 -2.081791188551192828e+00
2.412106905925340605e+00 3.110168697183326447e+00 -2.608648428451593837e+00
-3.079947377191622149e+00 -3.145861030197762531e+00 3.553533826609411861e+00
-2.908750093250362934e-01 3.193113553074820921e+00 1.720951147936977454e+00
-1.153136336260580930e-02 8.315286261664696088e-01 6.373924144852134432e-01
-1.387773750304904241e-01 -1.427332886831496062e+00 1.707433871492294530e+00
5.509668748627042367e-01 -1.131876039615882013e+00 -3.479381946930852343e-01
3.517394364380182381e+00 2.192785854040938176e+00 1.629801573238584211e+00
9.579025507261131889e-01 6.668495397033352701e-02 2.433545531756809321e+00
3.219747341211457226e+00 -2.397889492281901624e-01 7.940986247413032162e-01
3.881289920431513885e+00 1.822927951378928269e+00 7.158567433782569989e-01
-1.950284618587593943e+00 -2.984243006096125583e+00 -5.774674538011211888e-01
-1.334612770092103551e+00 -4.160198204784624210e-01 9.912567631595354811e-01
3.123273465464318388e+00 4.009538013807040890e+00 -1.550746297793428319e-01
-2.741536365009304976e+00 1.527973764915925847e-01 2.607250164262283842e+00
-2.192910162364101190e+00 3.135901857299173923e+00 2.645494017190691771e+00
-1.612741024528676625e+00 -3.732661511286398781e+00 -1.506703518902613670e+00
1.435604283763259215e+00 1.576131843891506623e+00 -3.984535296277153638e+00
-1.537945651368100686e+00 1.729881927692675347e+00 -3.627489998589487286e+00
-1.659229439228770309e+00 9.534389813792585322e-01 -1.267868046183469322e-02
-3.332783503120982260e+00 -1.739865404863678355e+00 -1.610534407315396432e+00
-8.360935057974457907e-01 -3.215762716216442385e+00 -2.155598726337550008e+00
-1.645172839132133413e+00 -2.952696354641326515e+00 9.035949216845803322e-01
-3.047850550945436776e+00 -2.310695953095748045e+00 -2.789734105048045087e+00
5.034030347642730607e-01 -1.414427503813407427e-01 3.477303317870803934e+00
1.968632816295910803e+00 4.063435670779945497e+00 2.946744595191659322e+00
-2.667486822008603653e+00 -7.081818954519685239e-01 3.170807450599851141e+00
3.186469359417576364e+00 -1.123873157471277473e+00 -2.637913679066677730e+00
-2.729441313165586358e+00 -3.683891466384590530e+00 1.998039299017553505e+00
-3.342646581960976082e+00 -1.262425912435559461e+00 -5.568536692860286408e-01
-2.255576001880593928e+00 3.408171314486587278e+00 1.437956873623113419e+00
-1.445004436858836894e-01 2.637103318829375986e+00 -3.978735260279422814e+00
3.279241649630643352e+00 -2.023382301628841584e-01 1.744625978519598553e+00
-1.287903896875348009e+00 2.430945785074758447e+00 1.205750547279013318e+00
2.086488702646481563e+00 -9.672255144328687493e-01 4.018371519176573869e+00
2.113809303903687820e+00 2.476809554066440988e+00 1.751317063237901595e-01
-6.555866740316516894e-02 -1.147646152387846730e+00 -3.121987465600684075e+00
-3.736008334783752716e+00 1.190789871722274462e+00 -3.014712318876753283e+00
2.765504637462695481e+00 -1.768991459886023687e+00 7.982663608152893442e-01
-3.089105258333895154e+00 3.726751835766557441e+00 -7.221425379533434885e-01
3.426155508215063428e+00 3.031820594860255014e+00 -3.120436089058287621e+00
1.559861471875149563e+00 3.323367526095208913e-01 -3.467617326667905786e+00
-1.343157152447741254e+00 2.690735336439127767e+00 -1.412594148573725616e-01
1.619289006745829873e+00 -2.798970222390303242e+00 2.575317757666835572e+00
2.059054103312407402e-01 2.570580858520360668e+00 3.354332753918531917e-01
3.644611609302539912e-01 -3.941390652619362278e+00 1.722696021483897111e+00
-3.716737783092640690e+00 -7.183742152080947463e-01 -1.729848733527542315e+00
-3.293905803530329912e+00 3.041588082502280077e+00 -1.577076558857017252e+00
8.749345958057181960e-01 1.807128439608194803e+00 -2.418618787733413100e+00
-1.060861553299760063e+00 -1.209121130181550319e+00 2.009876661599333758e+00
3.531755652670930612e+00 -2.393264470622511020e+00 1.122365900541967942e+00
2.256097651150845262e+00 -1.651358288351153281e+00 3.386910795738229840e+00
-3.658688661197626035e-02 1.214442343339028563e+00 -2.406481443067537640e+00
2.656876552199957775e+00 -9.221390893668972577e-01 2.639927109371764224e+00
-2.752975832727691863e+00 -1.244756265790998295e-01 1.548428706442774638e+00
-3.535179291633839149e+00 4.291753244776209675e-01 7.212130666723424177e-01
-2.925118562413876688e+00 1.480118858267613025e+00 1.990093571696731400e+00
-3.478677594428835729e+00 1.697489572695668691e+00 -1.828199085088340947e+00
-9.887428812810621359e-01 1.673344699388176871e+00 -2.078640321922579304e+00
-2.266929662161910386e+00 -6.784575282998721590e-01 7.569227712322103008e-01
-1.183885877481941851e+00 -3.065292831183845657e+00 -4.536059939632622329e-02
3.945937945351774001e+00 -3.639983303820797378e+00 -2.085720701279400124e+00
5.388420909038004608e-02 1.074747178108413692e+00 -3.438820127631988743e+00
-2.524765435035781103e+00 1.020164504901726499e+00 3.758118053324666530e+00
-3.836862712451294843e+00 1.039311571238006771e+00 -9.602633901461529176e-01
-2.507419027772653797e-01 7.070197144846038229e-02 -2.473385340358642104e+00
3.402029499395252010e+00 -5.417866371219582922e-01 -1.794409615594563912e+00
