8.220706914434900980e+00   8.220706914434900980e+00   8.220706914434900980e+00
500
3.362385958955682153e+00 1.695874768998404392e+00 -9.535053260748296289e-01
-2.174466195724499062e+00 1.909522894504174895e+00 3.131281299561982645e-01
-1.808962937104453994e+00 -2.432154021714004077e+00 1.870045418960639916e+00
-3.097704794056361788e-01 -8.441411256362761906e-01 2.188864275815297855e+00
-2.014908865554718709e+00 -3.277314031585387699e+00 -3.076748530842557727e+00
3.857151603444280763e+00 -2.116706128515604135e+00 -1.077621085471023310e+00
4.002358540647733776e+00 3.639788415114086906e+00 -1.410586520974624669e+00
5.572285285042130054e-01 -3.286815071243211595e+00 -4.067745143448359357e+00
3.394912843687616366e+00 2.559184052656978903e+00 4.050313833668244712e+00
3.699018327612327184e+00 2.082908056297394950e+00 3.742731876789226586e+00
-4.067083486801185699e-01 2.253953501977894902e+00 -1.185260076636297066e+00
2.192201463295811781e+00 2.386461280368903815e+00 2.702723088805217166e+00
-3.613123593012376733e-01 -1.881289712474333742e+00 -4.167589338653174824e-01
1.552087830600654472e+00 2.458034883601770471e+00 6.292048116697387394e-01
-3.340414156014150038e+00 1.832193967150171243e+00 -3.910395970086446127e+00
-1.039535482810618028e+00 -3.673448195356939561e+00 -4.067692563302580111e-01
4.985906260119959410e-01 1.796391802049774444e+00 1.524430682367637457e+00
-3.944640480617615186e+00 -2.462119792031348009e+00 2.093229180481904095e+00
3.242988873804438565e+00 -1.276087243744732813e+00 -2.991093445214910496e+00
-2.230564420215987553e+00 -2.880853905744064303e+00 1.785188656578152511e+00
2.330835389054376261e+00 2.911390866847080261e+00 -1.361775846274311697e+00
-3.511507499548676581e+00 -1.588909752072206638e+00 1.243081536249512897e+00
3.885159769798547935e-01 2.203509942021965262e+00 -1.414040523470456279e+00
3.934123672883840239e+00 2.587268530043422388e+00 2.790740733088536096e+00
2.874491731906906100e+00 2.803514868451887132e+00 2.388832035944504106e+00
-1.733646152808665297e+00 -1.859142887771210839e+00 -3.859043999725634499e+00
3.817085990246015914e+00 1.356098596045035798e+00 -2.399432801844270102e+00
2.575984397298654915e+00 9.959561725314211023e-01 3.723378345180354820e+00
-2.143897259245632902e+00 9.233559956837333882e-01 -6.550517039291912091e-01
8.146538756949301963e-01 -2.177001581347855819e+00 -3.296887629427270205e+00
-2.771970971020514707e+00 -1.833785639598529471e+00 -2.139041782093499044e+00
3.658421361337587996e+00 1.861930601081949188e+00 6.846904163232768736e-01
3.217743006172387510e+00 6.018531160704213567e-01 -1.438513386439066899e+00
-1.995093540467873794e+00 2.040298095727753669e+00 -1.849117276021876588e+00
3.275613360482162673e+00 -1.048659682413120686e+00 3.647831446858912141e+00
-3.019914544985425664e+00 -1.094717017639204482e+00 -3.687307209785794182e+00
-3.488384725359161553e-01 9.870931863512859561e-01 3.997775100814339400e+00
-3.282779459332929584e+00 6.346406569128054675e-01 -4.555821875425613010e-01
-3.271680374600054453e+00 -8.478505653040510071e-01 -1.805641326168518912e+00
-1.365083828131623545e+00 6.316550269144410867e-01 -3.021839860494333063e+00
-6.689500556022631717e-01 1.851021082755597513e+00 -3.200280311289608548e+00
-3.282723185328766835e+00 -2.205721427809597124e+00 2.598565987972680347e+00
-3.853466270041522534e+00 -4.063795513642225465e-01 -2.847172138741728364e+00
-3.622706475233472556e+00 -1.181001272203919816e-01 4.593767117663197785e-01
1.952987815123617743e+00 -1.223127827424717484e+00 -4.215626567899403154e-01
2.967846597426888167e+00 3.011672534713298877e+00 -3.460567835010298854e+00
3.089180098009434605e+00 -1.477920374719559060e+00 2.468988835527830439e+00
-2.840590993915122819e+00 -2.318129371540879280e+00 1.795930010603063121e+00
4.093132373666943380e+00 2.666999407893848595e+00 -3.749967043266057232e+00
7.384031417702430211e-01 -1.025811704315190642e+00 -4.110003817468957266e+00
-1.630089756231920095e+00 -1.826592299267605579e+00 2.636538999176012865e+00
-2.745628693827591338e+00 -5.059727966334445215e-01 -5.032770177957354152e-01
2.452663694695822016e+00 2.329291980574205390e+00 -3.393450973510412361e-01
1.892856609459035999e+00 -2.269957641771755075e+00 3.859355464499104826e+00
-2.483260922059943976e+00 -1.329933289749256897e-01 -2.224690730244063275e+00
-1.923778738433459701e+00 -2.606994722330241210e+00 -1.566827203954476833e+00
1.476733890658977533e+00 -7.202661181310379135e-01 3.309148022431122271e+00
-2.964140082392965780e+00 1.494516338069665995e+00 9.718948235781235123e-01
6.172685974202832826e-01 -2.408806943154782193e-02 8.117339131919227846e-01
-1.310727998572324582e+00 3.025757927303502903e+00 -3.549720407546029577e+00
-1.472991659441781787e+00 2.649904466175970530e+00 1.795449874350524944e+00
-8.336807485681920760e-01 -8.521217261810081212e-01 3.653632659297120444e+00
-3.325139222295426245e-01 2.884793535290509858e+00 2.775361288763757983e+00
-2.666970045051952454e+00 -3.941968380916627712e+00 2.620617977626782391e+00
1.370636238894002101e+00 3.543593340300439376e+00 2.832330561151374049e+00
-3.074337443265970915e+00 -1.277441427289376374e-01 -1.535018945351174668e+00
4.793446774507125197e-01 3.594325875780484569e+00 -3.265859298131524646e+00
-3.795307207996240884e+00 -4.059567848138636137e+00 3.031480225173843746e+00
2.358304443258716354e+00 2.710938640845654390e+00 -2.886924193318594956e+00
3.123152108808915806e+00 1.175843502733276980e+00 3.497303679996992098e+00
-5.882796521944605450e-01 -3.800369999218554895e+00 4.802416690310054581e-01
-1.022090487357204536e+00 1.085068434574908425e+00 -7.388752111219362151e-01
6.730924799204472952e-01 -6.139828809605017979e-01 2.048855117162624029e-01
3.123906318696045847e+00 3.695643752539472526e-01 1.713068202871063983e+00
4.851730537750762462e-01 3.856714733107196480e+00 -2.916385246720192281e-01
1.748716287760928800e+00 -2.804527366003480182e+00 2.660926965907099984e+00
-1.538407485672723118e-01 -3.262185703307255991e-01 1.159575862279137448e+00
3.326132333595684720e+00 -2.521762861211547690e+00 -2.268431809976880320e+00
3.818924877626720615e+00 3.621952035815153348e+00 2.754677504494154050e+00
3.418020573810782281e+00 2.704766348105002827e+00 -1.051937267464974957e+00
4.707643757376003268e-01 9.951495980777942396e-01 1.349308985076329570e-01
-6.572049184624785267e-01 3.135477120778004334e+00 -2.014346769310205065e+00
3.133607690833278836e-01 1.234455027606981004e-01 2.938847548995039194e+00
-2.200379042536613206e+00 3.651476873243759247e+00 3.745546425063431162e+00
8.105704884293539747e-01 1.626264741879879905e+00 -3.717287331330274558e+00
1.018593764091857867e+00 -7.581409824824532073e-01 -3.301961759688494702e+00
1.663179109393082111e+00 -1.481612289597323162e+00 -3.471727718415434927e-02
2.940620006328020786e+00 2.650532541153121535e+00 -2.069888339129362098e+00
-1.950080996109853748e+00 -2.332060804521111308e+00 1.028060076462711026e+00
1.398143397810861721e+00 1.449078164072549857e+00 -3.737343536371217301e+00
-3.974120699759575714e+00 8.893470139217337644e-01 -3.068253951189963580e+00
-8.904735947690508580e-01 -1.413408672684481004e+00 8.893318845562614428e-01
1.371227748685242220e+00 -3.402823534398107252e+00 3.849149346498085045e+00
5.625972870343510790e-01 1.680195614125352677e+00 -5.226969066936633102e-01
2.235210047467466876e-01 -1.020199429178209716e+00 1.117404261738673688e+00
-8.100775932446984129e-01 1.848308696169048027e+00 1.015370016061374780e+00
-3.445679930577201677e+00 3.658782711896226392e+00 -1.327250163372447389e+00
1.913445298891304214e+00 4.055221276318429213e-01 -1.322476892576279761e+00
3.429298170684779379e+00 -2.653817299519051431e+00 2.545403488477530729e+00
2.254322659654403260e+00 3.882325682152697244e+00 -1.796835807071984092e+00
-3.914022961060422134e-01 3.960828007375056803e+00 3.611214376499217060e+00
2.195403623128348247e+00 -3.958759033922734094e+00 -6.094869087567544863e-01
-1.642412582673537846e+00 -6.042763792783362176e-01 -1.929626915089488248e+00
-1.118319707676786123e+00 -2.977813636711118761e+00 3.478302479203225772e-01
1.440930801755170521e+00 2.121926884635206179e+00 -6.430864966666210991e-01
9.962283776718638961e-02 -3.630893707890092692e+00 1.875379797808862659e+00
6.013840549050637752e-02 1.451386744671389062e-01 -8.823718144872705338e-01
-3.981850289888369865e+00 -3.864713600769888568e+00 -2.376007497818323433e+00
-2.306293200321393844e+00 1.545746025251619526e+00 -2.706050350898105084e+00
3.178095153420443353e+00 3.807041187317714126e+00 -1.759900725248495723e+00
2.555863825018259150e-01 3.730888309511354084e+00 -1.546274973363388927e+00
2.382567384583354819e+00 -8.253405125813660925e-01 3.904643258997624766e+00
-1.674701197285836107e+00 -1.964640357188389919e+00 -2.075315002116469465e+00
1.938361347296414960e+00 1.084133787480235478e+00 3.412816823246547226e+00
-1.986441181213966622e+00 6.214030182818670589e-01 1.156738620327603329e+00
1.992920265492544640e+00 -2.405456958691356117e+00 -2.953425793735980243e+00
2.913985276005770952e+00 -2.527291633938659743e+00 -5.803314150715589703e-02
2.017165992771606575e+00 2.731762178841781186e-01 1.507667561116078914e-01
-3.367889321317956153e+00 2.488711972332280808e+00 -3.341352306821380402e+00
-2.294835549789603135e+00 -1.224217776319704853e+00 -1.201783786803962695e+00
-3.057734498481411212e+00 -8.027625052187564725e-01 1.815304383775208530e+00
-2.394986077033032679e+00 -2.810105768124150138e+00 -2.480881325620126088e+00
-4.419463483722537722e-01 -1.823595333149792719e+00 1.534234910828399023e+00
-3.086740238089661581e+00 -8.745928720362998732e-01 -2.491698118807057050e+00
3.807848028655610673e+00 -1.327951065120835106e-01 4.025688126878149475e+00
2.056239786764594513e+00 -1.292828155437980575e+00 -1.530137913499951097e+00
-1.774673478603173704e+00 3.916302097374064761e+00 1.988859605253278318e+00
2.796628525296845358e-01 2.464916174135301397e+00 -6.309507740699287215e-01
1.671192603951022537e+00 2.762599722649702105e+00 3.696408099136688996e+00
7.926569836696416571e-01 6.685389179336257426e-01 2.828130697209111588e+00
6.287177594477391662e-02 -1.874613292705966883e+00 2.944337118741148007e+00
2.855044322420977387e+00 -7.949321381114085039e-01 -2.416593441069672110e+00
-7.719351225548215512e-01 2.361798742412073993e-01 -3.646340031302394369e+00
-2.874659668790523703e+00 -9.065755680370137792e-01 3.247933964405180340e+00
-2.408740563393428680e+00 7.011800712837892302e-01 -3.077557307454720892e+00
2.629872333940059814e-01 -4.007819668161959115e+00 8.793583538050845361e-01
5.729726514250761404e-01 2.316443761128324841e+00 -2.821918236321198314e+00
4.494241850038507291e-01 1.116092435122336024e+00 3.404752830237856909e+00
2.109614160677332428e+00 -5.534226335493404036e-01 -2.544238588199037920e+00
1.229350353405954444e+00 7.341360001535868207e-01 3.479656040479747858e+00
-3.584131378484438191e+00 -2.740601784741301117e+00 -4.051643270092005977e+00
2.385644100636215570e-01 -2.320066358183583866e+00 1.509873005511786603e+00
2.645825224445843005e-01 -5.914694999810150566e-01 3.565596055109542917e+00
2.734382837395349153e+00 -1.679955336398808674e+00 -2.094668137241724626e+00
1.734291810045420545e+00 2.702804831808705455e+00 1.731750212437120018e+00
1.095135787260237636e+00 -1.356296975668249971e-01 -1.960736768261934548e+00
-1.146799142025011653e+00 3.349332040888162609e+00 2.480719595205507666e+00
-3.854723234919844366e+00 -3.250428624941855471e+00 -2.201530173679370483e-01
1.827941494483723117e+00 -1.327215360147549483e-01 -3.810139571653179846e+00
-1.945610583342670452e+00 7.503391806100652150e-01 4.056140604465532817e+00
-3.448767613894884843e+00 -1.532645272523550650e+00 2.137554551398743730e+00
2.950638621555286445e+00 -3.972602876149212037e+00 -3.298491851328415603e+00
-3.857768012631278554e-01 2.211545485389301735e+00 5.340469828478651149e-01
2.578536633839479286e+00 3.737667905780855282e+00 -4.046939891855363847e+00
1.563060692835336996e+00 -8.967740896324598587e-01 -4.009605915729449244e+00
1.947825794546725220e+00 -1.199181041305563022e+00 1.641512937791214100e+00
5.314068087089925951e-01 -2.737139592358353468e+00 -6.159302914787194716e-01
4.203650319038443883e-01 -1.697150198657792153e+00 3.628667836009993319e+00
-2.372496533711907496e+00 -5.682577545209670511e-01 -2.904333588369476526e+00
-2.057850421697672516e+00 -3.377165215163469014e+00 3.363779366615498034e+00
3.998596252501907422e+00 1.706904539093482054e+00 1.414688010779703742e+00
-4.911653826286076496e-01 -2.734246568983918380e+00 -5.830040968589010886e-01
-3.808167208581214602e-01 2.959724181172570301e+00 1.059624228669610257e+00
-3.027551717675799559e+00 -2.683542294255878868e+00 3.409299565034209056e+00
2.589033218692763372e-01 -3.059213265242495705e+00 1.281429885543589053e+00
1.384727102766081464e+00 3.263596537679778198e+00 -1.309005419201290765e+00
7.468695876650379706e-01 -2.827591729191506253e+00 1.836535501916296109e+00
4.451897883634816089e-01 2.999421326280572453e-01 3.716785965224639554e+00
2.608055266083872059e+00 -1.967875213809352708e+00 3.945712491049609305e+00
1.610673420727399274e-01 2.578373411789001701e-01 4.161723118786123110e-01
-3.916011345874118810e+00 4.776980804329297725e-01 3.542900206656776074e+00
-1.118279065997135335e-01 2.203508318596567594e+00 -2.464130008839473085e+00
6.492744505113986486e-01 -2.742016691583653909e+00 -2.395089420314803874e+00
5.566975511468188476e-01 3.076277755084900534e+00 -1.297920366823945626e+00
1.232424490444703702e+00 1.346314028925648110e+00 -1.331908342648698618e+00
4.092498381615130576e+00 3.588054238680985275e+00 3.579886332440801677e+00
4.075382944262468388e-01 3.663993118870077836e+00 2.175709873942374806e+00
-3.700731137795680858e+00 -2.008023106746644526e+00 -1.411819479659798038e+00
9.777914683166318843e-01 1.298291536328742168e+00 3.947660677159074094e+00
-1.539445740685310371e+00 -1.461056820249165389e+00 -1.236317506161233037e+00
1.659402089817834991e+00 -3.945380722419363551e+00 -3.428594037123962934e+00
3.014727874941142804e+00 1.668544059059075879e+00 1.221106165112965103e+00
-3.745875240153717645e+00 -4.975720450395427208e-01 -3.755736403446898741e-01
-6.176395892435828650e-01 -2.012740784226720869e+00 2.490867071114587716e+00
-3.942057206991422813e+00 -3.811949269522897144e+00 9.905465439472355138e-01
-2.527768349972400408e+00 2.355138566648884435e+00 -3.010280377795114592e+00
1.196542712508395390e+00 3.154751189871965456e-02 2.192127434068792180e+00
-2.904205422734091435e+00 -3.740754869533676086e+00 9.417792249388211578e-01
-9.793630899405192380e-01 -2.150927924462687546e+00 -3.335314336066368401e+00
2.333168487122387447e+00 2.627157112360976043e+00 1.159975254952150481e+00
1.245403954812128511e+00 -3.697735736460120215e+00 -5.520475471245010757e-02
2.452692283563116860e+00 3.178177211486904241e+00 -2.108759181663008242e+00
-3.735655008634469532e+00 -1.451827490802365395e+00 3.969399664703965880e-01
1.963500784709731883e-01 -3.625745023237317177e+00 3.191136591279589929e+00
-3.465813644332753185e+00 -2.138328435221601431e+00 3.615313352087863308e+00
-3.260490897600038185e+00 2.132840989095671880e+00 -1.204807483781247912e+00
2.034472800779365986e+00 -2.384095550836601074e+00 3.795773979043294277e-01
2.406782547403167882e+00 -2.211327839569877884e+00 2.310320402589837840e+00
1.267675143289159534e+00 -3.461669568726587265e+00 2.954707724643372835e+00
-3.267412522622496596e+00 -2.497034555647220877e+00 1.504429797789390011e-01
1.958440979370547064e-01 -3.236110941402888574e+00 1.801540670984138059e-01
-1.843363494036693195e+00 -1.819569011820139748e+00 1.857963077329626511e+00
4.041167328428623584e+00 -1.731617916171765081e+00 -3.622148449875676857e+00
-3.654415270235053192e+00 -1.478411043206035558e+00 -4.501256546310431483e-01
8.373157499069053822e-01 2.027591973592976160e+00 -2.085555714267518290e+00
3.716738002715602729e+00 3.821235293121875376e+00 -3.180666000591155562e+00
-3.207886484664412841e+00 9.451387490313832851e-01 2.933754344228788558e+00
-3.704880138749399254e+00 -1.084803404884683964e+00 -2.895134176583145091e+00
-1.858348526561314662e+00 -1.732130485908947581e-01 2.840263299595922941e+00
2.779627762688965387e+00 3.231378473875980539e+00 7.676469860959349578e-01
-1.302047828011401620e+00 2.852382741316625392e+00 -2.448323426018137461e+00
3.329097092477598441e+00 6.517220820402291892e-01 2.635855172201079455e+00
-2.116449795280365365e+00 2.016661507471591452e+00 1.221250395858016535e+00
3.558976501996732544e+00 3.815836805813536792e+00 -4.439987344845889305e-01
9.302123044768355609e-01 1.757948459488341664e+00 2.559195334142976841e-01
2.208133890808987143e+00 4.582527577707132815e-01 2.765416872185111785e+00
-2.235711329176440554e+00 -2.335624876807178119e+00 3.292216792869055109e+00
-3.276699900986387526e+00 -3.828146961596526676e+00 -2.984367165918498266e+00
-3.322427266869298346e-01 -2.291999205408879359e+00 3.318256387154352449e-01
-4.719087823539443172e-02 1.167014118237730047e+00 1.202216687462616784e+00
1.892150235414375437e-01 -1.519739423277332024e+00 -3.443529028144836079e+00
2.232499912733094227e+00 -1.457729606558990199e+00 2.678059499780609087e+00
-3.855980197363738871e+00 3.699460161703158612e+00 5.577830114688705487e-01
-1.332005773782956592e-01 3.502715441703972976e-01 -1.107146166558171524e-01
-1.219996931478479540e+00 -1.330389537549637513e+00 -3.781666094788972643e+00
-1.205957394159577145e+00 3.655212137549622931e+00 -1.112086887493735521e+00
-3.227174135436212232e+00 3.428370736983357703e-01 -2.835591193850481861e+00
-3.174951004240367691e+00 -4.101467525887930066e+00 3.682241928098141770e+00
-1.656189731665056231e+00 6.526866725355920384e-02 3.532821239579578609e+00
3.056338147966130681e+00 -4.403670168853202616e-01 -3.825489757851092243e+00
1.080425126253777179e+00 1.252436422213705880e+00 1.008647147035243830e+00
-1.327324217439862508e+00 2.301468867260862972e+00 -3.003914217110635221e+00
-2.773132025580314242e+00 2.757930247806221313e+00 4.060335593612989236e-01
-9.608633769220001897e-01 3.032815645252679548e+00 3.206992825520812662e+00
-1.875677762979011787e+00 1.423838496564710399e+00 -3.547948076445582188e+00
-3.751272506610478619e+00 -3.991873175991123901e+00 9.999081605322447663e-02
-2.035277676088853571e+00 4.070759559638787550e+00 -1.225462173401751786e-01
3.934903417456240504e+00 1.643952858293850294e+00 -3.849413054053348215e+00
-2.816843854740462394e+00 -2.811846457392363607e+00 2.804306367380689835e+00
-2.335201826520617807e+00 -2.734941730138873872e+00 -3.690792580035324177e-01
2.773160731169860282e-01 -3.783896931228651006e+00 3.823106626907457173e+00
5.453733991270623971e-01 -2.596249053664137385e+00 4.073797706680292841e+00
-2.034963465759350498e+00 -3.538974237905577469e-02 -3.275369247558809871e+00
3.854083339657664586e-01 -1.682216554591223545e+00 3.814743361879103789e-01
-2.879464676050218497e+00 -2.629284042528128751e+00 -1.750270935912595638e+00
2.449201153768704842e+00 2.043005025037870848e+00 -1.195771082975734645e+00
-1.432925837069426001e+00 -2.234726199047360584e+00 -1.208409056347566013e+00
3.669552730615345482e+00 3.171720316707502985e+00 1.925977051459831557e+00
1.591940655623395928e+00 -3.210372420111738290e+00 1.501383561667794520e-01
-4.017237066932630718e+00 -3.210383971288147453e+00 1.598358821467833923e+00
3.665039679642615678e+00 4.047401957181624432e+00 1.564079742860448929e+00
-3.381725829857270771e+00 -1.753582664516655232e+00 -3.920052668216902791e+00
-9.646519626350602561e-01 -1.394154389406275785e+00 -1.298342823776186261e-01
2.026569560017138727e+00 1.965717993880589098e+00 2.152448354670988273e+00
9.164950287176620858e-01 -1.839598952910948437e+00 2.889718052090951783e+00
5.328392726894286557e-01 6.518101678526806442e-01 1.017656135917788029e+00
3.569229598245545088e+00 -1.927558266250877783e-01 2.665528059428157626e+00
2.213024230757890898e+00 4.014840936961689088e+00 -2.866835193207449617e+00
-1.287439342183615443e+00 -2.284964958338088881e+00 -4.637215253946259663e-01
-1.391366777368079122e+00 1.783621233927018324e+00 3.546430538175834091e+00
-1.894781464602332210e+00 -1.981523778258986734e-01 -4.016907398123864326e+00
3.651504443015813006e+00 -1.865114684060524386e+00 9.322936722175847457e-01
4.810503472488434906e-01 3.225446904870177267e+00 2.855829473569385435e+00
-2.005938355678615004e+00 1.757492193052592411e+00 -9.340524809858314903e-01
-2.544539687896104407e+00 3.648256225911500117e+00 -3.333508563809076453e+00
-4.003137091144955306e+00 9.510824800514476873e-01 1.488332379740228806e+00
-4.057014436837828697e+00 -4.013252492924923587e-01 1.153848139019344909e+00
-3.988911276480731072e-01 -3.067205929558202371e+00 1.838685788421845713e+00
1.081657084877641894e+00 2.344813590945259429e-01 -2.033139101843124408e-01
4.271995138282141946e-01 3.744038474425240182e+00 3.373047348074639018e+00
1.893572225674039489e+00 -3.466618100589724083e+00 -3.849179304906746868e+00
-1.464000013015740898e+00 2.852490265339249209e+00 -1.421260356479579823e+00
1.820022024311203968e+00 2.929523776248619704e+00 -2.316030861895244097e+00
-2.643319912237668934e+00 1.631478861187404816e-02 3.362378730526275117e+00
2.720557003372869875e+00 -6.496409154076577819e-01 2.896051912948285345e+00
1.676262136828919447e+00 2.445045119947598433e+00 -3.318595721619267191e+00
1.858035930335997676e+00 -2.826365147654306575e+00 -9.200700679150040084e-01
-3.305142212047216699e+00 -1.465323469852678917e+00 -1.028779014483725440e+00
3.078462182731386276e-01 2.353745535418269696e+00 3.127022516988930523e+00
6.189378888144640989e-01 3.465171009883073250e+00 4.057961544773460716e+00
1.109862694008172834e+00 -1.514129693185328529e+00 -2.947734813492957517e+00
-3.005347413310473392e+00 -2.143985742671714156e+00 -1.039873758188045727e+00
4.029976334482616274e+00 -3.642256521507047040e+00 3.667743719898925558e+00
3.585979282430756809e-01 -2.762192509148193142e+00 2.767382950048729029e+00
1.622799880607544321e+00 -2.230030781187922084e+00 1.740673378062181254e+00
1.414280785440134469e+00 1.944596332931239679e+00 1.285694851020619645e+00
2.702964064175283898e+00 -2.387133400881422229e+00 -3.557399031933724309e+00
-2.672046809205097517e+00 -3.267131458863225202e+00 -1.372895971639298329e+00
3.307098139934248504e+00 -2.310659820203521786e+00 -1.429056496303046320e+00
4.002146726832250145e+00 -1.601836682750976903e+00 -2.575333740065017807e+00
3.548491656762648550e+00 -3.234168770705915463e+00 -1.154832353113111942e+00
2.845771107756932761e+00 -3.320781265903411494e+00 2.141770801143910941e+00
1.448360678815318492e+00 4.436434731905982698e-01 1.275235705113233697e+00
-7.774561870579687062e-01 2.560249283765829165e-01 -7.800271604894071231e-02
-2.202038793838570374e+00 -1.733551226919677113e+00 1.497563981788062382e+00
3.191730923681135312e-02 -4.014491491469915907e+00 2.787367233695576818e+00
2.454467008792743599e+00 2.833351894612088806e+00 3.925789304129220447e+00
2.191622131523711214e+00 -3.566241510566162454e+00 3.376796898124226232e+00
2.160945804043416185e+00 -3.275189034546671873e+00 -2.999053476974202326e+00
1.652453743649859197e+00 -2.150478824018801749e+00 -1.963424660108404218e+00
-7.508375687590816971e-01 9.284345002040061967e-01 1.063220088698343613e+00
-1.811750925759437081e+00 -2.138490572202568885e+00 2.647865905150998955e-01
-2.740676383487343215e-01 5.383867944924879412e-01 8.490579721413455960e-01
-3.166327658985128579e+00 2.344704485220645118e+00 1.715993469713297914e+00
7.563369946836151492e-03 -5.669388014232771278e-01 -3.549952686901307164e+00
8.953711057748019453e-01 -2.779579114044530286e+00 7.085680032056870248e-01
3.882030403583768940e+00 -1.276402084399648418e+00 1.858811948830593419e+00
3.388226491268951368e-01 1.788871210999476880e+00 3.820752163721998329e+00
-2.860323076364386097e-01 -3.889807481409045309e+00 2.279233531345848718e+00
-3.606863546636593032e+00 3.682747162409948150e+00 1.532090035926235938e+00
-3.602495719153153142e-01 -1.541077038966492063e+00 -2.643784024556430801e+00
4.610087760636071286e-01 1.941155642455574926e+00 7.534209338082152874e-01
-1.792608879160965341e+00 3.653145509160323989e+00 -3.745500639768275963e+00
-4.086490272580826755e+00 -3.944363071835643719e+00 -5.457769209423614098e-01
-7.939443834012570589e-01 -2.429724298139391614e+00 1.222336815808419797e+00
1.248624508322306648e+00 -1.809746823983301445e+00 -1.483513392939104225e+00
3.875839244361841907e+00 -2.607257122758041223e+00 2.057425160090787519e-01
1.328269105891308755e+00 -1.047377972464252904e+00 7.137943506261947846e-01
3.088139082472463048e-01 4.546832259798624931e-01 -1.559850775158476255e+00
-2.516143911794491927e+00 -4.004577460257438659e+00 -1.882390751576808796e+00
2.818115942626714610e+00 1.261375789172972439e+00 1.896449693599404851e+00
-7.474905564112209744e-01 3.294345576555302024e-01 3.378104068612413968e+00
-1.894475181573298750e+00 2.786185139826915069e+00 3.643248273719455810e+00
-4.021700004449074939e+00 2.418759652789577608e+00 1.025474100958062129e+00
3.738036977312724218e+00 2.890718159214422212e+00 -3.063053414817486608e+00
3.437269107635450571e-01 -3.242963776589426195e-02 1.802062076841462357e+00
2.551762670795470811e+00 1.999331637935325867e+00 1.261039626731605523e+00
-2.436299276372356104e+00 3.566604542572539227e+00 -1.120876292657777329e+00
3.959214767463552498e+00 8.260773154045546462e-01 -6.138754787376030642e-01
-1.928807027253805151e+00 3.069606371334347106e+00 1.232730679336546231e+00
2.888315483496000979e+00 1.152715516950080898e+00 -3.202248630495488246e+00
-3.910390692906772880e+00 -3.269917872299048067e+00 -1.540369781219644407e+00
-3.558203847676382647e+00 3.578181345635509825e+00 -2.557673222565605142e-01
-1.728258401805271016e-01 1.365716346137699322e+00 2.641356402710782980e+00
-2.771460162101996083e+00 3.285203843407209945e+00 1.431355654341700534e+00
-1.623662468389651670e+00 4.113676128654854547e-01 1.868703145135317989e+00
3.554883658366400301e+00 -3.228772925328392329e+00 7.085507295845424602e-01
1.109558700653613839e+00 3.128592304978317973e+00 -2.787292645248045542e+00
2.367508151996487786e+00 2.080261484925610915e+00 1.828585335554419489e+00
-2.485696059404549185e+00 2.047347574972202544e+00 3.936770287620857900e+00
3.170805692532803199e+00 1.661270820123806669e+00 3.983605897761926862e+00
3.990389765302302383e+00 2.836890941688310352e+00 3.822862848047829054e+00
2.711420814064333662e+00 -1.606601063777736427e-01 -2.321372350818406982e+00
-4.091211294566602596e+00 -1.451465411234238445e+00 3.777103183987598367e+00
-1.859988935517433273e+00 -1.064657930751254034e+00 6.510904644707995459e-01
3.213483593897084045e+00 -3.119047341484103342e+00 -3.531350725326922291e+00
3.359081241623318448e+00 2.187019852107250362e+00 1.635055987682526357e+00
-7.297194813938032709e-01 -8.524692242272097209e-01 -3.116676385267954874e+00
-2.712266720521584684e+00 3.138683377062059243e+00 2.466470718861632161e+00
1.365677390005860081e+00 -3.152838499569113662e+00 2.092624222768354691e+00
-1.167096124459551937e-01 9.537407049236314993e-01 -2.825334297865119915e+00
-3.275972269949931182e+00 4.477063902520431182e-02 1.318729429214378968e+00
-3.832038210132193701e+00 -1.901714715387035515e+00 2.996294996359793572e+00
-1.821221015243555952e+00 -9.286666876409584992e-01 3.198001987394990753e+00
1.760977506466636866e+00 4.109150521436922610e+00 3.993880820426734424e+00
-2.156117816366434958e+00 1.144395723215828164e+00 3.184499847305299447e+00
3.127540907035823547e+00 2.656939311707643636e+00 -2.708656822374166051e+00
2.141634614268359993e+00 1.341859687039571369e+00 2.216308917763714081e+00
-2.454940007683125369e+00 2.543352231552154841e+00 -1.163222783140420935e+00
1.482918569033867318e+00 2.440367872809426686e+00 -1.703704803792751798e+00
3.303382604965563019e+00 2.462672710651391039e+00 1.473815229803720483e-01
2.914864456029200301e+00 -2.694148602888553956e+00 1.337739506780816434e+00
-3.209403799704225957e+00 1.310983279512825339e+00 -2.894949361687372491e+00
-8.454257005611580666e-01 2.664234152073475581e+00 -2.313592284470866178e-01
-1.123884764396872571e+00 2.425185255132066509e+00 2.413585140628235148e+00
-3.900478252434541604e-01 -3.733449392170284931e+00 -1.196981478414005373e+00
-5.525484659875741222e-01 2.192826946471583938e+00 3.342864410909791140e+00
3.204417965195360818e-01 1.993912756384880192e+00 2.327306688162201098e+00
3.624860937602996103e+00 1.515081614430193957e+00 2.211792643665499991e+00
2.658559828350521848e+00 1.016798845740448431e+00 -1.174241190709650051e-01
3.380475932646414883e+00 -3.857570777079692093e+00 3.224356581706014691e+00
-3.645424208344739014e+00 2.005222685276754735e+00 3.416587242190742391e+00
-2.679663278218413769e+00 -2.068851661105755468e+00 7.478309650225230254e-02
-3.355086572478665374e+00 -2.289541925646554343e+00 9.742354985826416902e-01
-2.513970893816161567e+00 1.891903606176257788e-02 8.473224887410755191e-01
-3.716605075548840453e+00 -2.482260312294130244e+00 -6.918696999470758113e-01
6.124672816274119302e-01 -3.943671064135073401e+00 -3.637699524473016144e+00
-1.129146953459425617e+00 6.246319884259902144e-01 2.616360340816584529e+00
-2.510343880080930568e+00 1.734084243537272196e-01 2.089255522335399018e+00
-1.146387944671099834e+00 -2.716070520851483927e+00 -2.088052620489868172e+00
-1.479258333777714596e-01 1.395422314287630527e+00 -9.267728543379409878e-01
-2.481225523395248267e+00 -1.699330392742887108e+00 4.029773794774263784e+00
-3.384512459753930891e+00 -3.898901249923791390e+00 2.310393104185851865e+00
-1.342987087646307920e+00 2.156371964570659827e+00 -3.887017481711488642e+00
-1.414061679216657819e+00 1.880237942255812644e+00 -2.095239681026448975e-01
1.921168964940478840e+00 -3.836386043715089400e+00 -2.225343896172817360e+00
-2.863358371261006230e+00 8.486731364869865013e-01 -3.966921348414655046e+00
3.504769401290848130e+00 3.809237585410415239e+00 6.536588976377375459e-01
7.807809420162135083e-01 -3.828824291261471391e+00 2.342907868073442312e+00
1.389528430276564253e+00 8.378196472114446403e-01 2.959629787302999748e-01
-1.567771380062372266e+00 -8.227765672169902178e-01 -3.734188969117986812e+00
1.309748392579409781e+00 -3.219414868192997936e+00 -3.083232836037691715e+00
-2.050437360051795999e+00 1.570437609273623303e-01 2.265192741400605947e-01
9.852653121168738481e-01 -3.801671828832991817e+00 1.423539353618174630e+00
3.347002151826540040e+00 4.909196932901286337e-01 3.742036406694499551e+00
-1.842078590485495715e+00 1.923884107323142967e+00 2.144712063868960961e+00
-3.980276312634551505e+00 1.549328099566410488e+00 -2.399381707076247289e-02
2.083945320266215706e+00 3.207657275164546018e+00 -3.475602202506435923e+00
-3.521216838580507602e+00 -2.987665641510669712e+00 7.606573070143790583e-01
3.764550085656036327e+00 -1.549461495165902258e+00 -1.675296783716850868e+00
-3.232394174526413977e+00 2.588779977495130780e+00 -1.909699054420670672e+00
1.638906203387676397e-01 1.657116826529894782e+00 -3.647626983817086277e+00
-2.906753359611899068e+00 1.002408215601202190e+00 1.793301574030564449e+00
8.857548118466520570e-01 -1.974595856716517384e+00 2.128231387246845241e+00
3.434513613903939167e+00 4.107249323375609329e+00 4.016969548725122685e+00
4.105268626509045227e+00 -2.541545598855163846e+00 -2.788297461127983823e+00
-2.816451807447615696e+00 -3.511619705270172531e+00 -3.542908215271580730e+00
-4.454173302915956367e-01 -2.379364408272710563e+00 -1.438825391931083386e+00
-1.549580615673735284e+00 1.270289210335276975e+00 -2.532030493770599300e+00
2.403709428140039517e+00 3.292333806807973273e-02 3.718193281754746060e+00
1.349958596945531664e+00 -1.696380200659354687e+00 4.101549160788349191e+00
-2.028373946647298531e+00 -3.106672141501166440e+00 7.892813390417889874e-01
-2.834791928580602249e+00 -2.928460345494229067e+00 -3.861609706495716665e+00
-1.727821642822306991e+00 -3.058485191304378126e-01 9.550774087394909850e-01
1.646175765414974679e+00 7.199984907203449414e-01 -2.386862552398426374e+00
1.910236306513733773e+00 -3.525894061963726234e+00 -2.784221271642772222e-01
-5.577749644987647359e-01 1.246292905113011384e+00 1.944946203195848211e+00
-3.059790985090100057e-01 3.424871292523242516e+00 4.087542303384944731e+00
-3.544677984640809854e+00 -1.590744691404784472e+00 -2.024018581644383197e+00
-2.866969178731841872e+00 -3.388851746480899152e+00 1.676139157175589034e-01
-1.820490120524365540e+00 1.247477774519602844e+00 1.651023017978562990e+00
-1.757907121771052461e+00 -3.382283207028160543e+00 2.813052618565970442e-01
-3.468602496364224130e+00 5.175559427308555893e-01 -1.153132986906865165e+00
-2.482030096594369351e+00 1.109172240574875179e+00 1.886974741588385296e-01
8.838058008572341473e-01 6.015237316297192827e-01 -3.865306350455053330e+00
2.615690125250400566e+00 1.227473820355525991e+00 -2.241167911151640713e+00
-1.176113475556755938e+00 1.530484746332752444e+00 2.629609504036156231e+00
-1.138771673493924386e+00 4.645488667427832286e-01 -1.574495064435997183e+00
-3.246169082153885999e+00 -1.862795572990856852e-01 -4.101450774518975884e+00
1.027536868068415599e+00 4.093529600292378667e+00 -2.572421559988235629e+00
-1.197947691017373195e+00 -9.878620040499743737e-01 1.617241215574727775e+00
3.320439386856308128e-01 7.709206969200967929e-01 1.797593447480278384e+00
3.839197167206729766e+00 -2.483562075587777862e+00 3.403538362807073447e+00
-7.712719373876263385e-01 1.167985315032344706e+00 -2.385555944568244602e+00
2.727782495061729762e+00 -1.507728310719274933e+00 2.366043715117901181e-01
3.198792393490924812e+00 2.886919600970179745e-01 -2.430593408145354406e+00
-5.092448942390116473e-01 -2.074505265473109983e+00 3.823407310789463942e+00
-2.900656018713587248e+00 1.971129748043209728e+00 -1.149910362580682938e-01
-3.392078334158065367e+00 5.755695978301764715e-01 2.616575153376928808e-01
2.892849098110990447e+00 2.273984663410480778e+00 -3.817715697298668331e+00
8.918340681112328916e-01 2.235424734187341667e+00 -3.684501196918083643e+00
-1.063820768229677860e+00 -3.022281057645285429e+00 1.463012980612195424e+00
2.433432210630970260e+00 3.921780858433069561e+00 2.735069309677049976e+00
-3.819131205916100225e+00 2.101307358621720578e+00 2.180779192275725364e+00
-3.142812786048847062e+00 -3.799641790307577871e+00 -4.527495438945902673e-01
1.037898958065405774e-01 4.552023578346658939e-01 -3.538065929940442444e+00
-2.475240584640484354e+00 -3.340359364071016302e+00 -6.246431230495528286e-01
-3.096006810346874971e+00 3.289257243895301386e+00 -3.832158597486691409e+00
-8.560557173885450233e-01 -7.549882883461555005e-01 -1.462238037709386873e+00
-3.540172054297770377e+00 3.142049155859149234e+00 7.500152447775869646e-01
-4.538020863499787061e-01 1.636674746722624807e+00 -1.286703022738775737e-01
2.919106084196667616e+00 2.787800416840673812e+00 3.201892261758895852e+00
-3.611160116835124612e+00 9.082014383075228681e-01 -1.795906698231582110e+00
3.253903981977947613e+00 -5.814511851703911827e-01 1.715664892930252039e+00
1.215323766813883211e+00 -1.921164219986679633e+00 8.824486030574680839e-01
2.973419786941964738e+00 -3.881236671797028137e+00 -4.558938641842349426e-01
3.948018295870602490e+00 -4.590599406122140014e-01 -3.532843494611881852e+00
-2.820166626071928917e+00 3.292874499001795741e+00 -1.795209348282947648e+00
1.480491532069617477e+00 3.726724352733705281e+00 1.646485066180730650e+00
3.521821846384658894e+00 3.273871805027366300e+00 4.094569735980399194e+00
-1.972772852106257968e+00 -1.845169001694935140e-02 -1.020424570851201640e+00
1.445320306747295280e+00 -2.686487919825285342e+00 3.441715241615518117e+00
-6.159985991898768720e-01 1.719790368541030956e+00 -1.917781399504620010e+00
3.811192561691827851e+00 -2.504563973979808456e+00 -3.773168552396775066e+00
4.027343852144589675e+00 -4.694829651298457196e-02 -2.094493666546725308e+00
2.244472951864178167e+00 -2.747790753302383759e+00 -2.164850828025231433e+00
2.026703048609775237e+00 -3.668228007267502200e+00 2.083916915944651116e+00
2.978610128422377823e+00 -8.275505726476898305e-01 8.924811316597796029e-01
-3.126080801446999402e+00 -3.002286224760221334e+00 -2.943795822692211850e+00
4.963200645925663346e-01 -8.278698972899019015e-01 -2.570399247468130532e+00
-2.272245586653749871e+00 -2.227223812293950722e+00 -9.122361515159039813e-01
-7.766192916817519221e-01 -2.512321081159513136e-01 -7.012570325829753370e-01
-8.561230643704126342e-01 -3.748108296081785085e+00 3.308135356579103181e+00
1.695842294001492778e+00 1.705317660305828209e+00 -2.497502941166038326e+00
-1.328356538004019427e+00 -3.644362852274662057e+00 8.834623972633389721e-01
-1.827674406647172844e+00 3.235985012786867454e+00 1.991372586950646562e-01
2.228727828581789971e+00 3.335200157379393904e+00 1.449898234810254483e+00
-1.338677385476202852e+00 1.169812135429566941e-01 3.748656467809429738e-01
2.540595465202279968e+00 -2.992190743754681748e+00 -4.100537366080922119e+00
4.099856778916652900e+00 2.318379339470271638e+00 -4.408524538925184255e-01
-2.023336227626495010e+00 -3.906656960624632191e+00 -3.635742983475476198e+00
-2.029678679683998066e+00 -3.778636118102012720e+00 -1.232407292134322763e+00
8.293267625362781281e-01 3.097100573502054033e+00 -4.869636947508787506e-01
1.803418086749139171e+00 2.991199058040663328e+00 2.521741223058087122e+00
-4.164451872829892931e-01 -3.135850411217577349e+00 -3.327607750068450887e+00
-1.914480904708344422e+00 -1.660049611078097120e+00 -4.726215538580033626e-01
-1.203637757480517934e-01 2.979833542367517296e+00 -3.280380019581683460e+00
4.075123944205961912e+00 3.109107750700788042e+00 -7.298074034139199195e-01
1.595988615645900666e+00 -2.451886076588262409e+00 -3.623222143703265452e+00
-2.949438992860089481e+00 3.689705493638383516e+00 -2.582793845593731596e+00
3.014268269785843390e+00 -1.573583429638981679e+00 -3.697037622391307732e+00
-3.069214889013831105e+00 -3.383680582759735156e+00 -2.177259648335355013e+00
-1.738514558783971209e+00 -3.390631930412056683e+00 1.589959592821794887e+00
-2.890613492748456803e+00 -1.985327707743530734e+00 -3.283119492093839131e+00
-1.784827650520943720e-01 -2.794255785378872314e+00 1.241803897843615001e+00
-4.062551421544541519e+00 -3.595405014899720531e+00 -3.585854897776470374e+00
-5.094068882398661291e-01 -3.436076898910265243e+00 -2.262282085199395443e+00
3.179410890269869672e+00 3.574431972882002206e+00 3.438579239897158413e+00
2.158530155838163545e+00 3.338146170088354570e+00 2.151821246427856771e+00
3.963565879146364157e+00 7.944298029937273409e-01 -3.914309892282298975e+00
