8.220706914434900980e+00   8.220706914434900980e+00   8.220706914434900980e+00
500
-2.210980559624792896e+00 3.591212258778842870e+00 -1.474716545425716507e+00
1.883715020789735295e+00 -1.812833225642781931e+00 1.481281981468429709e+00
-3.393991455016768910e+00 -3.414564459510470051e+00 2.492162906562348734e+00
-2.750538533067289904e-01 2.229460813010817333e+00 1.241415542839999109e+00
1.528489759133471182e+00 -6.373034966711933480e-01 -1.188623077833701247e+00
3.436244407365114384e+00 -3.572993102586425440e+00 1.116766949695276345e+00
-2.816219846268020355e+00 -4.108953664734825040e+00 3.000081578008516825e+00
4.037061893771768162e+00 -1.566758726378643996e+00 3.168947191047117418e+00
1.046781739127218502e+00 -3.635289093865562204e+00 -2.561539042689575219e+00
-1.883590213368525834e+00 2.504130824812983658e+00 -3.013790410994641622e+00
2.984290637794959178e+00 4.164606914430148965e-01 1.890265913916695240e-01
-1.891091971585760145e+00 1.187682833657795811e+00 8.506325394340777946e-01
-2.051501252566704903e+00 -5.307990244795319779e-01 2.519425514214077566e+00
2.861979718365325276e+00 2.035297789264542967e-01 -1.097368984108421763e+00
5.529763714346977999e-01 2.867484602584132070e+00 -9.623103046215947254e-01
2.523978691340120761e-01 -1.275818315989218021e+00 2.567557765121225355e+00
-1.176883396638393364e+00 -3.108869504864280930e+00 4.058099609854607159e+00
-2.313759956457745570e+00 2.392947139261289990e+00 3.607453780155600143e+00
-2.815813576551933206e-01 4.101264277592536089e+00 -9.707940190390293989e-01
2.080419681355800243e+00 3.870131708946674465e+00 2.040016042677277319e+00
-3.271280151589536778e-01 -2.856564200487342386e+00 3.930635663354825393e+00
1.705643556378226178e+00 -9.966051936568045555e-01 2.205788570194662235e+00
-2.600552299501573739e+00 -1.604006691124644224e+00 -3.369013272592648711e+00
-1.270002007900377095e+00 2.977669214860953595e+00 -2.656088219558326191e+00
2.072906403201127956e-01 -1.838659945769159698e+00 -2.149025249373009760e+00
-4.000108419943322779e+00 -2.894554707582218001e+00 5.663644152974146584e-01
1.670389128620211494e+00 -3.530030587231449246e+00 3.049478601823253587e+00
8.793384612160934921e-01 -2.091548454439700500e+00 -1.271126270983417461e+00
-7.951567025645999154e-01 1.677585501604468288e+00 4.046938429494742806e+00
-8.022981847298572555e-01 3.237172700763671251e+00 -3.420398202685736244e+00
-1.383890097056977853e+00 -2.575488032712950348e-01 -2.191685282095437781e+00
4.089779626238934540e+00 -2.550261512373353856e+00 3.203614891326298508e+00
-1.845885357313301389e+00 -4.048016273880960192e+00 -2.399607571967327324e+00
-2.023268578572015031e+00 -5.383392383265047654e-01 1.561176334936730026e+00
-3.942579275728038013e+00 -2.687933185607334075e+00 -9.711958724143189281e-01
3.342493222601569780e+00 -2.365906568637911267e+00 -2.551457352411003132e+00
1.567819129049075499e+00 -3.804871278550737479e+00 7.723460521293831205e-01
5.487018361255878718e-01 1.766515972189415029e+00 1.156839176399635294e+00
-2.707418550714996375e+00 1.508695684988344388e+00 -3.488916423509555997e+00
2.590116780730860935e+00 1.515564162604576159e+00 4.083057083707315016e+00
2.628916965821423979e+00 2.042810553436897436e+00 -1.456958007531262700e+00
5.076036197215882950e-01 3.390052468869785507e+00 -3.015700625698078952e+00
7.961779790923371181e-01 2.600408764900809189e+00 2.388204468614481879e+00
1.179979577595685836e+00 2.095809797401141594e+00 -1.583195911039745329e+00
-1.187568508319634342e+00 9.871311311348535122e-01 -3.109595977364047137e+00
2.098064747542283559e+00 -2.375919990960623895e+00 -3.624155760630459078e+00
2.272656794702353267e+00 -3.431934166740887804e+00 2.253820184635150881e+00
2.459252051720429488e+00 -2.735604109164573750e+00 -1.492942312851364361e+00
1.355538046676301622e+00 -1.140570394410708843e+00 1.284137686920130639e+00
-7.004219117536264472e-01 -1.151336589736532412e+00 -1.289556391966235172e+00
-2.588042500957782099e+00 -3.640231458154970845e+00 3.881161295270497469e+00
1.255631433307657030e+00 -2.508507016642526288e+00 1.683612785924341271e+00
3.611201276099719193e-01 -4.001981804442671375e+00 3.667961064944020411e+00
3.932754750625259810e+00 -3.958117615602763095e+00 -3.384851520197427632e+00
-7.359264639601585944e-01 -1.453919441570245441e+00 -1.848806856152503952e-01
8.049692827422230135e-01 -2.048577258753451424e+00 2.734005202182987038e+00
4.058323104002146131e+00 -4.044770714373630227e+00 3.841610333120899501e+00
2.041240222396694559e+00 -2.190503447166521234e+00 -7.486777713198261575e-01
1.186501159778660330e+00 -3.427921681072543691e+00 -3.575964047494303855e-01
3.139736180933382581e+00 -9.698239461185005350e-01 -1.048334142516875733e+00
-1.635113602097946428e+00 -9.100361370236923486e-01 3.508264326000650080e+00
4.929638693983869335e-01 2.640004498914054754e-01 -3.045877190262110012e+00
-3.345515446913080559e+00 2.495076343813295572e-01 -2.469847084756451761e+00
-2.035650175027774900e+00 9.903406161399024021e-02 4.151723719578762628e-01
-2.910164573855260617e+00 -2.797319179163278435e-01 3.678456181552385296e-01
1.856721560968682683e+00 1.332750622276120289e+00 -3.072514557791362400e+00
-1.755744510171129313e+00 2.455236088431071717e-01 3.477742794575352736e+00
8.648994081880041485e-01 6.753765301975822588e-01 -3.740886657389139280e+00
-1.254222258657693850e-02 3.291085319733699333e+00 -3.550101924801886688e-01
-3.482061931225578721e+00 -2.211792842994428021e+00 1.233704895865459505e+00
-5.877408704286804508e-02 2.479754068942924050e+00 -1.707714544072456597e+00
5.037906959387697392e-02 1.426571147619708269e+00 -1.665990948923773640e+00
6.348679751848385067e-01 -3.963847857920231643e+00 -3.271807986501748200e+00
2.405153426150838047e+00 1.126373837415890256e+00 1.781113960089202530e+00
-3.163051326928980611e-01 -3.064151031483217213e+00 3.103298397282100218e+00
2.967694670747936136e+00 6.372575370203157341e-01 1.293844161571617191e+00
2.818358534709362928e+00 2.784587051298653027e+00 2.526753631624258922e+00
3.746476259239757134e+00 2.136413299873335614e+00 -8.911776920920377876e-02
-2.011897035639059084e+00 4.060105347557393607e+00 -4.090384175802594391e-01
3.658642048865785590e+00 1.402254396099914258e-01 -2.604632831673661553e+00
-2.835906614746799725e+00 3.827143945040216710e+00 1.086480134872201297e+00
2.866096057838318334e+00 -2.476278983385455934e+00 -7.238794899434786156e-01
-1.479744607207554408e+00 -1.872616676223681997e+00 9.434222845970106075e-01
-3.344232949406573230e+00 -3.409817767894405272e+00 -1.019901560549987929e+00
-2.787272926284082297e-01 -2.708929886256505437e+00 -3.088032328900251144e+00
-3.432887803726075049e+00 3.469360408406845231e+00 4.109429536674841787e-01
-1.922347785210833271e+00 -4.080050257681178572e+00 2.521935513597446832e+00
1.352380368629107210e-01 -2.541737327463384322e+00 1.534135202556021760e+00
2.649328862249785033e+00 -9.911434569099041303e-01 1.647283577163886292e+00
-5.645177139994440596e-01 4.073412419335523893e+00 3.649464177767410167e+00
-3.986842609165773599e+00 -2.838747355605191647e+00 1.888415229752764102e+00
1.130004442510644580e+00 2.643795616591079867e+00 4.073352477541428485e+00
-2.375439575304706619e+00 -2.414200750182227129e+00 3.683930966279146180e+00
3.045336193306552364e+00 -6.656096378356927967e-02 3.827416167511846989e+00
-3.308502137087699690e+00 3.004519287118043724e+00 -3.943924985941666961e+00
3.341389146117024644e+00 4.642146589679806423e-01 2.170882332003263304e+00
2.473600803016304361e+00 3.194779152056268057e+00 3.969289723972969863e+00
2.691732354674563066e-01 -2.417453480387361520e+00 -7.239545751343494651e-01
-4.066439773705068816e+00 3.856558986309210457e+00 -5.329731821421853644e-01
-1.347915225916333837e+00 -1.483756622473597853e+00 -7.683261993815142521e-01
-1.484982150800340683e+00 -2.503311286808456160e+00 3.452908185724418377e+00
2.778142149013394846e+00 -1.343163153022897349e+00 -3.479825085756586667e+00
1.061644482578858018e+00 3.669781714325623945e+00 -2.285509008872832926e+00
1.175295403909114578e+00 1.008337832274346368e+00 -3.000697078861412903e-01
-2.761525632244921979e+00 -2.375061347534002110e+00 3.092614534808282301e+00
3.615411601677796849e+00 1.238122349344421780e+00 -1.049178113637513066e-01
4.091897895498912141e-01 -3.128451180506859775e+00 -2.279905748979827340e+00
1.763899986984231338e+00 4.061583006817151897e+00 -3.106087430462216026e-01
-1.965656529313903889e-01 -6.788871641616954777e-01 2.819500907598027628e-01
-3.685651176897510428e+00 1.977103194946642217e+00 -6.246893391477570390e-01
-1.500358852288999678e+00 1.194568222945022962e+00 -1.275024584309694786e+00
-1.629899295955663963e+00 -1.189079266784810018e+00 -1.932993288287008005e+00
1.625341695604418657e+00 -2.232708004094879684e+00 -2.044521698020260736e+00
2.217892022091786097e-01 -1.344308202822335874e+00 3.605644442879574196e+00
3.791466495726616870e+00 6.144128196388813912e-01 3.363822543692271516e+00
1.369021930383348629e+00 4.125772867159074875e-01 3.707953404503995021e+00
2.761199651605001471e+00 3.605618776145472992e+00 2.975611151361160278e+00
1.818316399004788586e+00 -1.797504237129718296e+00 2.388169002641387983e+00
-1.363155845967775726e+00 4.437162586565455702e-01 1.021968804221633498e+00
-6.029926347856439106e-01 1.614562114124105996e+00 -3.002379375234667802e-01
3.663055898749954409e+00 8.779779261483592334e-01 7.719327419619365083e-01
3.139490081608858230e+00 -2.711688670370666632e+00 -3.755015380050064078e+00
2.935006153606445789e+00 2.554934880583985990e+00 -3.578929679392753860e-01
9.161431876688348463e-01 5.429384200044716779e-01 -1.093679709899201047e+00
-2.606490551134990064e+00 2.295366656099489866e+00 -1.006304364400899098e+00
-2.688954581572572167e+00 1.340955694604341497e+00 -2.579171264270643249e+00
1.954840123858734957e+00 1.757438989667960971e+00 -2.044680166063129523e+00
-1.891376696840198601e+00 -2.239577028939270686e+00 -1.056833750049281484e+00
-2.590666510077598961e+00 -3.884002841953651419e+00 -1.056829137831038823e+00
-4.107235819857097070e+00 2.422133456233222404e+00 2.584402039489399616e+00
8.919311330652976988e-01 -1.561458641573438388e+00 5.318191262855664903e-01
3.763538648896879391e+00 1.972821742419534896e+00 -2.757078045912869424e+00
1.377373341842972776e+00 -2.131120187092629958e+00 3.362489513838559319e+00
-8.790673452378009456e-01 2.451651092507371121e+00 -2.233573991147991045e+00
1.110999363481805835e+00 3.104675605753871803e+00 -1.482570558576158826e+00
1.571338413114631516e+00 -1.623683464347592142e+00 -1.260029022813031085e+00
3.039965447767355666e+00 3.008697876931474280e+00 1.317574548484141461e+00
-3.278015804675972866e+00 -3.063058381590215706e+00 -2.517431534811886973e+00
2.139268753216476249e+00 1.965450246194958117e+00 2.362079655788654531e+00
-6.999617950186354243e-01 1.432426127571640118e+00 -1.157907695810234561e+00
3.643072324500340464e+00 -1.133703431358733971e+00 2.446236183744348036e+00
7.961036905567105970e-01 3.812785156767568129e+00 -5.795679573984503508e-01
-6.813546242103304951e-02 -1.556418456238485959e+00 -8.873220349977234411e-01
-2.123673994002966303e+00 -3.310942871604787285e+00 -3.376308248560595082e+00
-3.301523677096443787e+00 -1.323277915371558811e+00 2.212596711848667574e+00
1.730526188999439219e+00 7.682767990615048392e-02 -5.735764530274231054e-01
-2.368355297145719351e+00 -1.603500058926082827e+00 9.926588650662173663e-01
-8.990208770079168854e-01 -3.242767143590767454e+00 -1.003345942236404165e+00
3.103611925150114192e+00 7.157501574626131680e-01 -1.872415126462695367e+00
-1.396000385053604465e+00 3.984328773758710973e+00 5.391160702361444956e-01
3.945251941619773550e+00 2.660126950973427551e+00 -3.765848997078073523e+00
-2.712646041470785363e-01 3.079079579764477881e+00 2.551227538900463720e+00
3.892237238634664642e+00 -1.547145894871097660e+00 -9.990949499106169807e-01
1.620166435018897122e-01 1.084250168025745031e+00 -6.318906141364400986e-01
-7.502852619236889398e-01 -3.766135363604923847e-01 -1.490223206362249364e+00
-3.663026746788295096e+00 -1.253523177759593654e+00 -3.131888055520905212e+00
-2.143382134006655448e+00 5.680461935724107070e-01 -1.189050316667455753e+00
3.581093145359869112e+00 -9.796738146509279543e-01 1.470633971192624401e+00
-1.592714102465107251e+00 4.003111482714391656e+00 1.444221994932383790e+00
1.043716143532954943e+00 -1.558878318686972353e+00 2.140264336308547399e+00
2.603991411303077985e+00 -1.491842354645365853e+00 -5.191098985177997616e-01
-2.491560667264746787e+00 -1.707963944722675542e+00 -1.927142506614873296e+00
2.208123521995248306e-01 -8.741342362181409031e-02 -4.655766664420160628e-01
2.195630848449316552e+00 1.484895439503593817e+00 8.764272108864312738e-01
-3.264506121429808783e+00 -1.240100038026743734e+00 4.103289563934380269e+00
1.745810716858331002e+00 -1.975234602162483144e+00 3.226530256490848791e-01
-4.225362517463618905e-01 -3.623066068259556349e+00 1.253441048567234817e-01
-1.617442731581190951e-01 -1.975591327991448320e+00 4.730568446686351791e-01
2.595205723911886420e+00 5.584083255802148038e-01 -3.719943151356092326e+00
2.900948375829428105e+00 2.868793892698554782e+00 -1.840369771602228477e+00
6.930416330422264348e-01 -5.789994114984995388e-01 1.602353634944664984e+00
3.655313232956988179e-01 1.857998056615908888e+00 -2.365852171787756753e-01
-4.980520167110162877e-01 3.993512094081584252e+00 2.061160007424127194e+00
-7.861592588451955521e-01 2.081917557750274206e+00 -3.015021932045662822e+00
-2.793436188949351417e-01 3.985827664091385003e+00 -2.625452855942377539e+00
1.771698824840274300e+00 -3.161964737941036052e+00 -3.053904981847392897e+00
-1.734171082921616369e+00 -6.389754409458027196e-01 -3.820556696440682298e+00
3.768388011608518884e+00 3.505374795100297369e+00 -1.891977797908448444e+00
3.954278708080304128e+00 -2.228382961819440400e+00 2.496540508367904643e+00
6.223787970936578429e-01 -1.831387937655778453e+00 1.377070122268472918e+00
4.065223133627701380e+00 -1.575478645278009848e+00 -2.184593494875546049e-02
2.448651876873183308e+00 -2.328040600508537228e+00 2.287170065899709392e+00
1.097870060102964951e+00 2.700117871837731887e+00 -2.331657771342348529e+00
-1.665348037510290258e+00 -1.724986850761948798e+00 -3.603071906669146340e+00
1.434166405900946517e-01 -2.878142880107599222e+00 5.585111003192272383e-01
-2.622567472752063811e+00 2.323205758413843469e+00 -2.330653666256405909e+00
2.999703237854025595e+00 -2.361609274276265769e+00 3.032398232436359198e+00
1.881457250214106647e-01 -3.797968764902171834e+00 2.911567671783837241e+00
2.367107164264828700e+00 -3.411078805468044983e+00 -8.924110359049566288e-01
1.339914469941254183e+00 4.073632548769886341e+00 -1.462775568181362562e+00
3.117453361940882850e+00 -3.157664767651175985e+00 -2.014396616714890786e+00
-1.054235017647776190e-02 -3.073702413187732851e+00 -3.587115631764181134e-01
-3.574498776862260030e+00 -3.322588729238941774e+00 -3.950406922518796993e+00
3.352896640867629507e+00 1.291430508146294676e+00 2.036202257164444251e+00
-2.540462244419888549e+00 3.653219078248986396e+00 2.073437447052127069e+00
3.475971255031948814e-01 -3.992022028739229178e+00 -1.792405997374650894e+00
2.992468672071520341e+00 1.410402102405963420e+00 5.153485583115162694e-01
3.188357445742667995e+00 -2.848978691352786807e+00 2.208559271726759921e+00
-2.643853853866109938e-01 4.647487239657659419e-01 -1.489719587594373174e+00
1.052112921848699756e+00 -3.360892543527502774e+00 1.925672252798304562e+00
1.582296778855839969e+00 3.961603004195100031e+00 -2.995389820356977761e+00
-3.901633559045116328e+00 1.274639446059404602e+00 3.023903511723929349e-01
2.066085261191082267e+00 3.180041601895055692e+00 -1.382839828554458528e+00
8.731080261379586815e-01 -3.104984764237308070e+00 2.849381974519124228e+00
3.696473840465755334e+00 -2.483203839427857051e+00 -2.404001330146410820e-01
1.287553330849126043e+00 -8.655235751775580688e-01 -1.989593777425228138e+00
-1.451451585468480632e+00 1.162704444650668245e+00 3.384989518788430907e+00
-1.396009643600623962e+00 3.549268071660622859e+00 -7.494449859347682708e-01
-3.793365760653288010e+00 -1.824159560476086739e+00 2.089039810317542933e+00
1.016942285426724712e+00 -1.957052744092072194e+00 -2.718453127067749442e+00
-2.190410219001537317e+00 3.361738279949249009e+00 3.820999981346789198e+00
-1.521370100025776662e+00 -2.151195137874968299e+00 -7.428685463460374394e-02
2.120035669933969746e+00 -2.529708603458082905e-01 3.094230255515263650e+00
-7.611362399184746774e-01 -7.462356226823469996e-01 -2.478998707601647311e+00
-2.258805816526114896e+00 3.322425326958790670e+00 -2.464570241486847113e+00
3.497544201055127200e+00 4.757597812146983074e-01 -3.553018862834233182e+00
-3.914656172930174094e+00 3.333040390166053690e+00 -3.206689384341418592e+00
-1.705511263124845467e+00 -2.241121452572044426e+00 2.638907906947454141e+00
-2.520349158162056735e+00 -2.569159214547504178e+00 1.780284793891935058e+00
-1.307033583531595822e+00 3.994856728123387768e+00 -3.157804823354842139e+00
2.170525161744508491e+00 3.782037145710196224e+00 -3.656501299343741351e+00
-8.649565794256585116e-01 -1.946730311037842442e+00 -1.643575499359142489e+00
2.039880346647094389e-01 -5.127793580865320777e-01 -3.733648389731934358e+00
1.579722653722965386e+00 -9.272514970212422103e-01 -3.110368186883168296e+00
3.051325198778341630e+00 -1.957589213460107835e+00 -3.277519456179017077e+00
-1.942477112536014350e-01 5.375812846520177102e-01 -3.935180742651631647e+00
-2.624118992507125991e+00 -1.481997346882174105e+00 4.888285779307419143e-02
-3.956642701469201828e+00 2.351233610028637511e+00 3.555564237187119669e+00
-3.390632205212658512e+00 2.229646397474865260e+00 1.391365114551016413e+00
9.579823756180347871e-01 -2.658945376274940209e+00 -3.333356563676001638e+00
-2.406111223904260132e+00 3.191917700712106898e-01 -3.748795692719585126e+00
-2.329653393668475125e+00 -2.556462088045911685e+00 -3.845891407672398898e+00
8.127179453346844440e-01 1.588766103276121555e+00 -3.321644039310335472e+00
-2.426263105951417032e+00 -2.753089210391558073e+00 -1.674840525932572044e+00
-1.276682872642733724e+00 6.098526903204688487e-01 2.672011973394445850e+00
4.823636363637501256e-01 3.252576108251927778e+00 3.092909862239189955e+00
2.322608259818219167e+00 -1.236293375042365250e+00 -1.302816426160871899e+00
-1.693668060038707512e+00 -3.852874970959288881e+00 4.082787195622382903e+00
2.211089294357238888e+00 -2.168213669615636219e-01 7.023388802513033657e-02
5.325539634450728865e-01 -3.754398266556232322e+00 3.625573482079328391e-01
2.428469879065628056e+00 2.275133368516284005e+00 3.260483610470606308e+00
2.576933235041429793e+00 -1.479901413170313651e-01 2.107399711588738622e+00
3.412603546344964656e+00 -2.277584503730904153e+00 -1.532266848416184102e+00
-8.475749219634398646e-01 1.613927185073790627e+00 1.597568019109372184e+00
8.359413355829750092e-01 3.817986654564548665e+00 -4.080135132756726790e+00
-8.172348177289883164e-01 -3.178524446537471793e-01 -3.388611957881342285e+00
-6.076588890497514051e-01 7.387470330107788197e-01 2.045860307887140461e+00
-7.222748847527807881e-01 -1.630264088034907966e+00 -3.230866339475507498e+00
1.339458572439312878e+00 -3.183437921286959682e+00 4.077228853818070320e+00
-1.419595023423614100e+00 2.608668647717962141e+00 4.012517388610948643e+00
-1.991530341052987207e-01 -6.663913125141798233e-01 1.232190009641020101e+00
-3.809973910918197593e+00 3.926710481083043547e+00 1.966752051704383941e+00
-8.230076690122688499e-01 -2.898944072298236030e+00 2.281069003315609134e+00
2.562012378612605445e+00 2.720917944113138809e+00 -3.341765283795963271e+00
-1.802897059816081615e+00 3.253617612711984908e+00 -3.525448608747267620e+00
3.122779169437067015e+00 -4.094121913734565688e+00 -2.572764953817157085e+00
-2.997077511353471557e+00 -1.677115445071063027e+00 3.404243698620082359e+00
4.901194731286835360e-01 -3.191986566655240498e+00 3.828653805225635143e+00
-3.376875542273148234e+00 -2.355207588717545431e+00 2.533399860442731910e+00
8.695386577588635202e-01 -5.880327777318062887e-01 -2.835026540778452731e+00
-1.462188746718125820e+00 -1.330412560401033506e+00 1.053764572840795027e-01
-3.648971069641470777e+00 1.754014393278380712e+00 -3.884234128369830952e+00
1.689953557399488604e+00 3.337331016164200470e+00 2.235997230230445942e-01
1.601017352047537479e+00 -5.606005578666943823e-01 3.998846051511637079e+00
-2.202046928383792679e+00 1.437983611450816657e+00 -8.090647039731818646e-01
-3.740264429791957834e+00 -2.160429477913110574e+00 3.699705540198007014e+00
1.250658093191241882e+00 1.892482692917173637e+00 4.673746845464565869e-03
3.469734493996528890e+00 -2.221719139876944471e+00 3.797927770499915479e+00
2.346826632425883297e+00 -3.781989176106733908e+00 -2.078123715697180796e+00
1.973526236766549813e+00 -2.770351296858418966e+00 7.192588890871718377e-01
9.936415962331661689e-01 4.014960151595917459e+00 2.834038557915266487e+00
-3.795726583115643038e+00 3.843528960558021623e+00 3.016430409113724842e+00
-1.174714264242846085e+00 2.884608956206377250e+00 -1.169862331682193668e+00
-2.636040044759512924e+00 8.884705821755594091e-01 1.095042893386511507e+00
3.548079364647117817e+00 3.797904127759287984e+00 3.225789325284716735e+00
3.628198739624389546e+00 1.857084088531081756e+00 -9.022982043619580672e-01
2.636676098793037104e-01 3.538874216433462450e-01 2.003516213070642760e+00
-3.349435412496901687e+00 8.497170406895961925e-01 1.736904248134176099e+00
3.674661860635347388e+00 1.282870084705145963e+00 -1.572883162960402981e+00
3.450286505991155828e+00 1.837421833787309833e+00 2.812203088076674184e+00
1.882574455368315691e+00 -2.728296202476998555e+00 3.713778362624105878e+00
3.007022176383627343e+00 -2.805274711022472722e+00 4.639192195109114736e-01
2.332200022988972776e+00 -4.496018169923697294e-01 -3.307687472463310741e+00
-1.335031176953081156e+00 4.561296981191124145e-01 -3.963896745688713530e+00
-3.377510974875609140e+00 -2.026624295930371744e+00 -3.377138844606221713e-01
2.816535429700627091e+00 2.293030883069187453e+00 6.826756790844992207e-01
-3.410746337327144606e-01 3.383533480923416104e+00 -1.784662824748638243e+00
1.633477929177684418e+00 2.574702261696557581e-01 -2.055414257230206765e+00
-7.128628207063431033e-01 -3.021014745278653990e+00 1.075087711381619071e+00
-3.182074575151146778e+00 3.041772007001892320e+00 3.185750693195653849e+00
1.512402417619864714e-01 1.453641517686333540e+00 3.768440355145709741e+00
3.997352044204085519e+00 4.699278194387446761e-01 1.458162762149154412e-01
-2.436128726496922248e+00 -3.635336819204259218e+00 -1.918297137640871508e+00
-3.608122993373518383e+00 3.156693524812363094e+00 1.359392221685239432e+00
-1.523437171982851890e+00 2.903048385503184114e+00 1.851924785388424199e+00
3.730009216208444833e+00 -3.555225461611232762e-01 7.891866749516635027e-02
3.437720252770916751e+00 3.520444943932909965e+00 2.198213806839830475e+00
1.723091328395834010e+00 -3.129532754520608417e+00 -2.123957540725898596e+00
-2.420396174424607749e-01 -9.070556230384320129e-01 -1.883044349718111965e+00
-1.291342998535329079e+00 3.295102362226406623e+00 -1.945562525441682400e+00
3.996819135291521885e+00 4.076420615328119057e-01 -7.670162544280410000e-01
-8.309298117931124272e-01 -2.315315101540147413e+00 -3.869309912017490749e+00
2.149188107022411476e+00 -3.353913909189240705e+00 5.497108012745138828e-02
-2.916898920560743846e+00 -5.940597864147101337e-01 -2.762905704584686539e+00
-3.859179531853807799e+00 1.457074875290229388e+00 3.286862981281048590e+00
1.050814587132403277e+00 1.506148648773492082e+00 2.028673078260625040e+00
1.900796267576365883e+00 2.948125691779134971e+00 2.153878049420491880e+00
3.120200794210999717e+00 -3.343701002545089729e+00 -3.096601152060211248e+00
1.252887723721223479e+00 -2.527741100534450780e+00 -5.712554339110055279e-01
1.346723490226030995e+00 4.903018116509224589e-01 4.997373756801526401e-01
1.382726616474412085e+00 -3.872718321439786227e+00 -3.986967628703937727e+00
-7.918473057090749667e-02 -2.325863344096776864e+00 2.481918625041445114e+00
2.333415965150128724e+00 -3.437218034532054656e+00 -3.745312370307093186e+00
2.135298493495968231e+00 2.071673076481602482e+00 -6.768044840907692095e-01
2.184357489217900739e+00 -4.967379696002013900e-01 8.421047912994163998e-01
3.060301552224666377e+00 -1.732533401811408469e+00 2.277535213311817408e+00
-1.270101052532277564e+00 -3.196165271101230498e+00 3.136213004626916323e+00
-4.033536696632139318e+00 -2.612468107988441535e+00 -2.028628031187624803e+00
-2.201182836246614816e+00 8.381190809452568891e-01 2.801714260958258151e+00
1.590498060601382324e+00 3.494783122060568736e+00 3.843144308418573907e+00
-2.578377034305275206e+00 3.634233959966711947e+00 1.016206730605196534e-01
3.432159880051407708e+00 1.342504935302306412e+00 -3.552294127633324639e+00
-2.474655104939356143e+00 5.309040444237008716e-01 -2.087355056227340633e+00
-9.610718132227136223e-01 5.711939870620632576e-01 -2.196297080464659768e+00
3.544451919080588098e+00 3.076762385647449971e+00 2.551234312672659432e-01
4.679803426284250278e-01 -9.871474760945850857e-01 -2.088609744701509729e+00
3.739460155133974784e+00 -5.158134495786628193e-01 3.202396329504075823e+00
-5.176313627363263725e-01 2.705552550171478110e+00 -7.210686948692140996e-01
-1.314538534780385737e+00 -1.761754699262546575e+00 3.756483806200154874e+00
-1.676769873496174235e+00 1.718145654673609135e+00 1.814108766994126931e+00
-3.254599374766468767e+00 -3.322509965142693922e+00 2.157655191223125518e-02
-1.036344895572210767e+00 3.188983277349310530e+00 3.154508688349004775e+00
-9.893659957537084271e-01 -2.346228043559606569e+00 -7.889999686167067372e-01
-4.946165084502446296e-01 3.193459373370351351e+00 3.799207022006572121e-01
8.889101173849658366e-01 2.113299613597806381e+00 3.350195540183089626e+00
3.321533556547052068e+00 9.048408536704917182e-01 -8.107082227570820976e-01
-2.264187004185519658e+00 -3.176999651294555527e+00 2.908365369516378696e+00
4.046182114019941878e+00 2.957287109160628980e+00 -1.120850278953521961e+00
-3.003584239474243578e+00 1.191125249736309621e+00 3.075797543167139825e+00
1.288480967983645309e+00 1.383557813219164601e+00 8.412603885107224899e-01
7.349820810000341487e-01 6.006173564165961931e-01 2.889194429556277033e+00
-6.206633176827613951e-01 -1.597341576715288064e-02 2.975285990756298293e+00
2.370020681457952083e+00 -2.949864331053910327e+00 3.104749582450628598e+00
-7.216245627290537312e-01 6.832479059570866209e-01 -5.903544146956349881e-01
7.358209712233064748e-01 3.273432756355793227e+00 1.569772203402811650e+00
5.248739828823613118e-01 -1.849690702100645900e-01 -1.599076487728755547e+00
4.105176473043163909e+00 1.064375122450704314e+00 1.591587029599574210e+00
5.812679028494597278e-01 -2.449138501173070193e+00 3.432001153226460044e+00
-1.557231364370061044e+00 1.887942104195448279e+00 3.122595087981040463e-01
1.685970109514538934e-02 -2.493727388535627920e+00 -1.595888543632365542e+00
-7.205914192529644380e-01 -1.477057023657519119e+00 6.971724955210170105e-01
-3.648934337104275727e+00 -9.138726705288352514e-01 4.027627781283964481e-01
2.890913369998243887e+00 -4.002816910901085379e+00 3.914371099966227785e+00
1.880306117923732923e-01 -1.940956457515336631e+00 -3.031431605488553505e+00
2.584497756560275583e+00 -3.854843497297931965e+00 8.326494958968811977e-01
1.885159020481523173e+00 6.766536342423433714e-01 2.505756309613774491e+00
-1.622238924803159454e+00 2.314348598141990454e+00 2.531334767096079297e+00
-2.582766038476715043e+00 -2.220819253802863158e-01 -6.342203598998432668e-01
3.072795727172642266e+00 -3.864974711152982412e+00 -1.275419604893294645e+00
2.141362536740525790e+00 1.067768126841175391e+00 3.148919864344409264e-02
2.740879701817203973e+00 1.345753020592943328e+00 3.090839540013040843e+00
1.247444332127498168e+00 2.461188895646416741e-01 1.404772925509699455e+00
1.404128673430432128e+00 3.083109565611405145e+00 2.935560987123264187e+00
-2.888021483166674397e+00 9.326441366687251988e-02 3.518749475128566395e+00
-9.568298974402964507e-01 3.441756925607163620e+00 1.093805090091993559e+00
1.381021051095679075e+00 -1.364010528973577552e+00 -3.540466643766223553e-01
-1.731557761265564821e+00 2.881026663927880094e+00 7.310445108074202780e-01
-1.635843666477733160e+00 1.702369249794542516e-01 -4.615901661409966827e-01
-2.377268249458107441e+00 2.321611887435207855e+00 -3.648192004616239270e+00
-2.004968781186755145e+00 -2.707085953158601677e-01 -1.636124317654368499e+00
-1.908690547907381685e+00 2.588555267604347065e+00 -1.672983874895846101e+00
-2.658709996210593118e+00 -2.680163119067650257e+00 -5.776189205998196741e-01
-1.698413424432482666e+00 1.700145235996091797e+00 -2.730720519931350676e+00
-4.019607341080878804e+00 -4.344811589694145826e-01 1.122513188100336290e+00
1.263938648278250643e+00 2.370125245857073626e+00 -7.652734638325673355e-01
-3.516584237359042575e+00 3.887845936887136533e-01 -3.250813078158477087e-01
-3.008905604151769886e+00 1.326413048480821422e+00 -4.038334861253557451e-01
-1.178687185947486338e+00 -3.075797101454010196e+00 -3.174632628375622101e+00
-2.064446467227824655e+00 1.723877470738110151e+00 -1.802658585571471406e+00
-3.337575862682101047e+00 1.306594284978676246e+00 9.534951114624913293e-01
1.969356694756086545e+00 2.209769454845279313e+00 -4.027777922371158503e+00
-1.440923839800353656e+00 -3.944156863035163774e+00 3.311232656687694842e+00
9.735058193066092880e-01 -4.867964680915146669e-01 6.126630063909145330e-01
-1.064855411593585988e+00 -3.968179939577343607e+00 -4.907004137839254820e-01
2.831570683602319338e+00 -7.978689572841064503e-01 9.805109666041124383e-02
-2.310797973758111468e+00 2.493067423869115729e+00 -4.163710243396791244e-02
2.028375900371016893e+00 -1.475203005044998905e+00 -2.609284433636606337e+00
-1.685647065565036185e+00 3.370002762141104391e+00 4.081160179978877978e-02
3.487262133945489229e+00 1.438908894635890112e+00 3.824990112629013783e+00
-1.682972372317534493e+00 -2.030283156442088455e+00 1.759052153579041766e+00
2.678823340934204378e+00 -1.227978777677065370e-01 -2.433852162617927473e+00
1.263274568744979232e-01 -4.363882266305831314e-01 2.502303525909876480e+00
-6.957110067236003115e-01 -4.803018137113233554e-01 3.893367063183680088e+00
-2.460638161873303531e+00 1.769328946427698446e+00 2.471334629351572776e+00
-3.425508378055911241e+00 2.822452455561324847e+00 -3.915322450802647958e-01
-1.270662618245251702e-02 2.540413217700976389e+00 3.487918445724704775e+00
1.786698597310710346e+00 1.285494483937099641e+00 3.296658265611909666e+00
-3.403017540629138082e+00 -1.254888496391388386e-01 2.740780229774093080e+00
2.594953826522308077e-02 -3.403920798373975209e+00 -3.617353181204324031e+00
-2.102633235334043782e+00 -1.095317348160637305e+00 -1.137409449332183797e+00
-1.441206522317898031e+00 2.017296572801953403e+00 3.401780707983284913e+00
-2.228131909337206285e+00 -3.690340775549851848e+00 7.706385535787803054e-01
-2.189060607192498509e+00 -2.875730531483119634e+00 2.565850256964514742e-01
3.839239111818467887e+00 -3.575318916327123731e+00 2.427219114027450164e+00
3.625338762553292682e+00 -3.262911075099078850e+00 3.852140138826823712e+00
-3.135057054417155431e+00 7.301181518805676118e-01 3.074818036234640006e-01
2.826938711566663986e+00 4.360034875280586752e-01 3.024597319910552251e+00
-3.643119597222898243e+00 5.083733102624296007e-01 -3.991095036569543897e+00
1.019240741540027084e+00 -2.651635795354101433e+00 7.440572164108185671e-01
-2.293649952141845194e+00 2.162079308275820289e+00 1.232018269060064952e+00
3.977359731178284896e+00 3.289791697995563258e+00 3.788280353719588156e+00
-1.263459337424501783e+00 3.547545657213937442e+00 4.098172788919176135e+00
-3.810444469268126522e+00 -5.139120319798438086e-01 3.888266375990560686e+00
3.180859151558117492e+00 2.860805326388119685e+00 3.491231704872065578e+00
1.232621743964805283e+00 2.377122870696883439e+00 1.520299805923027048e+00
-9.748209956771648477e-01 -2.529930557320080320e-01 -2.074624650056944991e-02
2.184640705492287616e+00 -8.048371743374962417e-01 -2.007345541627785224e+00
3.225352566639720475e+00 1.609171137708980792e+00 -2.169201018953820004e+00
3.777792354699555766e+00 -3.746916934655863063e+00 1.695331127855879694e-01
2.791584312997375417e+00 -1.230883801668774202e+00 3.451964517017598322e+00
-1.613359145091257218e+00 -3.394282986415016801e+00 1.965604437728799336e+00
-3.534558427458379115e-01 -2.177869783563310069e+00 -2.507872670254039926e-01
-3.352717115498555334e+00 -3.854535927187654476e+00 -1.924251775252810992e+00
2.579500607999384076e+00 3.154082479282636520e+00 4.765223510004381602e-01
1.432182154659753737e+00 1.184248388273920316e+00 -1.581751633963120574e+00
4.041111231643202295e+00 -2.820792986477002717e+00 -3.084155118417716945e+00
-2.315495447665032736e-01 4.097576261775366824e+00 9.076563107099997474e-01
-3.855519899659249461e+00 -6.479379168758434560e-01 2.234440666490110861e+00
-1.075901508430451514e+00 -8.003680933939658071e-02 1.741300181945059755e+00
2.152951898095610161e+00 9.306373525107000111e-01 -9.567360440842609393e-01
-2.413391478043332761e+00 -1.384487626704391294e+00 1.925897448261076006e+00
-3.829678943469064567e+00 2.488850091229399819e+00 5.109907432519441572e-01
-1.840133751067688506e+00 5.576556876026148579e-01 1.887136942706540310e+00
-3.830911180239358060e+00 2.548147144872435543e+00 -2.280500713581515182e+00
2.454140392416342742e+00 3.497757028449453909e+00 -2.564029438777183145e+00
-3.238073130136817745e+00 -3.166765993305350690e+00 3.415349692821303407e+00
-6.038305910467851589e-01 2.914449214438978419e+00 1.719644361132494303e+00
-2.450135245820905250e-01 1.081857793359189746e+00 5.488829800086847399e-01
-2.238911159825989483e-01 -1.547046652429750591e+00 1.786181547855350438e+00
4.776000298882918660e-01 -1.174695061025202270e+00 -2.881173823113490906e-01
3.734741093612795826e+00 1.981348818123148225e+00 1.631569879606339146e+00
1.235393002507589877e+00 -7.137589483813622238e-02 2.267162294001393796e+00
3.107560684502701065e+00 -2.984842113183878154e-01 7.764207003677346952e-01
3.931923393526083554e+00 1.736309641843478691e+00 8.267735316125359724e-01
-1.813358408204597039e+00 -3.265150279476515927e+00 -4.637005387045871063e-01
-1.062907339529663764e+00 -6.248188201964450794e-01 8.561688649358566439e-01
2.811892721024298325e+00 3.939183726044255263e+00 -1.507370515394942934e-01
-2.756078496732500049e+00 2.890825104395945422e-01 2.408979660572820869e+00
-2.281429347582639711e+00 2.942582563113083971e+00 2.565172013903699533e+00
-1.392886212587296724e+00 -3.920755598106438367e+00 -1.531428294361924625e+00
1.223109324763028027e+00 1.481242216347336216e+00 -4.100266934852232481e+00
-1.500226508632928946e+00 1.947531226705834673e+00 -3.568204222637364254e+00
-1.372532326072518849e+00 9.537023010241603149e-01 8.553455912396944194e-02
-3.467100133642488480e+00 -1.810196035525549085e+00 -1.557709296571940349e+00
-6.385790184746847897e-01 -3.362435182795259880e+00 -2.046508468554599336e+00
-1.423930374301823676e+00 -2.722223429715449061e+00 6.474681691695421959e-01
-2.960762063388453935e+00 -2.223398875398982177e+00 -2.677647952979858470e+00
5.907292780442076063e-01 -1.797789750033556566e-01 3.684624925796135209e+00
2.009707174665141149e+00 3.893512832033103166e+00 3.124149261934173083e+00
-2.519912864672794850e+00 -9.875499551944334486e-01 3.255499351098610106e+00
2.864931116564532143e+00 -1.136472995617852755e+00 -2.565285861910080900e+00
-2.840630521386975360e+00 -3.778225471345120212e+00 1.835608332160086009e+00
-3.006101778872981800e+00 -1.271091442211114586e+00 -8.257084490957955492e-01
-2.176359438369782850e+00 3.352685878760062188e+00 1.390497689652028246e+00
-3.719465294369503350e-01 2.492265468721620358e+00 -3.847583300431188125e+00
3.507974729647248768e+00 -1.260825364338096222e-01 1.543104888700995492e+00
-1.307391153127913430e+00 2.267390040769507120e+00 1.195231259110541622e+00
2.309386304472159424e+00 -9.579452557930134837e-01 -4.044532958162565528e+00
1.947328714307078101e+00 2.504584744194338519e+00 -5.883590035944546992e-03
1.230377468703463539e-01 -1.059068744164168852e+00 -2.927306024861993095e+00
-3.518686071686540462e+00 1.613151849952689565e+00 -2.855376610435767848e+00
2.685707343818194648e+00 -1.599437194873965407e+00 7.821195291466611632e-01
-3.106344426885830678e+00 3.532142827858175682e+00 -8.701180487815806108e-01
3.348127897027374456e+00 3.186719382711589610e+00 -2.875084740500792435e+00
1.674158728619057568e+00 2.509514783213016020e-01 -3.333563143526470540e+00
-1.124073378435276105e+00 2.632517853477830183e+00 2.220943841551532849e-03
1.623950544756768810e+00 -2.717084169730293652e+00 2.571802567789175153e+00
-2.459841105480114198e-01 2.222037698558938512e+00 2.887635902928910592e-01
5.889967828967415109e-01 4.077398668753983380e+00 2.030080631910982092e+00
-4.037953467303768917e+00 -4.190439139344487862e-01 -1.661416173096530446e+00
-3.417043002053728795e+00 3.223872326579869885e+00 -1.780556232118485349e+00
7.530562191120895310e-01 1.789941537970023200e+00 -2.418604097920234786e+00
-1.108020195989924739e+00 -1.290818313531906014e+00 1.558255388052172341e+00
3.689956342689994173e+00 -1.736669453972049748e+00 8.380689440127577772e-01
2.155299049261691913e+00 -1.872667602443938595e+00 3.314403645884269611e+00
5.174675244212705028e-02 1.099122337515773484e+00 -2.532053394722343143e+00
2.451080123819681322e+00 -1.091893263011601833e+00 2.692062191682833561e+00
-2.604276678754433139e+00 1.393831917241040164e-01 1.598794770743144023e+00
-3.504218666534456794e+00 2.956414191924148227e-01 1.024791561664407880e+00
-2.995561773975345954e+00 1.638416091945630093e+00 1.778248005563184408e+00
-3.852702518869914883e+00 1.595071357763526931e+00 -1.947698045208019924e+00
-1.175001173272574473e+00 1.672953264841793963e+00 -1.958075523239334093e+00
-1.987813351197149636e+00 -8.291865296032602251e-01 7.132565606052594376e-01
-1.240690456169442735e+00 -3.443383965153169690e+00 2.180114441612698850e-01
3.966873285438326846e+00 -3.638362770641269783e+00 -2.017516993362179267e+00
-1.947607704773348103e-01 1.577915898467315836e+00 -3.400072852647521682e+00
-2.561761830127954109e+00 1.121538456813081508e+00 3.872527650797378929e+00
-3.983771592708346798e+00 1.192772331544044162e+00 -1.006399475551373435e+00
-9.177606859835370223e-02 -1.563860713955887438e-01 -2.489082522922083651e+00
2.999799364652786071e+00 -6.364138025117981323e-01 -1.764698303264611079e+00
