8.220706914434900980e+00   8.220706914434900980e+00   8.220706914434900980e+00
500
-2.318916946436420989e+00 8.788695976676607069e-01 -2.036223117963918749e+00
4.844636514546737383e-01 2.307798793541698590e+00 -3.098567792909021623e+00
-1.121787464088230157e+00 -1.443691333307728641e-01 3.443554508847636031e-01
3.744599982083122391e+00 -2.073558418949370541e+00 3.927479305058493075e+00
2.663897628996928724e+00 2.247201371437615447e-01 -3.441520888865202021e+00
-5.269979578141361642e-01 1.659977697533988827e+00 -3.533396879322670436e+00
1.046186713154506176e+00 -3.372779878209713811e+00 2.125754396365050702e+00
-8.376715159631794583e-01 -1.232510719843066704e+00 3.620492864187931481e+00
1.828123306168968343e+00 -2.658471586280040544e+00 8.266851703421839170e-01
7.578165751485661517e-01 6.948751369648628051e-01 1.841902984755958261e+00
6.149713379909197419e-01 -4.103494656738458701e+00 1.334732383835661285e+00
-1.479988154547361212e+00 -2.565669254827743995e+00 2.832271345952025676e+00
-6.789383541745007689e-01 5.992693851230132540e-02 1.290254176802628994e+00
-2.570289397270342224e+00 4.556088124190002531e-01 3.898413577147330500e+00
-3.164750684022979321e+00 -2.046437450177579498e-01 -3.833396400047870411e+00
-2.600508265121093121e+00 1.570886630718538068e+00 -4.004710000155150773e+00
7.421196199805755178e-01 -2.157663880854697958e+00 2.516924851132696261e+00
2.744595806627421752e-01 -3.647645159971437678e+00 2.171003288843591228e-01
3.859670159808290091e+00 3.044377759438280151e+00 3.332530654274395321e+00
-2.296705189002057779e+00 -1.513704045232201922e+00 9.782691077395045953e-01
-3.071961875490560434e+00 -7.406287450741985134e-01 -1.064937153449602381e+00
3.931772383103216306e+00 -2.772292525412626052e+00 2.232996829447178033e+00
2.638292289477903285e+00 -2.452778696621839227e+00 2.465708898384170844e+00
6.334805292759617679e-01 -9.917500511331299728e-01 -1.088681866332009474e+00
-1.300590928302932214e+00 -2.240305955093084833e+00 4.022407487095085443e+00
5.469346042604534830e-01 9.909523748361219742e-01 3.035356767357501706e+00
1.464151840329396492e+00 2.027896037296062826e+00 -1.169947552836597460e+00
3.001977223592062205e-01 -1.095232638573531814e+00 1.325144721864514930e+00
-4.366846789284472563e-01 -2.670822907782823830e+00 2.551595066884579044e+00
1.404242912223645945e+00 4.675224945246314601e-01 1.044769063085009719e+00
2.188591113482297734e-01 2.243303884333305298e+00 9.169243573141259152e-01
3.320249016489104754e+00 -4.721773404453873391e-01 -3.026075208294923602e+00
-1.237330399443157924e+00 4.018131224671813051e+00 4.010450695626662565e+00
-1.801910524876082942e+00 2.052602677869057590e+00 3.289147283689840329e+00
1.031918877793375877e+00 2.968853989121947201e+00 1.139672421645685274e+00
1.709503199071455759e+00 -1.066364986784931634e+00 -1.366941810113658562e+00
-8.170163298879561387e-01 2.070140538771918060e+00 3.789094233701704173e+00
-3.275021890825150273e+00 2.872607711217126436e+00 2.524661706377693715e+00
-3.200012185677291399e+00 -2.117804929070671527e+00 3.915631113734863167e+00
1.978102716544579698e+00 2.783778768789190394e+00 -1.574801133470818737e+00
-4.004293017226947526e+00 2.461414800817573578e+00 1.724657380623986214e+00
5.699887659479137003e-01 3.720727187055262952e+00 -5.850406193940224098e-01
-1.584033540541841090e+00 3.829880312823774169e+00 3.106019998775191304e+00
3.547011595599916856e+00 8.313274781383003242e-01 -3.500903730548888815e-01
7.488438470667693192e-01 2.092568113775981065e+00 1.763757455325387191e+00
3.207917377695200134e+00 3.384905278944767559e+00 2.355072194753339954e+00
-3.182848693113302652e+00 2.339362655177938954e-01 -1.313765527154476587e+00
-8.880037243417032711e-01 -3.166310651570743318e+00 -2.565082170269856743e+00
3.658695804601005186e+00 -9.157861318701677744e-01 3.307134131564229307e+00
1.583754129799642030e+00 -3.815941304279506507e+00 1.823202316300348846e-01
2.356555014523352032e+00 -3.753077237306760017e-01 -1.978894523720562848e+00
4.010033283163848772e+00 3.627976368192438739e-01 1.835189974525506473e+00
-2.739836430058980365e+00 -2.635027295784299062e-01 3.256447679585194876e+00
-3.909339384281795837e+00 -1.614812889522469375e+00 3.281161891186226143e+00
-3.951907425598919499e-01 1.146111011574941552e+00 3.537809119795916502e+00
-2.590891669777970918e+00 1.192840364124165387e+00 3.193773245744647493e+00
-2.412074393805021977e+00 -2.416192388177885175e-01 1.101949899713125847e+00
9.190909157358581050e-01 1.400112277037712571e+00 1.070131944051752271e+00
-2.244469406133129397e+00 2.345810566557880450e-01 2.508139226275047928e+00
2.792950488510633988e+00 -3.071842196101436384e-01 2.790199331546727279e+00
-3.052954354268410775e+00 -4.472625000889316471e-01 -7.831011580247171366e-02
3.323640807511468953e+00 2.667462680325551894e+00 1.617872877215920546e+00
-2.681399886037664437e+00 8.220203984573599687e-01 -6.803383985622044605e-01
-2.498667809977129117e+00 -2.478659827127772886e+00 -1.611404953000321827e+00
2.776327914213011158e-02 1.714984696766863048e-01 3.813595556525360308e+00
2.214566278658707255e+00 1.605004564563523584e+00 2.564941952805792180e+00
1.282333681569893358e+00 -1.481785643970209065e+00 1.757728342257433019e+00
-7.946056830360712642e-01 -3.185234105097605184e-01 4.007806115100746247e+00
-3.102992950460850441e+00 -1.922445081486973573e+00 4.882409772618109822e-01
-2.649938874999056893e+00 3.322912212344881322e+00 -2.444389663886823882e+00
2.472622889773540944e+00 1.865552774078589549e+00 -1.327904219078275050e+00
2.759082688299856922e+00 1.433589049869579357e+00 5.807889950038038762e-01
2.635500603559536081e+00 -1.644330476686995723e+00 -1.331747548243747303e+00
-3.006060452001655836e+00 -3.745605686884433183e+00 7.570686763499786531e-01
-2.148838668369798199e+00 -3.728035524285217228e+00 -3.455945256591358206e+00
3.964851969178717184e+00 8.823959861343348976e-01 -1.731328612557808455e+00
-4.810662488649983803e-01 3.521520632115514360e+00 -3.698061413534768249e+00
-3.746498688322316695e-01 3.000611947244967048e+00 -2.753905625792257617e+00
2.564603969629833724e+00 3.665179923263002681e+00 -3.437806558471119711e+00
3.066571148501979760e+00 2.244908863351559702e+00 -2.391875078524662968e+00
-3.227040728185353924e+00 1.266632108655118216e+00 -1.966804398517804531e+00
1.780130495664769441e+00 -6.371269641208544554e-01 -3.926633952662637927e+00
2.595753557004836232e+00 -3.261703546031951895e+00 7.434324543916259742e-01
-1.795992001514436165e+00 -8.623798203264531059e-01 -2.549745826334237631e+00
-9.096318691786271504e-01 -3.812321119226186550e+00 1.746401711023216341e-01
-1.730573453911654624e+00 2.851472099271145311e+00 3.925095367368547361e+00
-1.786526774132025874e+00 -3.951783527991699962e+00 -2.538432544282859915e+00
3.512776573315124828e+00 -2.203676915403062431e+00 -3.318123437861346225e+00
3.978340807708698357e+00 -3.653252237006821890e+00 -4.103249931765113878e+00
-3.986004649123557453e+00 1.363772957456710344e+00 -2.735838939289855443e+00
3.245351451773494933e+00 -2.271738579008520720e+00 -2.082728019904566796e+00
2.227893070225588634e-01 -2.656668899553035867e+00 -1.295247023100020378e+00
-2.976430097427418264e+00 -1.114851825641889560e+00 2.741345648626857923e+00
-3.213514105920793451e+00 -1.423181779708700967e+00 -1.841542224085683799e+00
-2.664322085592210065e+00 1.637096714938877096e+00 6.187504262074098316e-01
6.455827863376166764e-01 1.013336922573436993e+00 1.347329736378132525e-01
-3.967290274759975421e+00 -1.075368368247246798e+00 2.359429319546453296e+00
-9.932190319121031452e-02 -3.890163803981604218e+00 3.719017289371747914e+00
1.320619755778297710e+00 3.903342525319035250e+00 -1.441018558968394592e+00
-4.614030334622526430e-01 -3.453502915895292791e+00 -1.630305526336612187e+00
-4.730348576786552739e-01 3.750677544978398004e+00 2.979434928171083019e+00
-8.196431036485969379e-01 -1.295774365075289980e+00 -2.356167232859483818e+00
3.241031204178720593e+00 7.286028643956128370e-01 2.537038101572232307e+00
5.684613173989740975e-01 2.877693508689985524e+00 4.616262744005075053e-02
-1.386157504390095996e+00 -3.947718514028203618e+00 -8.989397281162020414e-01
3.463553384593145879e+00 -4.967041801126974576e-01 3.187168012665468619e-02
2.131651408872049236e-01 -3.028121999742375614e+00 1.786722558938641958e+00
1.133732947706609817e+00 2.679700148377146096e+00 -2.350519108774811627e+00
3.071654053251466010e+00 -2.572081318969964503e+00 1.608145190779714628e+00
3.311244043072952614e+00 3.718495045161911428e+00 4.062123458182555602e+00
5.726614908536060700e-01 -1.650876475202511517e-01 -5.510161810879369293e-01
3.653245116461253605e+00 -3.803940150902818118e-01 1.110384879815137227e+00
-1.914581283179467297e+00 -1.411417299147268989e-01 -1.801295301186826681e+00
1.916667425154249815e-01 -8.650700967203199809e-01 -2.238346246387676430e+00
1.713742093934393251e+00 2.260315433619977110e+00 1.404681701664147297e+00
-3.269383256131368043e+00 1.066499213106386179e+00 -3.515306954770684555e+00
2.632666112489254751e+00 4.041431331568140273e+00 -2.526635718509884665e+00
-2.001550024517078530e+00 -2.971590730210125209e+00 -2.549030112989008057e+00
-3.872804926595695640e+00 3.721064954153861848e+00 2.761223320978060780e+00
-2.457937310748159465e+00 -6.932442381765864248e-01 1.963772405991409009e+00
3.241060849305832825e+00 1.832121805711253604e+00 2.388940182195627759e+00
2.671639607220345436e+00 6.084613074117347642e-01 -9.479651767746357649e-01
-1.398574958330432993e-01 3.867610087854629897e-01 -2.916905839704133502e-02
3.409222663286053390e+00 -3.080051676280988637e+00 -1.489481541795749431e+00
-3.802451751479468900e+00 -3.610033460978539832e+00 3.266180891576516920e+00
2.054675653991634210e+00 -1.634915428219183120e+00 2.550398700099277161e+00
2.658747432872202499e+00 1.969313993451845768e+00 1.604911553478625796e+00
-2.629058619489110793e-01 -3.680769975792294701e+00 1.073896618177066165e+00
-2.614290343195183830e+00 2.634837920534752520e+00 -3.820762462182365482e+00
-9.173484454641575581e-02 1.364841441056496185e+00 -1.962533295135642453e+00
3.572255825412834707e+00 2.188498365971364379e+00 -1.269900023429222147e+00
-3.855592738376862894e+00 -3.417330436725101173e+00 -3.087207801241900640e+00
2.359589042765754208e+00 2.918065623973614020e+00 2.195204846176447067e+00
-3.878287098265729149e+00 3.620293669416218663e+00 -2.190033757547310334e+00
-3.709226337202318646e+00 1.460628422672044291e+00 1.042241208191489799e+00
2.084224923486341918e+00 -3.263331356880315504e+00 -3.551089159748362256e+00
5.279362760902999163e-01 3.551392819240794640e+00 -1.850277689858731645e+00
-2.224595475140576983e+00 -2.767563770358220765e+00 2.157971169041009940e+00
2.005467495096512121e+00 1.184195492206351341e-01 3.629421820026508705e+00
3.327628931898971576e+00 -1.324404269011826285e+00 8.339894000501102411e-01
-6.712226888355056209e-01 -3.012393976182115019e+00 3.942051442560542629e+00
-3.112578624437804198e+00 -3.625114650946055228e+00 3.923960047276523255e+00
-5.801420190781206299e-02 5.810871155251879916e-01 -1.083138257965492457e+00
-3.962641366547509314e+00 1.279850184114433576e-01 -3.323720958330773190e+00
-2.120336849807336943e+00 -1.165433282040873708e+00 -1.347797198558013054e+00
-4.087630803040712024e+00 -3.866122670510626858e+00 6.307602559934291087e-01
3.813974244936562119e+00 -2.038358152473862539e+00 -1.269502726881087007e+00
-2.175758358271883797e+00 -6.910783793724428747e-01 -4.065174997565611292e+00
-2.048918644272728518e+00 -2.940162728384695612e+00 -8.609322873802127685e-01
-2.030103976555910794e+00 -1.097698779258889479e+00 1.846188179755448022e-02
-4.049416415366056121e+00 -3.760213136428936398e+00 -1.116620741741366496e+00
1.879553191461328376e+00 2.576776037775852846e+00 -3.080495534266324942e+00
-3.732040597987062558e+00 -5.095317214271055661e-01 -2.323394425558173992e+00
1.011141478718085462e+00 1.954588423308756817e-01 3.665357155140047229e+00
-1.328614905468640695e+00 -4.994154487913482487e-01 -3.389822723741251931e+00
6.844957426498587960e-01 1.158697737905805214e+00 -1.381662076384828186e+00
1.005324365518792451e+00 -3.417108770725979738e+00 -6.012417700463117409e-01
-3.237589309664902437e+00 2.466266221770811118e+00 3.922126817404112953e-01
4.993007984252187947e-01 -1.240187052894043518e+00 8.622891797754972387e-02
-1.822713957174175503e+00 6.764665017610991260e-01 -1.158992917546515899e+00
-1.267189450814525387e+00 2.703948679072192274e+00 2.693866013341136068e+00
1.311505016540678303e+00 -1.703875314351352754e+00 7.851813977814727785e-01
3.223532270680866674e+00 -9.892475163232438140e-01 1.925317835930145716e+00
-3.190062054577791351e+00 3.558930285543252303e+00 2.530980110709393771e-01
1.015937865186186118e+00 -3.011152700506797286e-01 3.049051825854901532e-01
9.628393349690628211e-01 5.596821382422336733e-01 -3.495512607813078265e+00
-3.563878601439189886e+00 -2.381196215249370418e+00 1.440999825159020142e+00
8.758491745004618467e-01 -1.361484398580746102e+00 3.215498295391903572e+00
-2.355656860162266497e+00 2.992759956582269343e+00 6.815439626692763042e-01
-4.013991633376775781e+00 2.215972654120983432e+00 2.682842973479291793e+00
-1.548339976620703995e+00 2.905671242823908429e-01 -2.634805261882645855e+00
3.778204979575083833e-01 -4.220362024508798604e-01 2.969446317381542855e+00
3.047037081254175828e+00 -3.972611746726734783e+00 -8.190953288450827374e-01
-1.088518660642446845e+00 3.934607940408888727e+00 -1.750662436650631815e+00
9.050361566796150115e-01 3.720996663539835936e+00 3.918700233998719251e-01
1.547391074797543009e+00 -3.348157625164852824e+00 3.773316582009820674e+00
-1.186238661792963001e+00 -3.056729250764416594e+00 1.837393084654382225e+00
3.127215506935246747e+00 2.345035384935723943e+00 3.487643117724619657e+00
7.367140032069164901e-01 -1.659701092805847988e+00 -1.886112601556119150e+00
1.202510481228256323e+00 -3.237319530105059240e+00 -2.991904502060231508e+00
-5.178644633538070918e-02 -2.028548178337816310e+00 -5.438237306885895794e-01
-2.959607949683945805e+00 -3.092866903189130490e+00 -3.442957715233090354e+00
-3.132891582514594653e+00 7.651624068182102389e-01 2.440475249230729560e+00
-3.078092813248220594e+00 -1.124515331605798307e+00 3.781407160833423653e+00
-1.499084281061074941e+00 -9.384381232450589305e-01 9.507663970013390253e-01
1.756174486545477365e+00 -2.100563525171404711e-02 -3.182863771328150460e+00
6.922646398613355179e-04 3.198262495689428775e+00 9.479880699567129199e-01
6.256044209195124051e-01 3.413488847292037498e+00 -2.908955315039296163e+00
-3.138082230953506357e+00 -1.469108234021806680e+00 1.803059292967471583e+00
3.331619000218621895e+00 -3.607073674543626929e+00 1.365641226211325776e+00
-1.644611761047443332e+00 -3.185715916553577554e+00 3.664865529002068190e+00
-8.042599502900873443e-01 9.668965907034904328e-01 1.473731101922656661e+00
1.560579359617517481e+00 3.955006560350145417e+00 -3.453009673990989459e+00
-6.690038513751788152e-01 -2.719853378966841095e+00 9.937005740940202392e-01
1.077162623727083268e+00 -1.417652061445692446e+00 -4.033797779270353878e+00
2.091585376204624591e+00 -2.526476607137507990e+00 -1.234526610139965452e+00
1.207022118666244648e+00 2.216235929685102413e+00 4.858675132223150839e-01
3.829582407862533344e+00 2.627455032337891794e+00 -4.004144865922579122e+00
2.241398445925510075e+00 -2.910787601357593068e+00 -2.222487445319194233e-01
1.909017056058753381e+00 -2.908754310960215861e+00 -2.308785879881297465e+00
8.129362736874520268e-01 -2.282183473128058804e+00 3.707888108831096652e+00
2.696624458985113826e+00 2.658197044902439909e+00 7.041602802053339438e-01
-1.446009069665095570e+00 1.556339177781221439e+00 -2.920054776051043799e+00
1.117509619776056118e+00 1.694037635578569123e+00 -2.154151976322644213e+00
-1.851111272282915721e+00 2.212292668277777263e+00 1.993423486606804573e-01
-2.951494843377786559e+00 -3.993684011245869137e+00 -2.892252313517477358e+00
5.929672282796495386e-01 -3.880612843104197296e+00 -2.432428172609124584e+00
1.794784859987601067e+00 -2.684463189788378390e+00 1.854540786882531656e+00
-4.000847748021003070e-01 3.831009246151715342e+00 -9.465370462049572664e-01
-5.823866623850311175e-01 -2.005389358453522508e+00 1.778806186095831743e+00
2.394539006363302747e+00 -3.627896155943696410e+00 -1.657802507651173984e+00
2.814412953794841687e+00 -1.777385953814979880e+00 -3.887449283727883120e+00
-1.069217956454116436e+00 -7.857580875583988211e-01 -1.559827795498140768e+00
1.678526383525995147e+00 -7.200788600559110408e-01 3.145011902149655203e+00
4.620816468945119770e-01 -3.090934444783525858e+00 -4.015308891528042601e+00
1.508874918779245400e+00 2.425448193438429545e+00 2.483659998952927328e+00
-1.042861552953310511e+00 -4.067013427574420525e+00 -3.213870085794254816e+00
-2.862258069279052020e+00 2.130112725953433372e+00 3.285382513139423644e+00
-4.338127393884305683e-01 -2.863862500672511135e+00 -4.264975321233939465e-02
-2.761612147709843423e+00 -3.169094720155141598e+00 3.011700880886420517e+00
-1.091521425550740165e+00 -1.804588453863429809e+00 -6.602647851152725345e-01
-2.090044914325452030e+00 2.323053956533860820e+00 -2.806536415060008949e+00
-3.086578794067870835e+00 4.314107008229369766e-01 5.238891738458884006e-01
-2.739352681128949474e+00 -5.629722790497512230e-01 -2.229544442581850916e+00
-2.137467854517332011e-01 3.472785021745670164e+00 1.993823677248692583e+00
1.105002533268311549e+00 -2.326027774805786041e+00 -2.663254692959209802e+00
-2.120536586575921145e+00 4.880583151985046220e-02 5.449288726945614170e-02
-3.269479874743256964e+00 3.306065959786364417e+00 -3.315514909587887526e+00
-1.742581731002071255e+00 3.692189985952491149e+00 2.111806405393216846e+00
-1.423967270671738339e+00 3.517556115418421392e+00 -1.248063232139844103e-01
-2.103278663635095025e-01 -1.486629914280779285e+00 -1.541259077215057838e+00
-2.203716414990743555e+00 3.064640698468845681e+00 2.963394900861929582e+00
-3.520690434728009688e+00 3.254071807897972235e+00 1.112544857981988988e+00
3.362015423232187938e+00 4.067763245614865575e+00 3.125176712362141007e+00
1.244223608796305669e+00 1.349943409904955649e+00 2.284578428342153078e+00
-1.541356314085393087e-01 1.308401221858561447e+00 7.971223951766333027e-01
-3.364699763107227071e+00 3.559832427417330969e+00 -1.191914211286286829e+00
1.152179706995518416e+00 3.040519392657544007e+00 -3.624911052522551635e+00
-8.340720330388012860e-01 -2.771976218341495546e+00 -9.021550238842979130e-01
-2.155591856599380352e-01 -2.118830035846571036e+00 3.718700244251880616e+00
-3.397834934683808594e+00 4.334156924504996566e-01 -2.612840302594147790e+00
1.798727525658630366e+00 3.121838737343471948e-01 1.853924036678243015e+00
1.445058207141814099e+00 -2.572055389401448622e+00 -3.874354451522484588e+00
-3.485404406626408491e+00 -1.061133333956605362e+00 6.357087005869277441e-01
-1.759146901518871875e+00 3.858519766985080701e-01 -3.629218275764894308e+00
-1.664316158862703121e+00 -3.308054617028533428e+00 9.807966508201404476e-01
-2.140610418040612029e+00 -1.738441951101090677e+00 2.060930197471155800e+00
2.997928168182142805e+00 3.316179705529442856e-01 3.663500847433394103e+00
-1.838308021434244433e+00 -3.512720143823596430e+00 2.781289820162917259e+00
-2.921770246763499487e-02 -5.287304919731268260e-01 5.066612959109697556e-01
-2.542259293883172067e+00 3.060250142308131416e+00 1.708804328005340434e+00
2.598470986858323339e+00 -2.645811404525511890e+00 3.956507174561675999e+00
1.278119694593364164e+00 -2.513829084591319596e+00 1.238205314364861261e-02
1.835124166737188700e+00 -1.072637914600949177e-01 -2.840162435271532670e-01
-3.515023397304731123e+00 2.112400262067198220e+00 -3.665887883374987055e+00
4.003984051760053120e+00 -1.354924523566085171e+00 -2.229210781753766302e+00
3.480743179442692625e+00 1.817604206100071673e+00 -3.332776977172847932e+00
-2.176812791651197454e+00 2.707452730505389926e+00 -1.419222464193875100e+00
2.363943887403289867e+00 1.577960743656831477e+00 3.623122913753205943e+00
6.967775465982204430e-01 1.971845980282324717e+00 -3.610377619363971391e-01
4.696991900607920822e-01 -2.077174596409079310e+00 1.407853468174859346e+00
1.141409559388274264e+00 -5.410247217995562963e-01 2.270553655528514181e+00
3.986055490302431448e+00 9.693843821383725523e-02 3.146026596776728468e+00
2.191408335030553101e+00 -8.123673010515634063e-01 1.902561622120150897e+00
3.351800687974676229e+00 -2.584275122337107433e+00 -5.063821112463993135e-01
-1.057549042527634819e+00 5.249066239396512623e-01 -5.031620056118422113e-01
3.467789137932066001e+00 -4.057454386004730296e+00 -1.791595169735713977e+00
-2.597878180268463399e+00 3.635254858635126762e+00 -3.879396724367573324e+00
-2.671068182479048869e-01 2.754364783833112007e+00 2.847695167816485018e+00
-2.973761760787340780e+00 3.130313652503188049e+00 3.518162427442043327e+00
-8.097123485603774373e-01 2.735090694792769117e+00 1.679573245243812130e+00
-5.105614508508602434e-01 -2.469703582056252955e+00 -3.386753164258053506e+00
-3.730803948924465097e+00 -1.740960616392789984e+00 -3.425821369912450010e+00
1.333648842217047603e+00 -3.266322711636199916e+00 -1.519772221371931131e+00
1.488224086683014979e+00 1.093369717542534314e+00 4.050120493211002426e+00
-1.255167551351684452e+00 2.270338673074869806e+00 -6.936646521637259699e-01
-2.309794924905305802e+00 -2.564430356685670986e+00 3.764340514908102620e+00
1.828918801957045037e+00 1.033772244383875938e+00 -1.586614038162481810e+00
3.706333170466504345e+00 3.299390429905900923e+00 -1.278212023697129718e+00
1.967692393866866674e-01 -2.903832585746607631e+00 -2.309193310558060208e+00
3.565509967126250235e+00 -3.897084051496191748e+00 -2.884367241666215609e+00
3.118980311536204919e+00 -1.714172292990596924e+00 3.242642552918505672e+00
8.622242847478160943e-01 -1.399656933389742175e+00 -3.037178767223869702e+00
3.110908331447447051e+00 3.365040116678867044e+00 -2.353825982806972694e-01
1.891407583101137657e+00 9.128494495410880427e-01 1.654339476090825600e-01
-4.090265320285098483e+00 2.566992353900837021e+00 -2.908988841105992762e+00
-2.728211171070711760e+00 -2.832924874021694794e+00 1.197817515822737766e+00
-8.269266956359769827e-01 1.372725092096392929e+00 -1.150292481902138286e+00
-3.716790799211793783e-01 4.040469739515635261e+00 -2.492632265305586348e+00
4.107897951498674094e-01 3.581351064863497857e+00 4.090066527160975518e+00
-3.702607693168726399e+00 3.673210253162014105e+00 4.003289598594993670e+00
3.948469543809420390e+00 3.535093337657397417e+00 -3.315982408444996032e+00
9.313845145876863407e-01 -3.100566751407147770e+00 9.184970486834191927e-01
2.692672475011315125e+00 3.503080611425207991e+00 -1.521939464917754226e+00
-3.665152668686121551e+00 1.516387480441302227e+00 -1.014742076041569740e+00
-4.342435507567495301e-01 1.330818780805928858e+00 -2.244861037951511040e-01
-6.713409311250735367e-01 -8.396794139862843176e-01 1.797971177049263458e+00
2.604753159231043558e+00 -2.425122993993908516e+00 -3.077367727866840319e+00
3.158551948785393915e+00 1.130838544782074573e+00 1.490053907905880992e+00
-4.362393681129445033e-01 3.149343264642868512e+00 -1.789550177483533400e+00
-9.338326576855652261e-01 3.648279549711366254e-01 -1.618672532121083751e+00
-3.499763667538661416e+00 -2.804430940871269318e+00 -1.582266092430536508e+00
1.378961018528923610e+00 1.797018274638873425e+00 3.252399059721911012e+00
-7.095539769777327033e-01 1.722780703367269295e+00 2.714830155024904990e+00
2.483859565091048438e+00 3.920156125558257987e+00 3.820536773629672478e-01
-2.314132719830228613e+00 1.073828208410226193e+00 -3.090821313876699783e+00
1.886174879320295039e+00 1.289250014796108790e+00 1.354479979391688405e+00
-5.913450081851745477e-01 -3.780729795321458475e+00 1.968194255547521143e+00
-2.928899103090401024e-01 2.328399081997765130e+00 -3.628913480373323341e-02
-2.113755503102770383e+00 -1.804736045667312050e+00 -2.545038938824186303e+00
-2.798946958628738102e+00 -3.863139507954700846e+00 -8.644693281620972058e-01
2.151809799830866510e+00 1.826738381318478988e+00 -2.249914539747189135e+00
-1.830186148809621161e+00 3.439750666859460626e+00 -3.316975850837334150e+00
1.849049838684875269e+00 3.375009757929887222e+00 -2.502196868243795169e+00
2.858860243995803518e+00 3.729936989374075473e+00 1.347455618627002583e+00
-1.069389309135374111e+00 8.684086821575517368e-01 4.393310277392936669e-01
1.351634194188628124e-01 -2.993675568419560395e+00 3.253347643602329864e+00
-1.367177772453735285e+00 -1.797940813928125658e+00 3.645227219550914444e-01
2.489185768112774699e+00 -3.954555894523653414e+00 2.497625884367166371e+00
2.085801382168408047e+00 -8.639712482142786198e-01 -3.015053301532681029e+00
2.487233488670999026e-01 1.905545225998431569e+00 2.638975659215971881e+00
-3.373913548252744921e+00 4.075210405985216333e+00 1.869859284286462087e+00
-3.465764361011357764e+00 -3.621484659306107190e+00 -1.202019481428220210e-01
-3.429625457683533885e+00 8.175450928872041167e-01 3.667200159732688203e+00
-1.743860819108451921e+00 -1.466861189448799951e+00 3.270608494448368209e+00
3.455121441074716082e-01 3.478164274376338572e-01 9.825710112141514685e-01
-2.549193578090406920e+00 -2.001127695062400846e+00 2.979035534267727048e+00
-1.110310903107133651e+00 1.106843789268749101e-01 2.185863240130210272e+00
-2.424044403009433801e-01 3.636040764482745935e+00 1.617503873252443269e-02
7.108243009204897600e-01 -4.301126911394780317e-01 -3.797568013712005364e+00
-1.008438659017524275e+00 3.774107867783220271e+00 1.209578480089642971e+00
1.848474340859606491e+00 -1.656582491467781582e+00 -2.190259192580365166e+00
-3.044256680333509713e-01 1.771320013574749774e+00 1.710658937202246488e+00
1.299500710852388385e+00 -5.268645436809280547e-01 1.215603622194294964e+00
1.888914245675546999e+00 -3.710007951008172711e+00 1.260103216587873165e+00
8.003277974009446183e-01 2.837132158434666707e+00 -1.145995815214280622e+00
-4.063465908755637734e+00 -2.635086443628050112e+00 3.277612771783298129e+00
3.455658792645850408e+00 1.379232578031959644e+00 3.683629072603626931e+00
1.312520135272385591e-01 -2.000893834466322962e-01 1.945768122718167126e+00
1.264273223840228555e+00 7.395827743237622931e-01 -5.878374748908734571e-01
-3.121070829887354847e+00 1.865458721751315219e+00 2.276392465995281000e+00
1.614521054530076105e+00 3.327923472920362169e+00 -6.591094240620442024e-01
1.988092331709799376e+00 -3.892211927186268294e+00 -7.391802029451350897e-01
3.990671462844690875e+00 6.394974870086419516e-01 6.820374057724826189e-01
3.061484848766292011e+00 -3.177551254929373403e+00 -2.474446574319136172e+00
1.364150684046147699e+00 3.751820024028786005e+00 3.758238255829424723e+00
-2.752937566377228418e+00 8.406679377681515186e-01 1.502626761507812825e+00
4.101160971744037376e+00 1.125117291307794476e+00 2.965228655449446915e+00
6.518652660045577418e-01 2.552136365629777526e+00 3.270847435770188216e+00
-2.900140879998111654e+00 -1.079073773037246164e+00 -3.359949218947950733e+00
-2.150047758328033964e+00 3.947689299838437638e+00 -1.744876424530992454e+00
-8.204862132539950670e-01 -1.813428011932742834e+00 2.846846765239754440e+00
1.307392753305153255e+00 5.635210436917751364e-01 -2.298368902209402709e+00
-2.297129298398771002e+00 -3.688823238495817947e+00 1.774082979731645748e+00
3.819811299751462830e+00 3.182729373143659668e+00 5.450147797632305391e-01
2.581386639549767548e+00 -1.943115747134823712e+00 -5.451148215383575663e-02
-2.166603616159352264e+00 3.595041421256599978e+00 -7.867369529151340135e-01
2.657208599999763443e+00 3.319264617109118021e+00 3.252154210338857432e+00
6.536079220627385444e-01 -4.022122496281022919e+00 -3.479684304888810420e+00
-1.588605495029053571e+00 1.124261392282154048e+00 3.880271936321551429e+00
-3.387223714187109103e+00 -4.438700134958816768e-01 1.369349699994323322e+00
9.143332721595047730e-01 -3.102046664233804596e-01 -1.784899640541895316e+00
-1.578937035076633799e-01 8.947590086553868227e-01 2.324447089440529357e+00
-3.814802641505210534e+00 2.022751528847557267e+00 3.623304682353202022e+00
-9.050526274727643816e-02 2.485463135510766364e+00 -1.040178961688212445e+00
3.289882601946095164e+00 -1.049597068844937420e-02 -1.944480107701549887e+00
2.887902653921013751e+00 -1.344702840827750823e+00 -2.650900383821965800e+00
-2.733030287441802209e+00 1.833264132196642082e+00 -4.115187739978674042e-01
-8.698212070850582789e-01 2.247447135125531403e+00 -2.009993936291694094e+00
7.891654634242517563e-02 1.663785495809959047e-01 -3.234152008268314393e+00
-3.438856743209827815e+00 -3.244017471609863090e+00 2.328434894273252009e+00
3.825942848916714212e+00 3.572185869800509117e+00 1.605589628971024307e+00
1.955498843058034009e+00 -1.942918026192840930e+00 3.699776340379937523e+00
-8.514153641615895829e-01 -3.544127609034282145e+00 3.132191707970308325e+00
3.393530869886957735e+00 3.210015973534674938e+00 -2.247643583067115536e+00
-3.998086245755997137e+00 1.888551811071630837e+00 -3.600095809965508931e-02
-2.552174156259741977e+00 -7.160914794810649409e-02 -3.085762113543467855e+00
1.658722233710129945e+00 -3.850306813004329864e+00 -2.342011653451935960e+00
1.645868682327742694e-01 -1.164735537049461422e+00 3.865689306358627064e+00
-3.139373362855914174e+00 2.643901369510422317e+00 -1.653440306406062099e+00
-2.804379773776522811e+00 4.101118333463458221e+00 2.832997105001247018e+00
1.331611729803382771e-01 9.787535728763889775e-01 -3.836385065125989424e+00
-2.390618964747665220e+00 -2.817632614673040159e+00 1.871063811092724682e-01
-6.114385347502198087e-01 -7.044493124074631130e-01 2.822286320367727086e+00
-1.259613678617592214e+00 -3.058086161172017814e+00 -3.465482709602903277e+00
-1.376194251977578720e+00 -2.912664632605541204e+00 1.560528884589728119e-03
1.930141698681039575e+00 2.977419955991403189e+00 1.842647732686966133e-01
3.285034731424238519e+00 -3.099523294829191311e+00 -3.633288835862584776e+00
3.693006796281554927e+00 -1.554997308520463584e+00 -3.063057936274845572e-01
9.084361675583282336e-01 -2.870047559342480681e-01 -2.753170160110368858e+00
3.635496129864801418e+00 -2.854240974513150841e-01 -4.035365543960615753e+00
-2.239852918407289097e-03 -3.385967460635463055e+00 -3.176192065797889708e+00
2.855713771768448428e+00 1.582521355966373111e+00 -4.085324090299012889e-01
-8.971726747999307916e-01 2.047965035151313895e+00 9.019700406979915819e-01
-1.229889746890615809e+00 -2.259391651764156350e+00 -2.514732398506014821e+00
1.484107140293917881e+00 5.390930498664171511e-01 2.815729975071965541e+00
2.619381866737822584e+00 1.230218194380726660e+00 -3.664391396765929620e+00
6.750869318987982037e-01 3.007739461419160598e+00 2.248694459135918144e+00
-1.756984425093620628e+00 -3.587417076760544554e-01 -8.111508708030816805e-01
-1.633523923046335424e+00 1.185606661246498383e+00 2.805527854097091378e+00
1.940979360664120801e+00 3.349323681918487505e+00 1.095617599896628214e+00
-3.851738126914558524e+00 2.067649997334987777e+00 -1.875606704894356769e+00
2.754999775548605090e+00 -8.720392905238251169e-01 3.726101499041982290e+00
-2.934420761628602214e-01 -1.702117303286432737e+00 5.917372106966027889e-01
3.847480437863083358e-01 -3.814927786989617875e+00 -1.449265695291390266e+00
2.412614507847799850e+00 -1.670212933854416271e+00 1.268191576279853461e+00
-7.833519777189504874e-01 5.302737586635097866e-01 -3.643418705144671588e+00
1.872028559746125032e+00 -1.846575990040751902e+00 -3.356552066295066972e+00
-6.331464233222435789e-01 -2.050868143563125967e-01 -2.594625325249134917e+00
-6.133113890045195360e-01 9.842538312531365907e-01 -2.695707901060429457e+00
-3.776073948394708779e+00 2.913641425728632051e+00 -3.655732583304372452e-01
1.494927470831187266e+00 2.112959682378046544e+00 -4.028503733349073634e+00
-3.124153020106168466e+00 2.213810920651550163e+00 1.317670859394845628e+00
4.105374027391658132e+00 1.442694100656339407e+00 1.914822017907559015e+00
-3.405852500519967574e+00 -2.235222418244090237e-01 2.379738594484299696e+00
1.859900318989360368e-01 4.775061250149916225e-01 -2.313199316242097403e+00
-3.095404600522742022e+00 2.208483957807188869e+00 -2.660954930163744070e+00
-1.559810055476410273e+00 -2.053097320051517016e+00 -1.656488022975715735e+00
3.841848235033019421e+00 9.225402882243334268e-01 -3.710552093238960403e+00
7.813001929223958308e-01 -3.718281049302343266e+00 3.317159264137831798e+00
2.142320442532494873e+00 2.475375326879780236e+00 3.244631991002374871e+00
-4.075812132605279636e+00 -2.614179402479117176e+00 -2.624834332147039540e+00
2.558457709413197279e+00 -3.920785076846513117e+00 3.644463870717254750e+00
4.308790843560997841e-01 -2.433599774295308382e+00 4.799367598786650202e-01
2.715842590047905958e+00 -3.989617771693842463e-01 -8.434434122628604591e-01
-2.636773440096462640e-01 -8.234303237407873954e-01 -3.410086639342302384e+00
-1.627692421178380089e+00 -2.288856940753692282e+00 1.347335154865511475e+00
2.986300360827514044e+00 1.213103606269380519e+00 -1.940210064425262004e+00
3.041994338197570702e+00 4.027886445456668740e-01 4.262872675747533258e-01
-4.903248317437498838e-03 -1.906103358083507615e+00 -2.642751355016574433e+00
4.664860284407135738e-01 3.532470777673865303e+00 3.112094740553690286e+00
-2.287607677638303194e+00 1.758130709605051578e+00 1.726815940681424300e+00
2.251629821602632475e+00 -8.766745314347113016e-01 2.887100465417497541e-01
-3.409680771711943947e+00 -1.850610628237214783e+00 -8.837341975180573739e-01
2.524361760248708730e+00 2.703392351310233366e+00 -6.821435182794638452e-01
4.954344381834460131e-01 1.743182748821564321e+00 3.842164568762043597e+00
2.989188210482843111e+00 6.969855853197112761e-02 1.772208360135375083e+00
-1.687289896930972199e+00 1.400631706983795466e+00 9.907083216557257543e-01
2.865987023796957023e-01 2.258210609206875219e+00 -2.054962647700410816e+00
-1.998463672945612668e+00 1.696733876435840394e+00 -1.256423420018023984e+00
-1.607656046203472577e+00 3.451829829943234285e-01 1.209583420159999756e+00
8.144805565435604411e-01 -1.962832943718546552e+00 -9.457843499743571192e-01
-1.372537794045473047e+00 1.229727280209670592e+00 -1.986486891850335779e+00
-2.127129387153425810e-01 -2.994604824928973619e-01 -1.484675786237667383e+00
-3.156118121486617412e+00 -2.124426941201968067e+00 -2.565163664926356724e+00
4.105808043847472000e+00 3.812805382312633995e+00 -3.876843316272977069e-01
1.381175815980518973e+00 -2.697406195860144074e+00 3.009427844160602827e+00
-1.276112936199795600e+00 1.910852683246085482e+00 1.917992086452798839e+00
-1.295073121340002409e+00 3.195908216581785144e+00 -1.131333431915801491e+00
3.410243413458954542e+00 -3.573968759006993956e+00 -1.671550433469166236e-02
2.352883136582210710e+00 -8.231258886192176216e-02 9.462093378020985934e-01
3.874206887080532180e+00 2.099734880533125903e-02 -9.799019914795350505e-01
-5.327018366533501359e-01 -5.082838246572476404e-01 -4.675816747728790412e-01
-3.697585779744485102e+00 -2.792163846833432661e+00 5.333933441684881593e-01
-1.605193185993062821e+00 3.205411812552839912e+00 -2.333332569413310242e+00
-3.606792581763469840e+00 4.679837882717092779e-01 -3.897349454274456892e-01
3.752871092822661847e+00 -3.828510630706102535e+00 2.238706955684012012e+00
-1.107862485366126082e+00 2.718818833887302500e+00 -3.422697571146000595e+00
3.259553547330894752e+00 -3.081657753888339180e+00 3.008868548326571801e+00
1.654186951823545026e+00 4.069904137156954427e+00 2.957943456410521588e+00
-6.307096751480821828e-01 -2.420720360724997633e+00 -1.798715103633353740e+00
-1.584273997917429400e+00 -3.145334006768790491e+00 -1.682464177313721221e+00
2.203194856482846298e-01 -3.985508967371216738e+00 2.441850135111146791e+00
-3.184114911811379844e+00 -2.798360919421045701e+00 -6.042150759795202886e-01
-3.927954021272520357e+00 -3.258308168383960535e+00 1.393783670086545801e+00
-2.751329272492190725e+00 2.841707040228552472e+00 -5.144693024237600998e-01
-1.586296165194011731e+00 -5.135866170567959799e-01 3.271141220284528917e+00
-1.548076295596149121e+00 -9.851326292225762726e-01 2.352056523553670786e+00
2.282362024104609421e+00 -3.171253985193666303e+00 3.060062447918400430e+00
-2.155127204771086102e+00 -2.540664296131398547e+00 -3.495675573667992087e+00
-1.729661601842187979e+00 1.328015454940708162e+00 -3.388956710767770941e-01
-1.054007715004935397e+00 3.818912372296125457e-01 3.299066149278360172e+00
-9.527370889047992453e-01 2.962675051484322530e+00 5.590579701524859280e-01
-3.466904525608696552e+00 -2.237226173963083209e+00 2.552073237315882537e+00
2.902455629796011571e+00 2.597905052435533602e+00 -3.392266115716973562e+00
-2.045967044550220937e+00 -1.637772268325814018e+00 -3.900833174018765170e+00
-2.999157342107580781e+00 -3.064772727017234910e+00 -2.445719357382964976e+00
-2.067016636392675633e+00 -3.767386174961436129e+00 -8.676395485325182066e-02
4.277963811190741428e-01 1.291128941529329666e+00 -2.935423902527678486e+00
-3.193345353972156797e+00 -3.792697727449228839e+00 -1.772459823460636352e+00
-1.701989628009974220e+00 2.012141846189954730e+00 -3.774635848709206876e+00
1.729729610417028773e+00 -1.680291041156411591e+00 -4.512924037745147388e-01
1.937741674513792089e+00 2.049818478707384539e+00 -2.070864670430750398e-01
6.027102176728929006e-01 -2.133318274714101292e+00 -3.549327844819174960e+00
2.107537095500225277e+00 3.024204193912266803e+00 4.036302782924090948e+00
3.481752656016768199e+00 -9.956598313521818344e-01 -1.196858726977301890e+00
-3.831965600264414462e+00 -2.775791580253457624e+00 -3.896306507391028351e+00
1.564362985452024957e-01 -1.237991846316717881e+00 2.392402045990090986e+00
2.317906012986200359e+00 7.854909364602429278e-01 -2.622803229272945735e+00
-1.070574604554638265e+00 -1.678155129434525383e+00 -3.382090982545043367e+00
1.743915357374316910e+00 5.943813506415228376e-02 -1.262360186023109065e+00
3.439981926079504593e+00 -2.535004608431378870e+00 4.804463795575715790e-01
-2.107658229018197549e+00 3.961573661175000538e+00 8.932053594198237079e-01
3.393027787593165812e+00 7.569692493508568543e-01 -2.815350538673526248e+00
3.835811029863108512e+00 -1.838678898621544322e+00 1.769251753244475367e+00
7.110752486576756015e-02 2.656144749935306137e+00 -4.000766451980690697e+00
1.601956092682040200e+00 3.675052706923690238e+00 2.014591720643384321e+00
3.365982961035204113e+00 2.482763654312106549e+00 -1.976327925103477101e-02
1.493844680173925354e+00 1.519435281658422454e+00 -3.185804251283589572e+00
-1.722726493963459005e+00 2.476525521723368595e+00 1.316066773438322235e+00
