8.220706914434900980e+00   8.220706914434900980e+00   8.220706914434900980e+00
500
-2.210495842170248082e+00 8.204611220698945218e-01 -1.981901637886098300e+00
3.718250526320074356e-01 2.474356515387420963e+00 -3.393825532013224677e+00
-9.686266805471396291e-01 1.470973711946471640e-02 1.113148755635426645e-01
3.829348587616384414e+00 -2.200167898501576236e+00 3.714599117139894435e+00
2.457749342888277955e+00 2.781936964525992817e-01 -3.458391691607454632e+00
-7.223034247271993280e-01 1.657746946747562733e+00 -3.538941772691696297e+00
8.829109524315483792e-01 -3.186458011973069215e+00 2.490722910851422611e+00
-7.812199214488281251e-01 -1.242813255299178188e+00 3.694988228489126669e+00
2.033766745265680687e+00 -2.915808448888004278e+00 1.112120954525047667e+00
7.499618636014792061e-01 1.162178519102323282e+00 1.691693488415467073e+00
5.263261076031507946e-01 3.959307131516090372e+00 1.529382144144645350e+00
-1.232787084860411664e+00 -2.557927464817183250e+00 2.568198434442712230e+00
-6.880830063378101658e-01 9.018436664133144820e-02 1.095604075283141299e+00
-2.672308596545865278e+00 2.388997846674204562e-01 3.951908438407283786e+00
-3.146544593229361197e+00 -3.793422632659047000e-01 -3.697001024110191381e+00
-2.453597071022848741e+00 1.513734466360830311e+00 -4.059785999137409895e+00
5.328481541365168717e-01 -2.301229164724986731e+00 2.641790663098438685e+00
5.167502033178834608e-01 -3.291731327595643020e+00 1.460430761701115576e-01
3.823781963118317417e+00 3.134512782983382095e+00 3.323990682958500642e+00
-2.337261779872517042e+00 -1.575903644862084452e+00 1.495609021748397049e+00
-3.362823032521989219e+00 -5.823507509650113212e-01 -1.193572838551257176e+00
3.843852819999101555e+00 -2.958182615387407566e+00 2.140614918980030090e+00
2.753460072665391056e+00 -2.431039049572448540e+00 2.241388402340531272e+00
6.160025063134696444e-01 -9.551632616521178454e-01 -1.215486773848482027e+00
-1.030007485173164206e+00 -2.108888696101676175e+00 3.796815287651521764e+00
8.939167921764434865e-01 1.399241399900921445e+00 3.315936977907233185e+00
1.487290737381234074e+00 2.014111823770239784e+00 -1.123091077050225373e+00
3.943644881941681390e-01 -9.377108178218681589e-01 1.353079758217237138e+00
-3.711708577339048465e-01 -2.608935436848280887e+00 2.790563639325773782e+00
1.158636488020975852e+00 4.942635794720501852e-01 1.093762004292335943e+00
1.778364766394847640e-01 2.120584995222167812e+00 7.355523462331184925e-01
3.209960123199338877e+00 -5.544379781886830116e-01 -2.891312462610157397e+00
-1.259682852255849195e+00 -4.029322440814333106e+00 -3.939467501458590259e+00
-1.673617177625355223e+00 2.123531847965421271e+00 3.424413569360216680e+00
8.457971849152159383e-01 2.629685507481175577e+00 1.092650570733157966e+00
1.710506635821785082e+00 -8.978892532058633247e-01 -1.344620141493519494e+00
-7.595856964077781770e-01 2.213350486069967094e+00 3.847758009128178003e+00
-3.426275282568925995e+00 2.639397499985217443e+00 2.358553636795566621e+00
-3.228415191760777958e+00 -2.431330078617371715e+00 3.917680513702108680e+00
1.835092838235127255e+00 2.821977882987841912e+00 -1.594259093486648737e+00
-3.964645460683155598e+00 2.310704694525540503e+00 1.808602055964118493e+00
7.705294257125611113e-01 3.790375452320678296e+00 -9.371155271023139388e-01
-1.314662718231042859e+00 3.717650240243120408e+00 3.085200668894517939e+00
4.004500671517301491e+00 1.192098226022624718e+00 -4.622822317278873494e-01
5.949233744406986490e-01 2.107101878547198659e+00 1.810893621968712175e+00
3.240728767184828385e+00 3.478050291519862558e+00 2.012442232251189012e+00
-2.780488620773712505e+00 1.796720492932922797e-01 -1.329922028509152421e+00
-9.350670233401291442e-01 -3.118854664825922995e+00 -2.574759097544665920e+00
3.508040894314038649e+00 -6.710482702693058021e-01 3.238828387247381979e+00
1.641633119160514465e+00 4.047373068091917325e+00 7.501508483875325706e-02
2.421017350359948583e+00 -5.723908008576839013e-01 -2.033445835160892834e+00
-3.826962170328032098e+00 6.494372234160183943e-01 1.865652513122781908e+00
-2.855923422450057814e+00 -5.176693118415069961e-01 3.365839267805863955e+00
-3.628653874195891582e+00 -1.753526115436111033e+00 3.561709472576582769e+00
-3.414477590339198843e-01 1.334074782283434235e+00 3.641031522193232561e+00
-2.341799606124589150e+00 1.349651797976287426e+00 3.147815931987908211e+00
-2.285874513098623328e+00 -7.959445794864142276e-02 1.058749016077500382e+00
9.397103345607648039e-01 1.337091619605524695e+00 8.643423973590141918e-01
-2.166728660137818174e+00 4.003458075322627319e-01 3.040433480909955577e+00
2.714467040351729477e+00 -3.991205590355514365e-01 2.725462176078802035e+00
-2.950948848416185211e+00 -4.165524319350631388e-01 2.201238423961335844e-01
3.523145816948578091e+00 2.655252406679129429e+00 1.881996634743912322e+00
-2.639652599980570891e+00 8.171849998179802066e-01 -3.343278607753950027e-01
-2.379839756023812480e+00 -2.836605199409447664e+00 -1.928097631367116760e+00
-7.817199632070698234e-02 8.728942803754968782e-03 4.055509619404922717e+00
2.559730631052182570e+00 1.479869757909504813e+00 2.300304725882430290e+00
1.703427535799119985e+00 -1.662124693742433879e+00 1.484155931630136926e+00
-8.459742326993040518e-01 -4.298838256624669674e-01 3.969657578003871645e+00
-3.140896485725895637e+00 -2.459366676948556041e+00 6.572622844688713606e-01
-2.397503475984741783e+00 3.430515510509529076e+00 -2.464087154240216293e+00
2.448707879702552770e+00 1.801939682741726667e+00 -1.173391927614115815e+00
2.397269247024877536e+00 1.416986633826814224e+00 4.248474764595263076e-01
2.976290821141613030e+00 -1.960448667665762645e+00 -1.222834441908973391e+00
-3.253372837531475437e+00 -3.801816506996579914e+00 5.684343026873804883e-01
-2.317681882695526330e+00 -3.779422617333403789e+00 -3.181724764341348877e+00
3.854841137629586356e+00 1.217448981704351230e+00 -1.590217749476219522e+00
-5.105100175851716715e-01 3.541528699520088974e+00 -3.586088111132091250e+00
-2.198121693569118906e-01 2.978460553473403660e+00 -2.773058040144105174e+00
2.598322283205967143e+00 3.636974958795943014e+00 -3.652529976812599166e+00
3.067061368013183742e+00 2.522715785562653412e+00 -2.277867158317639973e+00
-3.133668854767769574e+00 1.050383094362747238e+00 -2.122052448171496408e+00
1.834542615367295237e+00 -6.318278919705191399e-01 4.079998868940537982e+00
2.801747182419951354e+00 -3.458530357258936760e+00 8.230354092811393851e-01
-1.590539884616815725e+00 -6.517472489410425229e-01 -2.689149775887640370e+00
-4.661685849189246000e-01 -3.916151609926878940e+00 5.311609180557736593e-02
-1.742418988655708434e+00 3.176937860991447149e+00 3.795652209246002329e+00
-1.492797833040106825e+00 3.853836305218742986e+00 -2.653692298765517155e+00
3.323501637159048450e+00 -2.347992771769394249e+00 -3.095438397191019764e+00
3.950859596009057118e+00 -3.750943641807385820e+00 -4.038192783812056597e+00
-4.076524792071724690e+00 1.503128734019135937e+00 -2.676860660130261138e+00
3.299596614166456998e+00 -2.113796028075022537e+00 -2.226456220736376501e+00
4.252682147122491818e-01 -2.807090911170286418e+00 -1.336981445042869421e+00
-2.646474403581828394e+00 -1.369065918922945047e+00 2.900343173156732401e+00
-3.240007636752925357e+00 -1.432841198197247312e+00 -1.694455999584469019e+00
-2.746782343880083133e+00 1.598201928584087383e+00 8.214202885394007447e-01
4.708583333938504145e-01 1.118125725669483872e+00 1.860127380430355859e-01
-3.911763192440735004e+00 -1.419708019597525572e+00 2.671856703320706572e+00
-2.992757760187343408e-01 -3.828420508994495819e+00 3.580955569247644021e+00
1.360830670769737516e+00 3.819527396324010837e+00 -1.680298627319625870e+00
-4.056658363055824501e-01 -3.355506722468691638e+00 -1.821527179876176961e+00
-4.787946718456919104e-01 3.790945512556987307e+00 2.997749810985617547e+00
-8.721670660462582658e-01 -1.541229885550125189e+00 -2.221060033284014690e+00
3.150688795387795338e+00 7.742993438295371345e-01 2.649121733872811468e+00
9.693811921412156529e-01 2.882429466249773586e+00 1.116963217211065507e-01
-1.320827003368477914e+00 -3.989962848300170339e+00 -9.436264555694661160e-01
3.273190188941719203e+00 1.088434131964903795e-01 -7.913860253255898536e-02
1.443484701978686724e-01 -3.073760293008995337e+00 1.992677963880844283e+00
1.119047013911522059e+00 2.836461578734709388e+00 -2.431948663446213299e+00
3.310089641808990457e+00 -2.657958368965499307e+00 1.381282315134992444e+00
3.371480493385139443e+00 3.786472520719641022e+00 4.065796867573714835e+00
6.053606324503705283e-01 -1.993567318619637874e-01 -7.415541051162812813e-01
3.691287070361032541e+00 3.538951453180338991e-01 1.291212710446746348e+00
-1.984867190644535206e+00 -1.683693499872047916e-01 -1.855304306874259179e+00
4.964858714709206866e-02 -8.088923114078908627e-01 -2.369493632423663954e+00
1.547078689159401277e+00 2.264118224432965842e+00 1.491591588663589540e+00
-3.187913059819650119e+00 6.171906368070066984e-01 -3.468013349938382284e+00
2.515080034914997764e+00 3.984571562825510060e+00 -2.484344876241798339e+00
-1.897547181545159001e+00 -2.989978823476840741e+00 -2.792802590781676919e+00
-3.724691796466836458e+00 3.525369947354821676e+00 2.743871368843346481e+00
-2.343604498527418034e+00 -6.253786299710681895e-01 1.848285264528850780e+00
3.546657538229761375e+00 1.718914263713805068e+00 2.226959627590982649e+00
2.593119786580195374e+00 8.068702660774786928e-01 -1.175261725243928579e+00
-6.621252382339877507e-02 3.940429239941635187e-01 -2.351581412048092123e-01
3.472683379028059569e+00 -3.041243946107214491e+00 -1.490614362815088967e+00
-3.950829224429233566e+00 -3.788669916804855209e+00 3.157358528374740736e+00
2.628813162070628540e+00 -1.397468239557956737e+00 2.714623131718410853e+00
2.762925382324517454e+00 2.210258560314801723e+00 1.664049113089325571e+00
-2.181852880447442966e-01 -3.892406237617795028e+00 9.961036321517151571e-01
-2.617458797014956318e+00 2.720118737035281065e+00 -3.780943317586507924e+00
5.857601396644891711e-02 1.434666112999532395e+00 -1.955302917462462320e+00
3.061265508051076001e+00 2.593056996237574907e+00 -1.290330637953169601e+00
-3.824954319059235885e+00 -3.534142072500746412e+00 -3.150335069889581785e+00
2.400603763964765491e+00 2.965317248798863048e+00 2.281648681054420535e+00
-3.881957839718506609e+00 3.641920904030935713e+00 -2.535304987603214322e+00
-3.719119410028510764e+00 1.742998127615991155e+00 1.040420760762444052e+00
2.489595429647975422e+00 -3.400907290918190551e+00 -3.305194079876131230e+00
4.197921846981002014e-01 3.735395743510045108e+00 -1.844049037034860117e+00
-2.325611774981043656e+00 -3.064219844043206908e+00 2.198421330391753692e+00
1.952914064721036125e+00 1.948283718681883547e-01 3.661635041565579840e+00
3.092682705143995570e+00 -1.973879404783249303e+00 4.558339459349437517e-01
-6.533148717193162369e-01 -3.131011442945795586e+00 3.951171124250588917e+00
-3.362453211512951068e+00 -3.587020463316615171e+00 3.889020587580121813e+00
-3.917391891654776331e-02 8.759738337215404735e-01 -1.191056263194757658e+00
4.081410483244525267e+00 1.734085459397478601e-01 -3.480660751954867571e+00
-1.862877978272156509e+00 -1.348806234092065681e+00 -2.107560375914698358e+00
-4.024961528181911774e+00 4.085006008926194809e+00 4.991936682364742084e-01
3.825364507290081928e+00 -2.047179158538940058e+00 -1.470130003763254312e+00
-2.139175276481024568e+00 -7.802561004375418996e-01 -3.943363273353607923e+00
-2.207250367433907456e+00 -3.240585011848979846e+00 -9.874134455121746923e-01
-2.383134929222050058e+00 -7.644004662485125445e-01 -4.637755026143101089e-01
-4.035690489621026167e+00 -3.722134779242746383e+00 -1.255999414773850464e+00
1.909611201648401924e+00 2.601496801168228235e+00 -2.993120970723637253e+00
-3.709546641554622770e+00 -6.361117224457693009e-01 -2.320889900177523835e+00
9.453245969363720524e-01 4.808702567934133310e-01 3.621578600281220695e+00
-1.236750408504949883e+00 -3.705443903523489846e-01 -3.442048494985134433e+00
8.400115833798853515e-01 1.328430228191918472e+00 -1.433703816182168023e+00
9.821092255947397875e-01 -3.466738570128457209e+00 -8.096793710350872475e-01
-3.167469458385718362e+00 2.502997792971800806e+00 2.244108996756331020e-01
8.743030731901649810e-01 -1.027651117338248099e+00 7.286865220056987225e-02
-1.997907439337970104e+00 7.170615849840306089e-01 -1.096120026682784188e+00
-1.274706982296338609e+00 2.796032648818838062e+00 2.726777714540261410e+00
9.402072397774414725e-01 -1.695351015335628375e+00 8.991886875201298146e-01
3.152426380535243933e+00 -1.349501472698769966e+00 1.829092113018165211e+00
-2.941741211543050127e+00 3.598405744748245816e+00 7.390020536303956167e-01
7.917980395629834467e-01 4.222825623470832096e-02 3.984169139293054496e-01
1.036308853179747302e+00 3.148600807707263582e-01 -3.397811920092156157e+00
-3.429831813061722912e+00 -2.284442295337413498e+00 1.420293504244161120e+00
8.801914367728946864e-01 -1.538163617815147433e+00 3.348010470247184234e+00
-2.422478674129234122e+00 2.854589304845083220e+00 7.211883323361806264e-01
3.977293362789786180e+00 2.484616305942671577e+00 2.658366999866498048e+00
-1.518937497317545349e+00 3.159381059032229655e-01 -2.666778942878969882e+00
2.578553208494535620e-01 -3.966369171773481694e-01 3.164535798399881195e+00
2.673299998961355506e+00 3.997126102534288350e+00 -9.868540422997665873e-01
-1.109250188915841484e+00 -3.905450744386993467e+00 -1.839311261920641538e+00
8.444592983010932308e-01 3.562324867231012604e+00 7.702813190809140176e-01
1.621349960263339440e+00 -3.610565572536394541e+00 3.534408534255946144e+00
-1.379644075294348848e+00 -3.513952872435942787e+00 2.127020982674292959e+00
3.205304773675419661e+00 2.196260657114839088e+00 3.092310818904482783e+00
9.060111749792592040e-01 -1.649085123076882597e+00 -1.799736021652166285e+00
8.907349173723707603e-01 -2.861602263517852851e+00 -3.081043345945137624e+00
2.082224560280460934e-01 -2.421318244306918999e+00 -5.216875728318094430e-01
-3.091941061535088409e+00 -3.053123098775938793e+00 -3.657837816067178505e+00
-2.960802657252357584e+00 8.751606325709636591e-01 2.262107481022887612e+00
-3.137983380610942064e+00 -1.243058394432677849e+00 4.073517831531876077e+00
-1.559930871168201394e+00 -5.474196161313654718e-01 6.591381564742789800e-01
1.767916273686119366e+00 -2.222944638225441416e-01 -3.001085005581251686e+00
-1.686039350699026496e-01 3.104676216720806625e+00 9.861413829283294241e-01
5.239725187527308758e-01 3.590612398874940769e+00 -2.753049820883840759e+00
-3.214340523705807584e+00 -1.472988764601190104e+00 1.995970012114398173e+00
3.674621873853554543e+00 -3.545707995611367735e+00 1.430277174922021111e+00
-1.494943958697386277e+00 -2.940744380501586264e+00 3.471606001183942247e+00
-9.823423677253149133e-01 9.911981783903104359e-01 1.724163068982171865e+00
1.916663528469583655e+00 -4.067092981444466737e+00 -3.256674893150038663e+00
-3.209794785364392111e-01 -2.945744082945203068e+00 1.144047657553341368e+00
1.235661264692117900e+00 -1.261194449877187429e+00 -3.842107262376424526e+00
2.447035232230357682e+00 -2.565618220390837312e+00 -1.586642052468140163e+00
1.406225162206764523e+00 2.097331735701776445e+00 5.342823730529241422e-01
-4.103927399687421484e+00 2.921667501768658415e+00 -4.044430063752502136e+00
2.396551122625813601e+00 -3.060224258722936685e+00 -6.622595095227287176e-01
1.883430524622663027e+00 -2.705012555460859502e+00 -2.200629043482667413e+00
8.075135196062305232e-01 -2.376812678766734965e+00 3.656681589221093542e+00
2.871131007191002116e+00 2.623435409363223947e+00 7.973359592491207071e-01
-1.538544302081868098e+00 1.411915221874368909e+00 -2.968938443131195815e+00
7.880245898449550479e-01 1.984229062125131948e+00 -2.347135287310113227e+00
-1.818636548879579262e+00 2.119772469742435383e+00 1.354751287858258491e-01
-3.093622956164190807e+00 -4.084421343671463589e+00 -2.712184346265577695e+00
5.817255449966319825e-01 -3.702683067273315309e+00 -2.429323565181372047e+00
1.909432067940420419e+00 -3.053004503516605794e+00 2.178268633729353088e+00
-1.356286447476786894e-01 4.096230482008141216e+00 -8.475769028384441128e-01
-5.204517533503935089e-01 -1.668559974163976722e+00 1.805839192123408266e+00
2.408462881671458611e+00 -3.488110545434213616e+00 -1.811751352735655463e+00
2.815331177355939740e+00 -1.862428219994593181e+00 -3.987945925858701557e+00
-7.621735290635018867e-01 -6.592579864867885719e-01 -1.850023537837075738e+00
1.813431740300774253e+00 -6.212407945765258122e-01 2.994064842306131791e+00
8.091840160046747110e-01 -3.114355407567589662e+00 -3.948601835671660343e+00
1.395497808889732072e+00 2.545035022703759697e+00 2.378585590490696067e+00
-7.634933979329311393e-01 -3.952381424081031991e+00 -3.075772074763644781e+00
-2.732406161950232004e+00 2.214391243263482245e+00 3.258783223376691129e+00
-3.864021056930690423e-01 -2.866536226804466292e+00 -3.283379291079873558e-02
-2.899939333711850420e+00 -3.161424705940530266e+00 3.060764256194540067e+00
-1.012569683840489176e+00 -1.485184010359794193e+00 -6.615214251919004917e-01
-1.962754126183421599e+00 2.770326098774566592e+00 -3.013324373087598484e+00
-3.068409877560267951e+00 6.730343102273185218e-01 4.819413521315564775e-01
-2.757275260002245432e+00 -8.947526881180266622e-01 -2.375644748535262085e+00
-1.542450563896963778e-01 3.400313921563624664e+00 2.041949223351202214e+00
1.211058160340517276e+00 -2.226004289341696474e+00 -2.447849327395606789e+00
-2.026883239838070949e+00 1.234945406380089095e-01 1.421284223761737353e-01
-3.410450650875161305e+00 3.223586526558170462e+00 -3.349873877828778213e+00
-1.980952919687117619e+00 3.560184239043479693e+00 1.809922687324811319e+00
-1.451371115249102894e+00 3.615816932461825672e+00 -1.848580846952794718e-02
-1.762917823422576469e-01 -1.464605753868645222e+00 -1.469025030923614805e+00
-2.180599122314399452e+00 2.975093239259238853e+00 2.814044380610322360e+00
-3.284338760362368603e+00 3.268540522277414873e+00 1.485489419158979141e+00
3.497921495028021521e+00 4.023188272645273678e+00 3.162591963789258553e+00
1.488838167247745092e+00 1.247180221743892536e+00 2.196071331941952476e+00
-3.383716805959888219e-01 1.348072950357095845e+00 6.503136320576425877e-01
-3.367994723675347135e+00 3.488745831247941798e+00 -9.353085316988196674e-01
1.171240735322729209e+00 3.015940268221181331e+00 -3.610638757682995248e+00
-5.927147326678494643e-01 -2.786688832025236984e+00 -1.054063046033854700e+00
-1.389117208042844331e-01 -1.927461611982854039e+00 3.687524208188382779e+00
-3.046550203329608575e+00 1.009400141779323856e-01 -2.353765853500501049e+00
1.508275407411595603e+00 3.081541302230726975e-01 1.955516042379801478e+00
1.259644203280807062e+00 -2.251676804316563807e+00 -3.866540825730635067e+00
-3.775332037558013276e+00 -9.713693358432380354e-01 5.721219166279066792e-01
-1.771383482180054258e+00 1.803276270992130170e-01 -3.964631238302232408e+00
-1.315375036862599600e+00 -3.263500338633280595e+00 8.490518344813953178e-01
-1.849531256115175770e+00 -1.971088255188282012e+00 2.260927448205163781e+00
2.962114406290887292e+00 2.085049446907502046e-01 3.522493847087738938e+00
-1.988984377793092451e+00 -3.628810742226919128e+00 3.043123010422823072e+00
-1.792046322009417936e-01 -5.088665597700745558e-01 3.224289583455772767e-01
-2.640527148509373312e+00 2.930619972321046429e+00 2.052903573924626190e+00
2.958385691508941040e+00 -2.549968095621086839e+00 3.554937940947927810e+00
1.484710413799595452e+00 -2.940624968104003756e+00 -7.200927141910253015e-02
1.830067929550076578e+00 1.877064393524268682e-01 8.599055454441917323e-02
-3.371622501269242012e+00 2.167398766212062178e+00 -3.479119529210944695e+00
3.855530319707721087e+00 -1.314886854577556274e+00 -2.041293632020411142e+00
3.456381812872269421e+00 2.293235395337871463e+00 -3.326812275686606313e+00
-1.912631477835461169e+00 2.604454257519702498e+00 -1.667283637812557950e+00
2.435116155116871184e+00 1.663521667249252101e+00 3.335306948390549309e+00
1.166630053086416430e+00 2.141877158441182871e+00 -3.514214131953279918e-01
7.763123271262434288e-01 -1.836809430839169366e+00 1.827731979521001637e+00
1.091096109533582270e+00 -5.562796853978181355e-01 2.213650481557309924e+00
4.020061684175712635e+00 1.299045493361450365e-01 3.086195723408790226e+00
1.918389490790954000e+00 -1.019315114376982967e+00 2.120475388433421760e+00
3.300529810119497309e+00 -2.687621907846432290e+00 -4.618893251026162106e-01
-9.768616568711380177e-01 5.728228950120736185e-01 -5.495245254753888808e-01
3.374332652631765850e+00 -4.010099418797697268e+00 -1.781202439245427760e+00
-2.817864064974661797e+00 3.861082179446710505e+00 -3.904154296116095324e+00
-4.604080217872336678e-01 2.922134978790605686e+00 3.069417478575656055e+00
-2.872481376557230792e+00 3.243323341884568833e+00 3.436704568544143079e+00
-9.898804009221089384e-01 2.899396201257109063e+00 1.817019939505712722e+00
-3.857576737186290683e-01 -2.797113200731904836e+00 -3.412089950659058957e+00
-3.531873437395311122e+00 -1.989312383098548187e+00 -3.488995617625314960e+00
1.423649949305612061e+00 -3.157363878496582288e+00 -1.579580776894280669e+00
1.432609457047227641e+00 1.280877699361206545e+00 -4.102657759847422980e+00
-1.116721323161762758e+00 2.177614016735943014e+00 -5.347677971749869030e-01
-2.372504582577609433e+00 -2.759477520488483826e+00 3.768261952621833721e+00
1.738630811219265659e+00 1.348018812648355658e+00 -1.696964520544966160e+00
3.667638172125502916e+00 3.383075376701522696e+00 -1.132845317942089203e+00
7.969062258170596380e-02 -2.862145140347850614e+00 -2.546413647143038084e+00
3.579534195657911866e+00 -3.938965587782790934e+00 -2.749409637759191671e+00
3.345201562397952078e+00 -1.592461846819793303e+00 3.278894189310140650e+00
1.002486792122626813e+00 -1.446774371925259706e+00 -2.976835248892056196e+00
3.088829909046012290e+00 3.651926178664941069e+00 -2.393225583220967845e-01
1.500417596883806493e+00 1.178375358744295331e+00 5.474162390526157024e-02
-3.969831448428503773e+00 2.579352905070429358e+00 -2.737114069639459579e+00
-3.037999762424873573e+00 -3.111157703758434590e+00 1.051609012257636255e+00
-9.053764787050225804e-01 1.354036874803873358e+00 -1.007476296327122656e+00
-3.984653443165281361e-01 3.915504782946634066e+00 -2.324194586911432658e+00
1.203643276169858722e-01 3.695594926379044853e+00 3.932828683616374388e+00
-3.674409268355083302e+00 3.727512884853753761e+00 3.823519086998586669e+00
3.728976487334967338e+00 3.442572555726529870e+00 -3.341140730336995990e+00
7.875656734236023970e-01 -3.320916666617265367e+00 1.080409200107647516e+00
2.844876390318089143e+00 3.403321514118226254e+00 -1.674742004040193244e+00
-3.435978627528649465e+00 1.346886328289707890e+00 -1.187090610521952749e+00
-2.374123870359741706e-01 1.278886492723745327e+00 -3.225704979932746963e-01
-7.290592732084208993e-01 -6.511598474490049027e-01 1.695959178234751175e+00
2.397863994256690834e+00 -2.684755213201429846e+00 -2.873795847929828895e+00
2.562867524003015873e+00 9.503859145064219582e-01 1.441931753324166232e+00
-3.954524343042906120e-01 3.114782314990510503e+00 -1.827332731755823225e+00
-1.045916127195966272e+00 2.908317809968341550e-01 -1.378841022141569894e+00
-3.277631739322787841e+00 -2.941913855873810490e+00 -1.416029673273680123e+00
1.615472002574977362e+00 1.875080288643488302e+00 2.887741404406845458e+00
-7.355000798729284250e-01 1.990160524631442218e+00 2.784654160209851348e+00
2.546186333217235198e+00 3.870644815405547501e+00 4.834486150390591153e-01
-2.488401713584972086e+00 9.979354802318501916e-01 -2.868000921783209645e+00
1.787686837653880367e+00 1.411609837131233336e+00 1.147072005931089045e+00
-3.978551928628191736e-01 -3.863022868885764627e+00 2.138009078964913101e+00
2.606595003588573767e-01 2.045366702125674063e+00 -2.228240300836030752e-01
-1.904115750757814141e+00 -2.061026831279490601e+00 -2.732529373613101331e+00
-2.711131550951588309e+00 -3.995722508937747719e+00 -7.066842327405364887e-01
2.114560575955992672e+00 2.138212025657483917e+00 -2.173197767170186090e+00
-1.932487115363991315e+00 3.566465511707507030e+00 -3.503605072266241738e+00
1.548403746838175721e+00 3.605230494403910857e+00 -2.589243622229850939e+00
2.766317122345411050e+00 4.046905105089322774e+00 1.423686695121528345e+00
-1.054341627067026943e+00 1.088807068161730340e+00 2.151065141361817590e-01
7.059275711529296171e-02 -2.783346142679637314e+00 3.720197484326870807e+00
-9.974938229778463894e-01 -2.039131719091040740e+00 3.107829976590881782e-01
2.706987204588263030e+00 4.047600996846139054e+00 2.577411916445828233e+00
2.061873306976218956e+00 -1.121744155487010453e+00 -3.277016987961354655e+00
1.615806202856887586e-01 1.725680741511879779e+00 2.603563078539669728e+00
-3.462250748808946899e+00 4.040896978789635163e+00 1.945633265129890654e+00
-3.614891185541548868e+00 -3.615552099798537089e+00 -3.485220013712901355e-01
-3.343824166409128384e+00 1.077623204723218375e+00 3.726042465370904999e+00
-1.751940050808927118e+00 -1.459937327916066341e+00 3.414901752187400774e+00
-7.099828681943344544e-03 7.163457371652189876e-01 1.176569843189704478e+00
-2.385122232868274406e+00 -2.284883557970961654e+00 2.960960204235900228e+00
-7.673924431475561692e-01 2.578452637949427695e-01 2.548352220733266726e+00
-4.700793586048261918e-01 3.343844966735595392e+00 3.486852237624889911e-02
6.622121450499790507e-01 -4.846464567517403399e-01 -3.739907595128521667e+00
-1.098816943389341771e+00 3.909315573513540532e+00 1.552176662419204822e+00
2.036796978154113980e+00 -1.740374470417228370e+00 -2.131679961459963746e+00
-2.621329518836841843e-01 1.639506773905348602e+00 1.560354275337586527e+00
1.371167843264799346e+00 -5.419861305610831348e-01 1.045400850773680501e+00
1.833080961225305172e+00 -3.812642257539110791e+00 1.550858338365922906e+00
4.685827049613956463e-01 2.352469787257845280e+00 -1.028890712551618458e+00
-4.072139319170150706e+00 -2.963418826378203086e+00 3.527090438258421834e+00
3.471736203134518028e+00 1.353130025342542675e+00 3.438137707740939408e+00
2.444879594034587156e-01 -8.664954212184194926e-02 1.933954247065993393e+00
9.311459453487149762e-01 7.198322680651970673e-01 -6.907111264041798648e-01
-3.180583079691004844e+00 1.816757652131831380e+00 2.019066532227570931e+00
1.451601851492344997e+00 3.171925110723781138e+00 -6.792792332502278763e-01
1.878033389449747625e+00 -3.840084996138370510e+00 -9.028884487142661008e-01
-4.072975693378998230e+00 4.695078809003686016e-01 2.595342108559940963e-01
3.028545459089603042e+00 -3.224264652140527598e+00 -2.445691149019463051e+00
1.394880274030871670e+00 4.023060497298600602e+00 -3.982492762826198796e+00
-2.931476590447607222e+00 7.299205968074861106e-01 1.376159142111603284e+00
-4.085044892598996391e+00 1.011456104638268849e+00 2.786973277028246709e+00
4.381492132248652749e-01 2.545406434285501618e+00 3.144984464811000358e+00
-2.861930920171464887e+00 -1.353675509912354746e+00 -3.266902865597285377e+00
-2.352154226704138651e+00 3.887420655741536724e+00 -1.630590020974454823e+00
-8.314785567492762874e-01 -1.688807380425902949e+00 2.812607271381426521e+00
1.094930015873433637e+00 5.905379455999387739e-01 -2.358963080134945933e+00
-2.518849631036966574e+00 -3.839088075597292704e+00 1.612680544144277750e+00
-4.090240682896295610e+00 3.230028273948378104e+00 6.994333074928931193e-01
2.510564690674383925e+00 -2.050579767061456948e+00 -2.883899870385812636e-01
-2.010626532941042655e+00 3.605592220510323909e+00 -8.114758118298028844e-01
2.797849009339843818e+00 3.073335546373833438e+00 3.359932044935296958e+00
5.349923775330616138e-01 -4.001484214492149860e+00 -3.749292016869720356e+00
-1.406326237371415599e+00 1.157434004352160928e+00 3.987619446343937391e+00
-3.289296553582956140e+00 -3.757189916216726600e-01 1.368962694474229469e+00
7.962143735878468576e-01 -2.025083516481776813e-01 -1.901891097310674406e+00
8.329473774754750370e-04 8.254315611270752751e-01 2.081938772814307281e+00
4.075531553292664810e+00 1.944626957249742549e+00 4.090152051001773259e+00
-3.489300982458349853e-01 2.780326529406130565e+00 -8.944392744677998053e-01
3.539480261282375029e+00 -3.111856092623104253e-01 -1.957076503769405118e+00
2.830736460809044619e+00 -1.368412463538020152e+00 -2.585448885170717137e+00
-2.744286900254196304e+00 1.769985315933856551e+00 -3.450780933490265601e-01
-8.191379167272653250e-01 2.100309945414456259e+00 -1.673026037485994433e+00
1.045635660406310924e-01 1.237863695311993140e-01 -3.177165116800285460e+00
-3.546803543043402840e+00 -3.467230852331787627e+00 2.438744432417845776e+00
4.084736408726421075e+00 3.440097136980610593e+00 1.607374089670699835e+00
1.814846434603857084e+00 -1.736167704593707173e+00 3.803374471649501931e+00
-9.751155057476386112e-01 -3.625505974799303477e+00 3.003395775069410689e+00
3.400967894341300202e+00 3.392753356797551856e+00 -2.459140323639463777e+00
4.090260991363908971e+00 2.025269567596237774e+00 1.273874680034297602e-01
-2.335629387485257613e+00 3.001875888298431716e-02 -2.992658674369001570e+00
1.555253118882900187e+00 -3.628909363530113286e+00 -2.460983833787938391e+00
4.065296102770810660e-01 -1.427697783978901347e+00 -4.008847419677548984e+00
-3.329230907523823557e+00 3.130848716919648833e+00 -1.880470335034154949e+00
-2.664040579751802085e+00 3.806425372594495204e+00 2.511491947005082714e+00
1.156468379054925860e-01 9.731955859198829772e-01 -3.758007934979621378e+00
-2.472321276974371873e+00 -2.903950223116484430e+00 2.554895873887820176e-02
-5.193437386286398061e-01 -7.542168447872084069e-01 2.607520230656340754e+00
-1.230476635690619824e+00 -3.135480032459342592e+00 -3.512446418977480000e+00
-1.374034461582277267e+00 -2.704727045434589972e+00 -3.655193869909200699e-01
2.048413770018509439e+00 3.065079536418772843e+00 3.582088339845183045e-01
3.341544721251266115e+00 -3.280395540820339573e+00 -3.365143473731951218e+00
3.662438611203336247e+00 -1.635471297078193720e+00 -4.355784771209503248e-01
8.635904578383601926e-01 -4.902552199744652506e-01 -2.822741331538195286e+00
3.285867469887187919e+00 -2.886819647730378136e-01 -3.829436335492044208e+00
8.242617415182126872e-02 -3.551436986389306050e+00 -3.152987120143367239e+00
3.080089187938526152e+00 1.737856372422002416e+00 -2.168192960193344176e-01
-1.059684623630522626e+00 2.079759916636675587e+00 1.271425826066548304e+00
-9.553031998554663007e-01 -2.169571396971411659e+00 -2.969474032319315615e+00
1.613851923266291566e+00 5.682374154857482429e-01 2.827813489310587070e+00
2.507727354053697955e+00 1.014343794544103394e+00 -4.100857231190850882e+00
6.375696741014788005e-01 3.109651987906021819e+00 2.370929204236349008e+00
-1.574792440060193366e+00 -1.338493830760343339e-01 -6.744074827645806236e-01
-1.434421101069185855e+00 1.428174656111773411e+00 2.819814951033199790e+00
1.753410259600392651e+00 3.557969023511756479e+00 1.139644475679631119e+00
-3.669027600757166940e+00 2.018324993639199594e+00 -1.875116984952150734e+00
2.731863022019490828e+00 -8.792343725755830119e-01 3.903209371997491850e+00
-2.075434634964881675e-01 -1.476981538038896646e+00 7.840350043040821282e-01
4.194741181744006120e-01 -3.652000784953373991e+00 -1.579940247610907900e+00
2.546796204333187763e+00 -2.046555631991500146e+00 1.298406926169479059e+00
-7.877609395195340758e-01 5.621648018425614568e-01 -3.596916882246556924e+00
1.864541405083593562e+00 -1.978390749314095309e+00 -3.180406036356178134e+00
-6.566296216011007214e-01 -1.825719372134232965e-01 -2.707111713285710763e+00
-7.738873231719045620e-01 8.174926798398659544e-01 -2.586100062651918829e+00
-3.858826886301726322e+00 2.970795364619393641e+00 -2.242514682437591333e-01
1.666743386371245528e+00 2.199655563138824377e+00 3.982080199100572759e+00
-3.103771125960468780e+00 2.431023433865546313e+00 1.238633400808534679e+00
-3.947189745247638104e+00 1.448672402079494770e+00 1.939328881234330559e+00
-3.349218864786255967e+00 -1.156797328693811716e-01 2.547034459492618641e+00
1.839673170667293634e-01 5.734699063382011630e-01 -2.295133574361689632e+00
-2.545582894231096294e+00 2.006959637044029687e+00 -2.823541118622296509e+00
-1.383245697824917020e+00 -2.124509808780553843e+00 -1.303363334799127804e+00
3.536926718261170333e+00 7.686844018602556616e-01 -3.976950671782184088e+00
5.464518879717287225e-01 -3.547112715106356617e+00 3.338103234344099945e+00
1.979706926390123023e+00 2.705722532047082574e+00 3.162534187095476845e+00
-3.930797513071398797e+00 -2.373068777242910876e+00 -2.651610474731309619e+00
2.514934892709466130e+00 -4.073943152100323317e+00 3.615971763167994624e+00
3.505439105487307416e-01 -2.320320664236708463e+00 4.193317886252773685e-01
2.638673065287736819e+00 -3.754213926285749348e-01 -7.424468067088290102e-01
-1.037220227415480006e-01 -9.237391204293980973e-01 -3.402151368724051217e+00
-1.062595494356333825e+00 -2.473849360757696125e+00 1.612676264525608527e+00
2.875200902367388345e+00 1.420080311423477681e+00 -2.076527315776951266e+00
2.715017032879415648e+00 5.082994057850662717e-01 5.893260121194958678e-01
-6.325219030243556251e-02 -1.768634630096094895e+00 -2.771231561433501689e+00
3.834355267521760147e-01 3.441201383007438164e+00 3.133981890528529490e+00
-2.402320935569519200e+00 2.087057798338973758e+00 1.768916808404785934e+00
2.107283652037946098e+00 -8.678190823441532809e-01 2.623816560942805465e-01
-3.654544149924892960e+00 -2.074731326264494857e+00 -1.054929427296000144e+00
2.505452167159567534e+00 2.750523002738812561e+00 -5.903797747452699252e-01
5.573356223841208212e-01 1.981408861275650413e+00 3.960221268409348294e+00
2.690639908791792045e+00 1.325205123052323741e-01 1.971870035868084958e+00
-1.794728401819313257e+00 1.520681889036764378e+00 9.221520319015500400e-01
2.989290346911879087e-02 2.357861814769724784e+00 -1.899067160993259229e+00
-2.248007458499923672e+00 1.715071599517900669e+00 -1.269921111043030626e+00
-1.556216334367120702e+00 6.117586454577461641e-01 9.855359006908888109e-01
7.908001345579022123e-01 -1.778675969613396024e+00 -8.562718161160693953e-01
-1.193878692809754449e+00 1.266156516276422561e+00 -1.890071865586530508e+00
-4.708468934414324764e-02 -6.226544314751626674e-02 -1.460555206279383844e+00
-2.966729736455298472e+00 -2.141055467038805116e+00 -2.483550775428209345e+00
4.029414420877522218e+00 3.861857201579940391e+00 -4.402427729203478024e-01
1.365392486455227372e+00 -2.836684333181556106e+00 3.140339085137586306e+00
-1.623544513549222135e+00 1.701095183719759651e+00 1.978948332187617121e+00
-1.195448758004966194e+00 3.244475435382216055e+00 -1.281109171157629900e+00
3.394738090796611374e+00 -3.688832855849770720e+00 -1.241450356652349651e-01
2.276953815955236937e+00 -2.667570273433064187e-01 1.088493140541066939e+00
3.665250348507678613e+00 1.869091405862215866e-02 -1.059554689825113138e+00
-7.256030600195413349e-01 -5.461060753686156621e-01 -6.410340599723995947e-01
-3.840749431618452281e+00 -2.860495734501078857e+00 1.796872314828166506e-01
-1.191132936851562407e+00 2.826005504423217296e+00 -2.413489953697128154e+00
-3.417151129944153709e+00 4.311197405721061693e-01 -5.910102319783021585e-01
3.863486919998836644e+00 -4.026244947406279806e+00 2.242447101591385383e+00
-1.007566706707745841e+00 2.746671997345343286e+00 -3.392882535968209101e+00
3.271984984439865851e+00 -3.244835541980629401e+00 2.807535320394784151e+00
1.706250514143747843e+00 4.096122369843323341e+00 2.741269467511866065e+00
-3.224711063151633472e-01 -2.364908579068417449e+00 -1.951899992051030264e+00
-1.427305316780152600e+00 -3.002525536575789022e+00 -1.706278363968863232e+00
7.215915996926900444e-01 4.108262499142295354e+00 2.424388200390390047e+00
-3.239329525042774272e+00 -2.561579243641576298e+00 -4.458684688838054355e-01
-3.673761613291229189e+00 -3.284814149450292486e+00 1.568768943041145780e+00
-2.634364501029872851e+00 3.255486370071388524e+00 -1.618357367328427387e-01
-1.864936273227494556e+00 -4.691749535400046023e-01 2.981146893945516574e+00
-1.473245860430175025e+00 -1.114321101066825248e+00 2.284267947976329260e+00
2.219315705252461246e+00 -2.942131980382458600e+00 3.120897387348686713e+00
-2.171021813233716902e+00 -2.812566757088350133e+00 -3.592622574350279763e+00
-1.753408275447306597e+00 1.113091969868824638e+00 -3.494635640629136786e-01
-1.292641367215748627e+00 2.220896193401021013e-01 3.454398237878149480e+00
-1.129768806310230245e+00 3.137018784075773503e+00 8.723127550707735489e-01
-3.964785703383913784e+00 -2.368474088516853815e+00 2.722015408250933799e+00
2.802042027318103923e+00 2.934511768527466202e+00 -3.088850974229841118e+00
-1.825311511064105385e+00 -2.051080837115737410e+00 -3.925289589317211281e+00
-2.996070566401908941e+00 -3.154448834481758279e+00 -2.738752653502399159e+00
-1.869914817452746680e+00 -3.710755461670341315e+00 -1.530255106321885272e-01
4.255886467857004085e-01 1.466290718049094277e+00 -3.011180307589999217e+00
-3.264906908634721550e+00 -3.927860569204424390e+00 -1.810697137327020201e+00
-1.699270447399747752e+00 2.131287053479914650e+00 -3.759140718466441822e+00
1.609655887431347798e+00 -1.555412418454440449e+00 -4.473527158763413447e-01
2.078051915456691212e+00 2.126649094612445445e+00 -1.437442279593397765e-01
3.263224405565852693e-01 -2.219733222393747596e+00 -3.608885478933338220e+00
1.947460758701421213e+00 3.149405196092678327e+00 4.032751135827767008e+00
3.275997682562211910e+00 -9.502630691023113974e-01 -1.169861042945567808e+00
4.059082139129692735e+00 -2.744067814847568787e+00 -3.704654575519934046e+00
2.462981977909087794e-01 -1.423991472416231474e+00 2.596037651482167696e+00
2.013554570850205838e+00 1.046145932730003336e+00 -2.520537009167461484e+00
-1.455058456276421941e+00 -1.417776202963503485e+00 -3.390887384740327803e+00
1.532779745652135706e+00 1.719495917374756488e-01 -1.486287674015631222e+00
3.480665597956123403e+00 -2.898911384645110889e+00 4.619098776485752178e-01
-2.059075646092996870e+00 3.963710834045890419e+00 7.438042678219238812e-01
3.748026158308724209e+00 4.266023470329050049e-01 -2.498348703665611570e+00
3.938624044575341543e+00 -1.975323743675410748e+00 1.646178823813840841e+00
-8.660080940598258170e-02 2.827830334250328370e+00 4.005857477435957215e+00
1.534950386730369543e+00 3.455754717405080445e+00 2.071747204011230803e+00
3.404282292420874434e+00 2.771148274280936352e+00 -1.114952485964613299e-01
1.320704630220135734e+00 1.130853175424518575e+00 -3.122765097784391042e+00
-1.802803288273377325e+00 2.709452119577159479e+00 1.391827657068327007e+00
