8.220706914434900980e+00   8.220706914434900980e+00   8.220706914434900980e+00
500
3.485270358167389837e+00 1.411997839095970875e+00 -1.074292557223200273e+00
-2.122594884146605576e+00 1.855655099194194024e+00 1.965302791275569949e-01
-1.771581280844737094e+00 -2.632300145737422881e+00 2.155631882250325315e+00
-1.872823564942972530e-01 -8.133926087818340589e-01 2.187489206575345957e+00
-1.835485005977733008e+00 -3.395021751430002066e+00 -3.041847388897370497e+00
3.667636520766518693e+00 -2.064508410603433930e+00 -9.581640031347593567e-01
3.919960736109029842e+00 3.741130001963463680e+00 -1.473870366046975411e+00
6.276398696407134992e-01 -3.283080540813843484e+00 -4.071824698924697117e+00
3.441273461493372210e+00 2.354286153967336315e+00 -4.059307900207344666e+00
3.935925207788246727e+00 1.647443168986934436e+00 3.516727331792678157e+00
-6.151419796524889572e-01 2.236577203879950293e+00 -9.760798562993019400e-01
2.412116191258625530e+00 2.246151914595935217e+00 2.886235459239277379e+00
-2.019038269999751112e-01 -1.848703533685744693e+00 -6.575773592774447618e-01
1.562001660318673046e+00 2.535848602731631374e+00 3.142139017114968236e-01
-3.315539830559652401e+00 1.869338333404810371e+00 -3.868288601620428757e+00
-1.096735558159229296e+00 -3.842723447479846843e+00 -4.734388245554757013e-01
5.221569301608806057e-01 1.996648806997247450e+00 1.559131740430022894e+00
-3.930875854892141863e+00 -2.306141703587936131e+00 1.998527786663134798e+00
3.220208197682865148e+00 -1.042627955133324624e+00 -2.989259608812824709e+00
-2.575033976432291372e+00 -3.273680223886609397e+00 1.683356812167256189e+00
2.337574714725145331e+00 2.874885649555855682e+00 -1.129047068438610912e+00
-3.728201553756028908e+00 -1.145480343413997515e+00 1.419735031959751259e+00
3.454920164946584937e-01 2.181724454374806665e+00 -1.399626760661682123e+00
3.983346272305067881e+00 2.729221181496381821e+00 2.648247572666781569e+00
3.043757723204640442e+00 2.885767200739703497e+00 2.355719923176111230e+00
-1.813317962359041413e+00 -2.314518953340461760e+00 -3.932693326687890512e+00
3.655377448387333583e+00 1.299669690581821468e+00 -2.203823080116094957e+00
2.441624448058936636e+00 9.020756061999399833e-01 4.015346987543021662e+00
-2.146896475868495191e+00 8.866974012315821385e-01 -6.624105998596668821e-01
6.094636002933391250e-01 -2.300759401377456381e+00 -3.296950338380762791e+00
-2.622014461363929794e+00 -1.679321998692393070e+00 -2.171828454925194052e+00
3.916042378122802869e+00 1.710947455745743584e+00 5.718847354234568581e-01
3.058210523880360743e+00 5.719230283404306281e-01 -1.267854933375535342e+00
-2.091061079771378672e+00 2.079353784124506888e+00 -1.928818968658965183e+00
3.317421800308217872e+00 -9.720359216986053097e-01 3.483068137104292639e+00
-3.090330044612436211e+00 -8.602880114239127574e-01 -3.831530766440200519e+00
-6.199852851716264324e-01 1.098144847400290391e+00 -4.061590659930797820e+00
-3.032313402187015061e+00 4.249122807231158760e-01 -3.726394913280708376e-01
-3.386656318212380334e+00 -4.897536485894071201e-01 -1.658700138285892134e+00
-1.221944227179317943e+00 6.277553632809456108e-01 -3.061007279792552715e+00
-7.912421518906801454e-01 1.631714880238681831e+00 -2.964120857006514953e+00
-3.220960943204237648e+00 -2.234988314101850726e+00 2.634759852337293040e+00
-3.831062304276125818e+00 -2.570281827950375853e-01 -2.704944291265602097e+00
-3.566942419098830364e+00 -2.861225128323698352e-01 4.692105728102978768e-01
1.667842209517980345e+00 -9.923647918841589366e-01 -7.456138307748061411e-01
2.971529413213021442e+00 3.064037597597941254e+00 -3.441673117967540829e+00
3.125639804623674411e+00 -1.457252044618109643e+00 2.679132199589363328e+00
-2.867061799651097420e+00 -2.343552854155817489e+00 1.747943998160000678e+00
-3.955941439455815889e+00 2.718913246333856115e+00 -3.705366904515472015e+00
7.243511214275952792e-01 -8.177858070119660150e-01 -4.031124292113040575e+00
-1.436104626851613997e+00 -1.818692823127653346e+00 2.904077494265872250e+00
-2.496867022794357016e+00 -6.880752412852676470e-01 -2.892276537806917625e-01
2.600287407283548902e+00 2.186700741316438990e+00 -2.128616927513017343e-01
1.935955388858904058e+00 -2.329670924773616036e+00 3.780305331742148223e+00
-2.406294169526176141e+00 -5.775753411875594878e-02 -2.172549991322229701e+00
-2.076507575344914702e+00 -2.969814664282610206e+00 -1.766996220265984796e+00
1.448175632092211229e+00 -6.767899913621161501e-01 3.134546149523106173e+00
-3.304678978630333219e+00 1.648991811024052900e+00 9.046937907600965945e-01
9.727057136389725134e-01 -1.828379940192189079e-01 8.285464754615458061e-01
-1.116279950382303765e+00 3.102560944350770455e+00 -3.445490729787501927e+00
-1.287894621572097886e+00 2.844842508712032370e+00 1.554507336941752138e+00
-6.851423430321422758e-01 -7.976430786268986495e-01 3.732714665281303912e+00
-2.760685340616935157e-01 2.972855095125706892e+00 2.641011605094925940e+00
-2.721698427326427527e+00 4.089160369210630641e+00 2.612213183823023588e+00
1.392101315173083220e+00 3.740043114150883419e+00 2.636703597759338269e+00
-2.686576909783917610e+00 -4.825450847513081815e-02 -1.081971019752499208e+00
3.185943497537513380e-01 3.596968384994550405e+00 -3.159865208720282759e+00
-3.670252307848713258e+00 -4.087054258040066834e+00 2.940056759468864023e+00
2.346773654458285563e+00 2.804612151123823782e+00 -2.914101960977425243e+00
3.073656253331927601e+00 1.215306077186866229e+00 3.360934881843304911e+00
-5.548755280699950720e-01 -3.946375389259739297e+00 3.712698112235027215e-01
-1.109281004992929365e+00 9.943271298580151907e-01 -8.102762682606480249e-01
6.516231344113839752e-01 -7.221051850567185015e-01 -1.268073411370338466e-01
3.077460579170737009e+00 3.500420020920487207e-01 1.440045929242640188e+00
1.995671865065949679e-01 3.984823201471352494e+00 -3.390950784400088014e-01
1.872740369552657214e+00 -2.650336936585484526e+00 2.719254315936832977e+00
-3.395240194109678256e-01 -5.076271667751273142e-01 1.276870617274679098e+00
3.186699916890991968e+00 -2.513881524624737462e+00 -2.540653916858180761e+00
3.582201849560227913e+00 3.842539720341433096e+00 2.584863591313578457e+00
3.345686530351346555e+00 2.566247247793151942e+00 -9.140168387661401495e-01
4.487815453418314560e-01 1.025403581237899431e+00 1.224075143832826229e-01
-4.734921641783124691e-01 3.387110377768109526e+00 -2.037732254938118270e+00
1.145519523612170965e-01 1.425185576564126089e-01 2.889913552882417136e+00
-2.314666239483687882e+00 3.675281973140688940e+00 3.434971827359245111e+00
6.271598877271843397e-01 1.442944150616131571e+00 -3.484392203717762371e+00
1.090268196208909135e+00 -5.354985667202009081e-01 -3.122512612396967757e+00
1.609184043492194904e+00 -1.720199822108996690e+00 -2.158106133522422893e-02
3.032902620514713821e+00 2.382145714945764770e+00 -1.843856085061924777e+00
-1.857130525148617206e+00 -2.350808638620658808e+00 1.295992421333449052e+00
1.640855819276769934e+00 1.328374291512863126e+00 -3.644964281472785395e+00
-4.019867666200550360e+00 7.721493913526332742e-01 -2.970941814458456065e+00
-6.622684692135663020e-01 -1.234803868726696674e+00 7.609598192145964335e-01
1.469534638903459367e+00 -3.138095438423358363e+00 3.738450517531407780e+00
5.794169747021054029e-01 1.528372237155966262e+00 -6.994416934201161951e-01
4.046558338176158842e-01 -1.032912505887021659e+00 1.196232249546739235e+00
-9.340259945666263830e-01 1.996072827317062259e+00 1.224199350412743970e+00
-3.366497336736157919e+00 3.782204812474948774e+00 -1.333518420446353714e+00
1.881920280342420648e+00 2.965827884755254940e-01 -1.303704050865252873e+00
3.446380894633059189e+00 -2.672900698956583110e+00 2.528804496639316834e+00
2.185973545146660424e+00 3.994431461957896445e+00 -1.698611643820289396e+00
-6.477068413141201519e-01 4.040123569946602267e+00 3.529193639611665656e+00
2.258438719045078980e+00 3.829340372333562392e+00 -7.223364692310864088e-01
-1.530188989588341153e+00 -6.052518931751280640e-01 -2.132201114458834645e+00
-1.091020198949506526e+00 -2.884284346704925284e+00 4.132955183999953985e-01
1.603540454575935748e+00 2.025399085874367788e+00 -7.120967570990749396e-01
2.546384597561193175e-01 -3.640176769083298680e+00 1.731905930575212915e+00
4.383187943019834498e-01 -1.813833849124708020e-01 -1.273072667955141624e+00
4.060123914597471462e+00 -3.765567505816578731e+00 -2.445932799329697538e+00
-2.427617320538933754e+00 1.656028185823895216e+00 -2.793301311702086398e+00
3.150771779182667043e+00 4.009034013964248189e+00 -1.901694478215073758e+00
2.202283296660191847e-01 -4.076631670341361868e+00 -1.736385257332244469e+00
2.256007824183546617e+00 -1.130452326491100168e+00 3.683958255995186892e+00
-1.635202129733602128e+00 -1.851043457078741516e+00 -2.189147395687622399e+00
1.921478468615025470e+00 1.319841995465343309e+00 3.174562803608741657e+00
-2.144498316682574401e+00 5.543224150781891346e-01 1.133786712430496335e+00
2.079767170326457304e+00 -2.386236087850408971e+00 -2.674565042517245583e+00
2.803051569328965709e+00 -2.589323836279667557e+00 -4.075110318592267133e-01
2.207694581867549743e+00 2.297068452492925794e-02 3.210445848975805316e-01
-3.221871097867832212e+00 2.530311073720866055e+00 -3.121168334130130617e+00
-2.388881994631786299e+00 -1.168495059080770782e+00 -1.152625851433454418e+00
-2.741266261181867225e+00 -7.676609559817660910e-01 1.610374034620827954e+00
-2.218950347917695964e+00 -2.485990301563208327e+00 -2.695658402021209099e+00
-6.010058826243932506e-01 -1.661677332659991624e+00 1.674923144501434091e+00
-3.018114649148314399e+00 -7.605394596608222590e-01 -2.492710172716290806e+00
3.938518506558920773e+00 -3.744663343255174581e-01 3.812749652973092207e+00
1.966964067233893942e+00 -9.215558744025186266e-01 -1.703830473244276167e+00
-1.986465068773738629e+00 3.512208355316261521e+00 2.105730566614156807e+00
2.042897282142760174e-01 2.637046827187568887e+00 -4.034076696432857267e-01
1.539281438959525738e+00 2.547054269477482702e+00 3.600229261361320710e+00
1.047700294969312829e+00 7.425318682751715915e-01 2.606695152474326704e+00
-1.678835048108674038e-02 -1.642377278582979772e+00 2.827529921896713816e+00
2.848667450636236609e+00 -8.273164390917157052e-01 -2.193324464688891862e+00
-9.942066229111584663e-01 1.697906054207671822e-01 -3.846717467240340138e+00
-3.036275496785270533e+00 -8.808902522525858814e-01 3.307149607885880194e+00
-2.341714255492687968e+00 7.132861200251963130e-01 -3.298142152808988037e+00
2.807294073835113757e-01 4.029920558734649383e+00 8.550595342619985439e-01
6.635137758538317554e-01 2.214957794135337110e+00 -2.895435729781078660e+00
1.383451117292597565e-01 9.974505514790639182e-01 3.427539162098390157e+00
2.076405991311136567e+00 -5.862396761648094312e-01 -2.777362985815615026e+00
1.293567849055867969e+00 3.665135800515909592e-01 3.582043985309062872e+00
-3.720689674738082431e+00 -2.754470618436212881e+00 4.061452061659724500e+00
2.447986633618706998e-01 -2.088579052914541379e+00 1.441470091564544864e+00
2.432065170358455597e-01 -7.002778351267046064e-01 3.294293323024431341e+00
2.691380880493975614e+00 -1.823084268804419095e+00 -2.060275996183086988e+00
1.652823279490019059e+00 2.815850418668685684e+00 1.750169735795487291e+00
1.179278450906896980e+00 -1.800604884773122638e-01 -2.067082849607692285e+00
-1.089326031868735889e+00 3.623023178896714658e+00 2.487189857177070085e+00
-3.883300659978858871e+00 -3.197226022356006947e+00 -2.381179299051325027e-01
1.773488041818183536e+00 -1.911846196989969715e-01 -3.865889665448846380e+00
-1.942295209917337173e+00 8.251610650737308816e-01 3.879190434319965686e+00
-3.366497271717201478e+00 -1.185493851808491650e+00 2.365222151512937465e+00
3.077382726963925563e+00 -3.921663407397972367e+00 -3.219042974945027780e+00
-3.860034222120630187e-01 2.487143141337814889e+00 4.208881303448176459e-01
2.521766137443941957e+00 3.701014852372720210e+00 4.110084806007524350e+00
1.593665400403796673e+00 -1.156855305000265011e+00 -3.739254947973284171e+00
2.015455518080515596e+00 -9.704863358952651176e-01 1.707426035521550478e+00
8.398052241790986416e-01 -2.574870697681952869e+00 -5.023812913920406853e-01
1.572548561741360929e-01 -1.564765194232369483e+00 3.894699058847345796e+00
-2.095627896710431592e+00 -1.046146730948405157e+00 -2.843034083694916614e+00
-2.015470729799442751e+00 -3.324731090231785924e+00 3.253166732997406108e+00
4.085519236428302392e+00 1.620758835868559400e+00 1.572852432495864816e+00
-4.362752560919270217e-01 -3.035409522932152715e+00 -7.059207676178144153e-01
-5.378838215188578298e-01 3.444931494564305918e+00 1.057936732346242747e+00
-3.062688282204128587e+00 -2.981567188372374222e+00 3.414665611799474920e+00
3.242338941479658287e-01 -3.191266878664139828e+00 1.042888179789203562e+00
1.433120905881094975e+00 3.433588842283396225e+00 -1.465031634169055685e+00
6.863470891694696263e-01 -2.856995545008245152e+00 1.909582131600781718e+00
4.126967882671936372e-01 1.612454137464974235e-01 3.845651808153647710e+00
2.818415129131152774e+00 -2.006817681074138715e+00 3.503654830619985727e+00
7.903087657880344952e-02 2.346041130955971998e-01 5.223650009118151472e-01
-3.889698175448371487e+00 5.214243422730829858e-01 3.213198968146112389e+00
-1.947403808976606587e-01 2.474275601176440631e+00 -2.443379717684120322e+00
6.542857927414488239e-01 -2.497714433626567754e+00 -2.293655574757310855e+00
3.990032977968034356e-01 3.224733396657439854e+00 -1.244605042189786070e+00
1.343861086878322286e+00 1.310801779327756433e+00 -1.321161954045252607e+00
-4.076329451214904864e+00 3.698017973996138519e+00 3.665342459535175568e+00
2.059449804422302521e-01 3.382734670924083531e+00 1.905021553209965912e+00
-3.743120460618089229e+00 -2.271655863948552234e+00 -1.668159681658480720e+00
1.002430996641050287e+00 1.209821405246112924e+00 3.859518833825950956e+00
-1.430854574980047422e+00 -1.305109722305126230e+00 -1.331774346799198927e+00
1.395458850048416188e+00 4.008103409955856122e+00 -3.381896146203220876e+00
3.083551356262645982e+00 1.537410361569830020e+00 1.109015264169559867e+00
-3.580414946644269847e+00 -4.947063077406183007e-01 -5.861634295343267631e-01
-7.545846131736566598e-01 -2.324006246317147362e+00 2.528078645807990021e+00
-4.085362316042031594e+00 -3.693664200384881635e+00 8.812455003155432731e-01
-2.281449613105564378e+00 2.668379251012111375e+00 -3.279530309214734984e+00
1.294405249378352218e+00 -1.763752634607764214e-01 2.282529218112028246e+00
-2.890261799751485228e+00 -3.992895605768637335e+00 1.098867749928103432e+00
-1.099158075277995694e+00 -2.428478326452678804e+00 -3.013187112964813341e+00
2.290352693607674794e+00 2.728320875914543642e+00 9.112519005503166847e-01
1.060942897598907031e+00 -3.689730074927859427e+00 2.967396698919646386e-02
2.648240526417305230e+00 3.232589133929948844e+00 -2.151272418038094436e+00
-3.696359250065945456e+00 -1.363357381561147719e+00 4.264927135864511332e-01
8.163401203456360777e-02 -3.367004667805774343e+00 3.287285518150016905e+00
-3.258526680402515030e+00 -1.945305257197169402e+00 3.493106507717607112e+00
-3.413591453669484910e+00 2.025603032819812910e+00 -1.157868965453977772e+00
2.224252314699838973e+00 -2.237522133928243395e+00 5.899683141001232922e-01
2.581805248311314749e+00 -2.231256796615045612e+00 2.297371810669650127e+00
1.282704962241025815e+00 -3.536223049246224104e+00 3.040096809622494511e+00
-3.339696407134514544e+00 -2.384776451062554870e+00 1.285130056733390647e-01
8.832400884399829732e-02 -3.186827404819665865e+00 9.510380691350384108e-02
-1.591065538897871168e+00 -1.628585169608029348e+00 1.857468361395615108e+00
3.906444786772774513e+00 -1.349564708621044495e+00 -3.550050715130573131e+00
-3.813622894245235262e+00 -1.506351977178556290e+00 -4.839822133040850849e-01
8.417612075488420942e-01 1.632675409124105581e+00 -2.123963357535657348e+00
3.889680088644924982e+00 3.810471831616778271e+00 -3.331126754877763219e+00
-3.344750213885893775e+00 1.125874589895510036e+00 2.678969843951870544e+00
-3.569113224583583932e+00 -1.236309036627353475e+00 -3.046411232568134064e+00
-1.945771714486365322e+00 -5.502797875309352049e-01 2.559593647744785372e+00
3.153258028586620743e+00 3.176214747631456614e+00 8.320073611029532579e-01
-1.383824147747340527e+00 3.282675176005481532e+00 -2.417346954061247111e+00
3.252023443427839666e+00 4.246517646529320289e-01 2.515007068876840002e+00
-2.211224436319386921e+00 1.894561725345141223e+00 1.169902383692089431e+00
3.346531064158522195e+00 3.536619285331576545e+00 -5.821771502275826515e-01
1.185155711270315937e+00 1.681813823841310507e+00 8.714844900330755151e-02
2.114739670583975606e+00 4.064668754294190056e-01 2.655478383938035591e+00
-2.321081531425954303e+00 -2.195893389593407186e+00 3.228985321379139517e+00
-3.381805712877247405e+00 -3.940513135032079450e+00 -2.944817175677875376e+00
-3.165921560362394138e-01 -2.120805560157048575e+00 3.446221465352005686e-01
-9.950966106313954840e-02 1.365747045340516497e+00 1.139642845239134505e+00
4.859057825428496347e-02 -1.482233345478378705e+00 -3.282985728795131397e+00
1.894272006012754250e+00 -1.470057597857627574e+00 2.719304209899345182e+00
-3.961236754778548530e+00 3.498392138595496359e+00 8.758656009890258831e-01
1.201923701191272287e-02 2.043838051397923739e-01 -3.701697032903719098e-01
-1.144270991301632678e+00 -1.690626648038658031e+00 -3.626449618879629355e+00
-1.147137816752936468e+00 3.640123659665317923e+00 -1.252758735094754217e+00
-3.095329523901159785e+00 5.289691631673572036e-01 -2.611514291104072072e+00
-2.985320937244693162e+00 -4.000089239461253499e+00 3.742675569934965640e+00
-1.756452159417243086e+00 3.527917264223419391e-02 3.359441424416406363e+00
2.822697420759300524e+00 -3.016900419892040164e-01 -3.854657493449197947e+00
1.217565909499101373e+00 1.175064254854487622e+00 9.859886772022851131e-01
-1.450838186092929138e+00 2.400039945049724732e+00 -2.842754267813688340e+00
-2.612781051311935610e+00 2.711433558738073124e+00 4.123854738820692534e-01
-1.085702632521677424e+00 3.065912483223292906e+00 3.329180275570498893e+00
-1.709240122559529285e+00 1.547536973455760245e+00 -3.546793789166339916e+00
-3.616134836886868431e+00 -4.012229555464154274e+00 1.457159397528651479e-01
-1.860161405571581827e+00 3.820215135277894802e+00 -1.770017666201450790e-01
4.025260461028095094e+00 1.785928744509341026e+00 -3.543456510341610688e+00
-2.620217690478925832e+00 -2.976329172142603507e+00 2.572645870489287390e+00
-2.420765855893838303e+00 -2.504908101364133444e+00 -6.130584081419458709e-02
1.734834680737837864e-01 -4.103844145087768069e+00 3.993051140685449862e+00
1.460959490756658374e-01 -2.497072332224673286e+00 3.982243711656911600e+00
-1.802193813540752032e+00 -7.890676050349937354e-02 -3.047999654687530313e+00
4.452904559531631890e-01 -1.676122916175889932e+00 1.805557950177298920e-01
-2.882550870200103255e+00 -2.559083050917190683e+00 -1.906777947532799278e+00
2.402939687418003345e+00 1.896177049482836496e+00 -1.372134407684147295e+00
-1.004355384232786585e+00 -2.326770324214264107e+00 -1.337221514071094575e+00
3.729234660505701626e+00 3.164229810702405832e+00 1.679339860576986032e+00
1.641901820642444054e+00 -2.871881825299186008e+00 1.753420211007674367e-01
4.000057637233875418e+00 -3.197813433496480062e+00 1.709939694648179520e+00
3.597711810504583774e+00 4.093842245652139056e+00 1.621287419796781037e+00
-3.493574301320215625e+00 -1.870232364241571910e+00 -3.841197016694934963e+00
-8.058110972699210617e-01 -1.273558954515455088e+00 -2.146524891395023560e-01
1.480108290869823762e+00 1.839264308924078550e+00 2.478826724919608981e+00
9.265710451168887030e-01 -1.541601632120199961e+00 3.069836805068133501e+00
6.079754952023245229e-01 5.520272428422224875e-01 1.356291520213613655e+00
3.817213446076385797e+00 -4.907574840775290603e-01 2.597033583495780285e+00
2.311504575517926874e+00 3.889759001249930570e+00 -2.839541045240054018e+00
-1.213524594761306030e+00 -2.257393557031291742e+00 -3.976545138780320232e-01
-1.392715955293383656e+00 1.580063725512268258e+00 3.595969863054768734e+00
-2.195006497582309812e+00 -1.628218818292182998e-02 -3.972602973154248929e+00
3.665314396692555654e+00 -1.618722517286155904e+00 8.182148442006886846e-01
7.097607411880660910e-01 3.036292086276164426e+00 2.725367770078964913e+00
-2.164663445086758564e+00 1.774493034877121511e+00 -9.960887041167293399e-01
-2.578561969529082898e+00 3.781669487126809059e+00 -3.326852092833198160e+00
-4.096846021079385558e+00 6.808687198687263242e-01 1.485230639255366469e+00
3.847418365149927411e+00 -4.803797161273453131e-01 1.210236132979603196e+00
-4.247294050284280420e-01 -3.029631030912265821e+00 1.970779618288370560e+00
1.187182942509980244e+00 3.054019091780920125e-01 -1.072500722736464962e-02
6.651156459915767982e-01 3.694086882352207724e+00 3.285820071535338727e+00
1.986071785930244360e+00 -3.611076846381758632e+00 -3.951770058792466234e+00
-1.413867323618442695e+00 2.730312514905292254e+00 -1.562992991758912709e+00
1.771031475626205776e+00 2.916805353297955428e+00 -2.252019340949300119e+00
-2.932480198397554361e+00 2.184135570925143377e-01 3.226947796915124123e+00
2.502483426054365800e+00 -5.934213476574876633e-01 2.631930891021392327e+00
1.634053437269133546e+00 2.255872838997703411e+00 -3.101048569941643684e+00
1.757484916002727049e+00 -2.788411715409910396e+00 -1.048652233088937846e+00
-3.257888582083125151e+00 -1.418638875429788948e+00 -1.196645592780921197e+00
1.586250275789213293e-01 2.426976625707544244e+00 3.172378384452327449e+00
7.155072781042749464e-01 3.274614981461501095e+00 -3.916530052075385182e+00
1.152480511112953243e+00 -1.524343805403381991e+00 -2.864777189723112016e+00
-2.910271591834496352e+00 -2.323307704103486415e+00 -9.420121853251122168e-01
-4.089741651855137050e+00 -3.520236005025799475e+00 3.720205990524044104e+00
2.284535368549099055e-01 -2.581188562405450693e+00 2.685297306104386994e+00
1.653790182344566650e+00 -2.585951441323345090e+00 1.429797908068541901e+00
1.400028598267462066e+00 2.111150496127704113e+00 1.169907512634664526e+00
2.654247007523589996e+00 -2.308668724844555431e+00 -3.546167223216297071e+00
-2.904788133071255718e+00 -3.410595216221306458e+00 -1.290852404415482102e+00
3.060311720502582933e+00 -2.537967728130343659e+00 -1.542275658268921656e+00
3.830447369537637314e+00 -1.563859901044119649e+00 -2.463309116463471504e+00
3.565282058226736162e+00 -3.149892995999914014e+00 -9.768992309098073479e-01
2.978291166046738159e+00 -3.435787105838601807e+00 2.002235395952596253e+00
1.935107047573230377e+00 3.299942207792703197e-01 1.275890360741747775e+00
-1.069384453075083341e+00 2.177871450746648452e-01 -2.365034735275429456e-01
-2.404277415187858313e+00 -1.587906839823454819e+00 1.388424006173556435e+00
-2.795101814691266714e-02 4.002393067823862616e+00 2.767656469040070455e+00
2.409369213160196033e+00 2.742066497256202773e+00 3.969546824775743499e+00
2.249255047496911963e+00 -3.426236723320195132e+00 3.195487666405318894e+00
2.343005327494051215e+00 -3.291451400819870976e+00 -3.022979523324576423e+00
1.580987485704695050e+00 -2.280635937567933258e+00 -1.826853968201717526e+00
-9.500556300568908652e-01 1.040499815280140572e+00 8.765441878559175892e-01
-1.777390172802961521e+00 -1.981434182253023701e+00 4.162504345198457800e-01
-3.318380061992856067e-01 4.358537509006894517e-01 1.222294977781519743e+00
-3.064541299025588472e+00 2.317030533768643874e+00 1.589702585996802364e+00
-9.289194247601645360e-02 -4.511236171385085147e-01 -3.680268549491544583e+00
8.101222414612424538e-01 -2.758219450014034901e+00 4.897858200485367131e-01
3.733021594282828204e+00 -1.449413583895950319e+00 1.888544781585299814e+00
3.606836542122735523e-01 1.930652508550509072e+00 3.858505611118129064e+00
-5.306298861588455429e-01 -3.864054604492828116e+00 2.151703955191412554e+00
-3.619390991181967276e+00 3.644522951753858653e+00 1.751826635432160773e+00
-3.467674755880181814e-01 -1.558501923384663757e+00 -2.434399539639756416e+00
4.360395240374654313e-01 2.072217026639343374e+00 5.177007696947879545e-01
-1.827451691494336172e+00 3.597852729913825431e+00 -3.839869208267530087e+00
3.970935088202934615e+00 -3.908952782475933141e+00 -6.742650615115717283e-01
-9.818156685236627546e-01 -2.174672366470416840e+00 9.513687541331107278e-01
6.975374170175455690e-01 -1.758867180917922601e+00 -1.135279014228919081e+00
3.727069121802884855e+00 -2.516043001111142097e+00 2.584674396900039639e-01
1.545789499094223585e+00 -8.884895445297233962e-01 7.856845576069008130e-01
6.678414224299644708e-01 6.949637321300808912e-01 -1.832293545460575102e+00
-2.431368672498673167e+00 -4.015599229664013059e+00 -2.103492427439101586e+00
2.800186398633154106e+00 1.111211574656805423e+00 1.945573356944077403e+00
-6.404359092307677637e-01 1.611737705476609384e-01 3.481322212377770065e+00
-1.926391257143072355e+00 2.808488650885601068e+00 3.756639811800988937e+00
-3.946572786467151150e+00 2.547082436420446960e+00 1.167985703154867050e+00
3.932777625727644111e+00 3.049737188323649928e+00 -2.745612664921932566e+00
3.354105887078950299e-01 -7.363287263023240992e-02 1.987371421727702980e+00
2.344599306435867447e+00 1.840499567047533258e+00 8.443402878364003605e-01
-2.262650331870732057e+00 3.664037722114265261e+00 -1.099249546495359997e+00
3.754870986257586640e+00 4.378598510669195476e-01 -4.023909432300906142e-01
-1.963742151468273578e+00 3.307960180318761712e+00 8.910933398331708499e-01
2.870497297865106656e+00 1.068992535177422099e+00 -3.150931175678420626e+00
-3.933131324977957810e+00 -3.213916463987308347e+00 -1.550527670163185157e+00
-3.348574760271910478e+00 3.355960657767144806e+00 -3.058621885388632666e-01
-3.210822799420557927e-01 1.399030712706623936e+00 2.766756443494843953e+00
-2.831395844163073772e+00 3.244201427207676680e+00 1.401327790069284873e+00
-1.718841227127373195e+00 1.827298022613296768e-01 1.968043466660611029e+00
3.203960553381530296e+00 -3.255519056048478355e+00 8.795719287472236747e-01
1.002437468365331652e+00 3.092631102414362232e+00 -2.735351880340000097e+00
2.364892729171735208e+00 2.056456348078789187e+00 1.890767450812292028e+00
-2.397289926125408588e+00 1.981150196539302577e+00 3.983517030245094404e+00
3.200083166628874487e+00 1.510511768687366585e+00 -3.978537988827401506e+00
-4.105797056020979774e+00 2.671330473082806911e+00 3.540426244472091533e+00
2.617153526104997852e+00 5.090599991657621115e-02 -2.049879266982874260e+00
-4.074878873786082600e+00 -1.475811135502608451e+00 3.722002555087456255e+00
-1.968164867563536147e+00 -1.045508042616446254e+00 5.706042897595091645e-01
3.271895928039433965e+00 -3.046647307561321405e+00 -3.382586933414694741e+00
3.410630923673800829e+00 2.216336400784188587e+00 1.828552127883173561e+00
-8.066022795946401480e-01 -7.062454514430727137e-01 -3.050556884496434140e+00
-3.033258952680130349e+00 3.039527798896663580e+00 2.441428325334770832e+00
1.512248767710571817e+00 -3.259520714153407717e+00 2.083192568394641064e+00
1.703175094240322873e-01 1.035083263193340652e+00 -2.671456745267273725e+00
-3.388620705921971954e+00 6.259483141885996416e-02 1.423127449197362226e+00
4.057175399101061508e+00 -1.933630323503397141e+00 2.862743765913277727e+00
-1.706373130790630688e+00 -1.014980136984128478e+00 3.385217009936015486e+00
1.526682930591042764e+00 3.851978743864371335e+00 3.779799196830736729e+00
-2.335863510280203670e+00 1.290160292753306237e+00 3.041581232376529442e+00
3.216786087392550453e+00 2.419807269275487283e+00 -2.840141434183840463e+00
1.784859627888076616e+00 1.122321730923855565e+00 1.946277275290599462e+00
-2.552324616948632219e+00 2.655148814952540626e+00 -1.074220940951859937e+00
1.389153189974029035e+00 2.332707178867577280e+00 -1.644884842366459710e+00
3.504638510333949686e+00 2.643553849976494341e+00 1.414485832510299912e-01
2.709816696710673156e+00 -2.607507915652231389e+00 1.430985984678605716e+00
-3.461759745946720201e+00 1.580231462569981371e+00 -2.810394606317919930e+00
-8.473559845362637066e-01 3.025587970917885450e+00 -4.639123805286295421e-01
-1.004297600225392939e+00 2.365850544930068633e+00 2.473242228181225411e+00
-6.665189460320746218e-01 -3.736830575641660879e+00 -1.435079234216523725e+00
-6.455437353919863952e-01 2.133952181007082061e+00 3.440598113347005604e+00
4.547242106736034128e-01 1.947470496009004792e+00 2.442393567025455514e+00
3.756109873245437658e+00 1.390773771977830142e+00 2.479650971423061900e+00
2.761072075324575881e+00 8.993507856367034536e-01 7.617385980243071564e-03
3.262211290449980261e+00 -3.528394548637292072e+00 3.102300602451241840e+00
-3.280619973002574241e+00 2.032106641902355904e+00 3.312871823434088814e+00
-2.766210085783893380e+00 -1.619687704210426515e+00 4.291800227018074954e-02
-3.248507528847515591e+00 -2.022969969249694522e+00 9.677943365653308705e-01
-2.681304576888277502e+00 -2.006190700141265992e-01 6.860961027143841484e-01
-3.749769826161498010e+00 -2.414908002771559925e+00 -6.796186502459418133e-01
5.514521162523678965e-01 -3.745904620303806443e+00 -3.315198575018825533e+00
-1.052980160168859980e+00 4.982321360197589089e-01 2.660757673948717983e+00
-2.750420144858421345e+00 1.831189261946170599e-01 2.248916920339912195e+00
-1.116086367552950653e+00 -3.050401219949304021e+00 -2.117506383945707338e+00
-1.204055514901626045e-01 1.210503459702348072e+00 -1.312912366307199985e+00
-2.492949458724088352e+00 -1.490918958423598895e+00 4.022452400273738071e+00
-3.416891157511998234e+00 -3.651257523486294065e+00 2.030175724470958176e+00
-1.227792728798748456e+00 2.258975706913036952e+00 -3.946335197543360263e+00
-1.366415897036308280e+00 1.912475104275945581e+00 -3.710589957388864546e-01
1.754122751831765248e+00 -3.621533564930486726e+00 -2.248294074377631624e+00
-2.925754282161822761e+00 9.322880633956975860e-01 -4.076177389553186536e+00
3.328524634705995577e+00 4.067576863930727704e+00 3.884461323054664850e-01
7.772517944180848959e-01 -3.904273311728703622e+00 2.363673825307595511e+00
1.857389837544380029e+00 9.481267483349251624e-01 3.250196122350410555e-01
-1.589408928850563507e+00 -8.026523407417712752e-01 -3.823629492325620216e+00
1.256330650073159028e+00 -3.198361041138347183e+00 -2.955920757520067443e+00
-1.985010692216051531e+00 1.678427255620907332e-01 6.735043723080343103e-02
1.250274418510113117e+00 -3.574009400001608494e+00 1.241168603937081283e+00
3.352180989066542605e+00 3.883213597911188697e-01 3.794811784151391976e+00
-1.931995219546911446e+00 1.973620590992590795e+00 2.191653472877014064e+00
-3.911228546630033165e+00 1.344679612112370526e+00 -1.669117222095273800e-01
1.822019505037818066e+00 3.241795651532827449e+00 -3.616214505599787188e+00
-3.445368126866244829e+00 -2.981284687717633552e+00 9.557400095408381535e-01
3.719856095533165430e+00 -1.063000702715744872e+00 -1.590975630239803262e+00
-3.091995689914928569e+00 2.374288609767460034e+00 -2.002051044871376195e+00
-1.183773472785712988e-01 1.962220249090099511e+00 -3.533631134697010623e+00
-2.626198194528023500e+00 1.243454334171028686e+00 1.798047381390488697e+00
1.065063048292458348e+00 -1.834893989457873076e+00 1.992003608916590451e+00
3.320911061685564825e+00 -3.937957789463375491e+00 4.075919493744736499e+00
-4.080211979345859774e+00 -2.564792116888007012e+00 -2.854471871549646877e+00
-2.963584270205679161e+00 -3.648339368932683957e+00 -3.657313799753454386e+00
-7.381652126667090363e-02 -2.234950427718497945e+00 -1.591940770406033545e+00
-1.829519053603520851e+00 1.066096268235838584e+00 -2.294226577484093976e+00
2.345544312283490473e+00 -7.758100474567367066e-02 3.540340971210640397e+00
1.114934677562611443e+00 -1.869362787881786225e+00 4.048914610295524241e+00
-2.309473741545776004e+00 -2.979701295877404732e+00 8.229862975480566334e-01
-2.799794157289976937e+00 -2.709143184693397988e+00 -3.879733414658321777e+00
-1.784137004611713984e+00 -3.484421665551616920e-01 1.171193216973062556e+00
1.725484821758994647e+00 6.850466005416271376e-01 -2.621205364381911540e+00
2.054737866274459535e+00 -3.450766155971404903e+00 -4.526192648477453395e-01
-6.899544301241469224e-01 1.147302408000963059e+00 1.872086441479620333e+00
-3.422186801675691781e-01 3.183654976005907411e+00 3.903693286142219776e+00
-3.529021013965585762e+00 -1.490803549687499174e+00 -2.086221823482826032e+00
-2.902644458365058799e+00 -3.371600123237958879e+00 1.936352510009543559e-01
-1.622908955470492742e+00 1.199513341994848048e+00 1.693393696171974216e+00
-1.709563777478566582e+00 -3.460766030428282569e+00 1.448209113006939663e-01
-3.748910063726656805e+00 4.943440019018469633e-01 -1.059563288560641192e+00
-2.627215943161074208e+00 1.025393614112423135e+00 3.178339688872860447e-01
1.021842816964977807e+00 3.779744263576217955e-01 -3.559326208116023960e+00
2.652797192981308783e+00 1.238367439252228142e+00 -2.115508161812559518e+00
-1.298479979378095228e+00 1.406266056746192206e+00 2.675811445792949161e+00
-1.264678265854962236e+00 3.569033253016974383e-01 -1.621788463287604509e+00
-3.433120885912477771e+00 2.403283537167390932e-02 -4.089295199812262638e+00
9.738959964519217083e-01 4.052207821884634242e+00 -2.422399579715684759e+00
-1.116132303390317437e+00 -7.469014310467894102e-01 1.811441918217595370e+00
2.645241305346855976e-01 1.086066241221365303e+00 2.097941948469249418e+00
3.685229733725185586e+00 -2.654111163061664502e+00 3.530819038444758640e+00
-6.431047126205541309e-01 8.408757666155335375e-01 -2.253960477357543013e+00
2.788772633018205216e+00 -1.523627897105344964e+00 2.334685179569285784e-01
3.306064581616979137e+00 1.978673689974924099e-01 -2.708679278535635060e+00
-6.982716775545085852e-01 -2.095404435955439126e+00 3.654103880693523543e+00
-2.965806358685997068e+00 1.821830283477154921e+00 -2.829453913774609419e-01
-3.498466385697787118e+00 6.905768461839774108e-01 4.602086514186577992e-01
2.450988872535640350e+00 2.031868199673272812e+00 -3.571186835692996997e+00
9.568996291026543588e-01 2.392025013640444175e+00 -3.802838369000271612e+00
-1.090334034330508350e+00 -3.127856231004718435e+00 1.386054945185064335e+00
2.203083228619239886e+00 3.802325462044009452e+00 3.129230751684241252e+00
-3.623673551625610667e+00 2.013969932840709909e+00 2.347634850053988753e+00
-2.905216224645773337e+00 -4.088784931271375989e+00 -5.258229679275709945e-01
3.028074739983443314e-02 4.728861248268724227e-01 -3.468111324916001603e+00
-2.306282031923986953e+00 -3.345625980638415431e+00 -5.785283289444175248e-01
-3.154661980570043323e+00 3.126049470350338311e+00 3.971769176248346689e+00
-6.306549218340745666e-01 -7.149743554654737210e-01 -1.785690420617929819e+00
-3.595399749469499362e+00 2.614976017503427563e+00 3.603870852791178359e-01
-4.008136024480287718e-01 1.536449348105189294e+00 -1.970172945042509283e-01
3.113144503568927135e+00 2.653968160089086314e+00 3.285644835664578434e+00
-3.615036334033483012e+00 1.187449544730140305e+00 -1.771083081236747070e+00
3.105288279005887997e+00 -6.032227488684984706e-01 1.893546923514492608e+00
1.135116237595457100e+00 -1.771686954915616008e+00 8.958727099290775264e-01
2.991643862403368992e+00 -3.721583310693334035e+00 -4.286567460686356856e-01
3.817877746794485994e+00 -2.405699441017165874e-01 -3.455709269372542636e+00
-2.746131413627695306e+00 3.259086673298971615e+00 -1.872186859119967961e+00
1.203782588718989466e+00 3.643892351706116361e+00 1.493026670273063683e+00
3.421580785676851644e+00 3.303770917635095117e+00 4.088332690052173923e+00
-1.732124488243918403e+00 -1.909890531868322083e-01 -9.215215230367834742e-01
1.065578643168262785e+00 -2.458673178708208340e+00 3.246462075546688197e+00
-7.216750063271883953e-01 1.801399840423966836e+00 -1.909135634974462148e+00
3.702626157256264428e+00 -2.279632428705947955e+00 -3.804276329784755273e+00
3.996545021061931990e+00 1.069065322311700816e-01 -1.973873077757142491e+00
2.328595437422448455e+00 -2.984843283221417121e+00 -1.838031688446697398e+00
2.137710226514766720e+00 -3.902942346158732700e+00 2.191643162694683511e+00
3.051978000694640869e+00 -5.779070174981227881e-01 5.232853985348284720e-01
-3.119981103460804928e+00 -2.826561611781913008e+00 -2.982794739221157787e+00
2.503221376944136378e-01 -5.064070110965386284e-01 -2.510124208887611008e+00
-1.993943961051498404e+00 -2.223997422662618018e+00 -1.065035178416692485e+00
-8.680146453448296384e-01 -4.903614035543412131e-01 -8.543591978649457408e-01
-9.287653529932690111e-01 -3.347687419020561439e+00 3.024795407318366269e+00
1.843872063634258707e+00 1.804431462234698857e+00 -2.234883243554298460e+00
-1.414057911810039148e+00 4.075690994409085555e+00 7.159029881595098121e-01
-1.701687244198767823e+00 2.846265511710277529e+00 8.858813509970174527e-02
2.192176748930238173e+00 3.554840067196693543e+00 1.290982237424510570e+00
-1.254571955939894901e+00 2.292642343741581878e-01 7.103766171245579075e-01
2.677212195402984829e+00 -3.130698196849376558e+00 4.044386461680478106e+00
-4.100449088299170874e+00 2.188302640425704659e+00 -5.105064586746228539e-01
-1.969833080024486982e+00 -3.715413690032056682e+00 -4.015791922160413030e+00
-1.767169983258053412e+00 -3.740767758668656295e+00 -1.364185267389446343e+00
1.150231721491242975e+00 3.063013873180762126e+00 -3.306118423195305023e-01
1.724833139320704811e+00 2.858286170692474926e+00 2.661362481211115405e+00
-2.202489013669674256e-01 -3.082660386429231902e+00 -3.434352960366134244e+00
-1.813577686983293358e+00 -1.442419974767232382e+00 -4.201096033224038240e-01
-1.997733680851376536e-01 2.835010817003590144e+00 -3.366242804938407662e+00
-3.997356772828446037e+00 3.004424956486594134e+00 -9.346299749434638926e-01
1.614607063987344882e+00 -2.452283227978483637e+00 -3.487695908357026475e+00
-3.114261876867254308e+00 3.423966620918227566e+00 -2.737130845296619874e+00
3.028340836433164984e+00 -1.335749743592282268e+00 -3.817634631513479260e+00
-3.247194737849611990e+00 -3.388272889720612913e+00 -2.200299624018771993e+00
-1.717082414247220079e+00 -3.708450208534466164e+00 1.673138585355013364e+00
-2.803121912738373300e+00 -1.887764314486433559e+00 -3.213998808713306232e+00
-3.341763526391133277e-01 -2.674932365159872205e+00 1.162377346849737814e+00
-4.071583019403804293e+00 -3.489772127361195242e+00 -3.533733131035649677e+00
-3.514360676528731076e-01 -3.582647255414200593e+00 -2.482150191730290612e+00
3.094996408686628175e+00 3.621719795365395456e+00 3.311971373264534613e+00
2.305270487150677283e+00 3.409570498681264716e+00 2.204717333507085542e+00
4.106826499850896539e+00 8.503005884593961561e-01 -3.979237299392355265e+00
