8.220706914434900980e+00   8.220706914434900980e+00   8.220706914434900980e+00
500
-2.289538451280701992e+00 3.434800619387584408e+00 -1.444627601878628820e+00
1.939878074055270352e+00 -1.922329095201686489e+00 1.419099808403488039e+00
-3.569872773460330162e+00 -3.421032505791176348e+00 2.565699139517401139e+00
-2.793420236214164132e-01 2.280541934082079170e+00 1.242323631696395481e+00
1.635330909575693381e+00 -5.395341479269334384e-01 -1.146721153913791147e+00
3.616668464868084687e+00 -3.660643081748115257e+00 1.429657352670579140e+00
-2.784169593544627563e+00 4.043486809561568585e+00 3.089722636999624683e+00
4.052085692464095779e+00 -1.486411648880902492e+00 3.172895318959137789e+00
1.024009561693018711e+00 -3.645557453970719841e+00 -2.501277701483219928e+00
-1.962154327431841372e+00 2.493980294500596440e+00 -3.047223190164205509e+00
2.995509004130778141e+00 3.554927198891238427e-01 9.904507106605561773e-02
-1.781404463548597272e+00 1.157941590807619159e+00 9.637116855467713350e-01
-1.841691199826008818e+00 -2.826434162297328800e-01 2.564652575508721721e+00
2.494851225511233839e+00 -1.534707663627833396e-01 -9.939324383061923784e-01
4.422003885202892559e-01 2.868189055352073691e+00 -1.029572414261644475e+00
1.932278215126148058e-01 -1.374354665664313524e+00 2.688547821073320687e+00
-1.259175226858270324e+00 -3.039947767826959968e+00 -3.939527615173433084e+00
-2.249581367694452716e+00 2.155328233237782776e+00 3.485312619074186102e+00
-1.607871967370785027e-01 -4.087505427023875981e+00 -9.630597284735441521e-01
1.898088444327507007e+00 3.824088955921609578e+00 1.573496249156735916e+00
-3.945999454607918566e-01 -2.894898628700642629e+00 3.929866243828031180e+00
1.620801339713042521e+00 -7.544335628890397327e-01 2.591721073402645015e+00
-2.635299727853374296e+00 -1.609886826037907559e+00 -3.484670627589986580e+00
-1.241395714893651192e+00 3.174632076455356611e+00 -2.681662375964866563e+00
3.074619946622884903e-03 -1.979115020161027472e+00 -2.449322371823116740e+00
-3.936131118172694343e+00 -2.923944233004495352e+00 6.244228026313218827e-01
1.560985913127097113e+00 -3.408629051013273070e+00 3.211182569458473246e+00
6.835144493806915023e-01 -2.043401579643309596e+00 -1.564049280086856841e+00
-6.766837065230609793e-01 1.611528444503989022e+00 4.015553534387001910e+00
-5.088834340336569895e-01 3.290899006843382768e+00 -3.408646375634329040e+00
-1.555050913928676115e+00 -2.285964245663772154e-01 -2.280992531842913618e+00
-4.079167928782879038e+00 -2.906821393224324979e+00 3.250436402602358221e+00
-1.856312457792673953e+00 4.074351148775297915e+00 -2.496802594075802961e+00
-1.854185527581271753e+00 -6.635007599591875582e-01 1.665013756550334456e+00
-3.859507429772663478e+00 -2.620067799324420132e+00 -1.117227240056352100e+00
3.347679458664696739e+00 -2.456702577761046502e+00 -2.417418926046698946e+00
1.393477031162661195e+00 -3.688481366947926166e+00 9.160547529392339960e-01
5.375961483745148595e-01 1.840617416789236627e+00 1.085045221796044235e+00
-2.539908045724021957e+00 1.358463194746172720e+00 -3.468798165321591132e+00
2.518963996378927650e+00 1.522515619111325158e+00 -4.095805437272969307e+00
2.706712217745505633e+00 2.039052294533412191e+00 -1.404431584482609630e+00
5.399631042168430151e-01 2.978608562004395832e+00 -3.100459857889344306e+00
7.483982862331607366e-01 2.601729322452005277e+00 2.289215080178537587e+00
1.225444577337324148e+00 2.121492397353731629e+00 -1.459420931051650383e+00
-9.042404274024246069e-01 1.059272557444523866e+00 -3.061564928870176061e+00
2.003257608441545212e+00 -2.122119249504021976e+00 -3.726933470949447269e+00
2.246179551174973810e+00 -3.521633308977788257e+00 2.064042299412597092e+00
2.387159886530393127e+00 -2.624302140612865486e+00 -1.612916983363149814e+00
1.494984061168117107e+00 -9.472617695898039036e-01 1.274497107994780665e+00
-7.130854386629302821e-01 -1.051473398758104860e+00 -1.118647935675920690e+00
-2.818238938457935827e+00 -4.002219888751832322e+00 4.099401188692694653e+00
1.281937242328659687e+00 -2.669125106569126604e+00 1.532362496293144805e+00
2.121553438992813123e-01 4.063407378373302237e+00 3.799880563677919376e+00
3.984055756101314572e+00 -3.931651214539559902e+00 -3.164464898638012169e+00
-5.130341789877314040e-01 -1.206742074332433523e+00 -1.761242512817365047e-01
7.047122793502510474e-01 -2.360744384847371702e+00 2.368527454708719393e+00
-3.812222424905028717e+00 -4.021782880526048487e+00 3.870435556911608455e+00
2.143086800685360060e+00 -2.258567451800492787e+00 -7.651818395813526630e-01
1.230709759657851565e+00 -3.589240105016850091e+00 -3.259756301076057738e-01
3.194926422698586066e+00 -8.399719168547374881e-01 -7.867775913196090043e-01
-1.709608672773336169e+00 -8.306802837617208723e-01 3.429559539823828995e+00
5.324532994812894993e-01 3.883032801941362910e-01 -2.920097771867346648e+00
-3.449242158266532687e+00 9.507745787255827974e-04 -2.258144929574906978e+00
-1.999424057110032349e+00 1.453005431206265685e-01 3.654604838858628857e-01
-2.990337355540685582e+00 -4.276973679959298891e-01 3.064433965634500989e-01
1.774391187645115275e+00 1.304547815892050266e+00 -3.141654976394788523e+00
-1.799862544379583262e+00 1.348248433576791361e-01 3.506434670097545947e+00
7.208738511742003308e-01 7.619092280944004258e-01 -3.921300182045722504e+00
2.354203717645972360e-01 3.470966592015998220e+00 -2.300569740593828016e-01
-3.460460969025072941e+00 -2.164227286598769062e+00 1.092039464972807794e+00
1.368018810258378182e-01 2.540616030550774784e+00 -1.905645387188634299e+00
2.338121157477067724e-01 1.442900207382654232e+00 -1.545909440077355201e+00
5.949291303301900147e-01 -4.053831637390563181e+00 -3.262046463277449959e+00
2.247524962457386088e+00 1.187876995781764755e+00 1.861924798786156243e+00
-2.321076314409010188e-01 -2.972993948507166362e+00 2.984824950566125068e+00
2.806739813187260069e+00 6.493975750093878840e-01 1.205079945097424776e+00
2.861666237320641404e+00 2.694263939787187034e+00 2.434393948219418569e+00
3.786693386930362504e+00 2.334691186513448535e+00 -1.027953027521357199e-01
-1.979435751762517848e+00 -3.876351643421550808e+00 -2.079074246634615708e-01
3.765649311962741219e+00 1.516636402767964076e-01 -2.680497260282860505e+00
-3.184889953955439612e+00 -3.947522224678337466e+00 9.354809701742096140e-01
2.981861984232293761e+00 -2.726296622963914285e+00 -7.216803292720256335e-01
-1.630407734921465401e+00 -1.707617287747910106e+00 8.592624835024680330e-01
-3.557739491024183742e+00 -3.617121571359418031e+00 -1.083038879036872348e+00
-4.529861067416294240e-01 -2.692611697567370843e+00 -3.066992403551643598e+00
-3.576680935270142303e+00 3.545946662035472485e+00 3.740643150372197634e-01
-2.030704913314719473e+00 4.076644777898440708e+00 2.420692000273642730e+00
7.565608301041276684e-02 -2.755159199684642513e+00 1.574633622490343665e+00
2.525272109213921201e+00 -1.058507739862216024e+00 1.607321989988999889e+00
-6.331909740087697802e-01 3.784903593511661057e+00 3.389595279369672642e+00
-4.003937729308702842e+00 -2.934466417149683704e+00 1.745324109967163251e+00
1.036139549101068758e+00 2.558147626021467502e+00 4.010819791971782067e+00
-2.455164227112797803e+00 -2.178529609357696017e+00 3.756071790309559510e+00
2.957217856403485001e+00 -1.122061279842662684e-01 3.958872405796240557e+00
-3.182246041250398783e+00 3.059140606178109234e+00 -4.037118384582564445e+00
3.576283253375815985e+00 4.335700167138442085e-01 2.417714543242410752e+00
2.562259785724780414e+00 3.127105320541633926e+00 3.988478129697838881e+00
3.158895767665877985e-01 -2.423462066028916340e+00 -6.840347784965127298e-01
-4.013067593104676867e+00 3.811386004934687044e+00 -5.957967944841511265e-01
-1.457225765989262678e+00 -1.533161985210581113e+00 -7.267233034124565005e-01
-1.523095527161118623e+00 -2.464598239656580869e+00 3.593834566872359026e+00
2.922202141010774579e+00 -1.264646471303944475e+00 -3.633309361756224654e+00
8.805453146521947660e-01 3.625276779397295535e+00 -2.222879248946848296e+00
1.042836657016137369e+00 1.055283601211183031e+00 -2.420117866985728727e-01
-2.591413059382937867e+00 -2.417333975065789620e+00 2.732087926556902246e+00
3.609051521211398494e+00 1.327004531554848654e+00 -1.707538822742924733e-01
1.613342698789324570e-01 -3.082102044387057926e+00 -2.434215190006279173e+00
1.975149549396382431e+00 3.694038867906602519e+00 -4.918369694139655413e-01
-1.174323147770327119e-01 -5.102430532801565111e-01 3.289423969278249538e-01
-3.669779496570850785e+00 2.010408789177289268e+00 -8.151160138896337282e-01
-1.484309092468555802e+00 9.472772568502828561e-01 -1.332228873806938108e+00
-1.544334173250377695e+00 -1.393830101389526455e+00 -2.040330854877850708e+00
1.593488535277628459e+00 -2.161060769902806822e+00 -2.040400633017117826e+00
2.397042314652297335e-01 -1.402198276182229586e+00 3.808924712302244053e+00
3.868264362714556537e+00 5.233890433653159979e-01 3.363654384080328796e+00
1.441160350227886910e+00 4.210899363925346139e-01 3.631887885284228012e+00
2.651153431107371006e+00 3.473613616091127287e+00 2.910326438785521219e+00
1.737814522637234571e+00 -1.752160362082462619e+00 2.523515973716081717e+00
-9.964748958952855951e-01 4.846893525112449530e-01 8.471444716830887067e-01
-5.912397702683086509e-01 1.533761420385806540e+00 -1.044524711647931425e-01
3.726598730169581319e+00 9.031027653780845377e-01 7.830939600978823467e-01
3.153134199759739076e+00 -2.761706717106690245e+00 -3.876442634096122664e+00
2.931545150829235169e+00 2.697470396592230646e+00 -4.046788492098408185e-01
8.538414724083687180e-01 5.252831959022965513e-01 -1.138917334522759450e+00
-2.807274243521494128e+00 2.323395621823440838e+00 -1.096893359903210019e+00
-2.782049921257802705e+00 1.165887409321387791e+00 -2.460663156473386515e+00
2.075600279886158805e+00 1.662773554710574642e+00 -2.114042815837042344e+00
-2.246590633678133386e+00 -2.118748531104882371e+00 -1.040526013541611894e+00
-2.573815053805021957e+00 -3.828962726030412433e+00 -1.072151516206525601e+00
4.103847356234217258e+00 2.637705754081868026e+00 2.320947862766128189e+00
1.059489425693814546e+00 -1.456025673797386233e+00 5.745200828703005413e-01
3.833908015153688620e+00 2.054067362062664159e+00 -2.826450443268015533e+00
1.178451466096722910e+00 -1.835524620936146656e+00 3.408999760419288982e+00
-8.272652583373223401e-01 2.568729206023486533e+00 -2.027059448356092641e+00
1.197619476313161124e+00 3.122566243596222701e+00 -1.517969210683829617e+00
1.597577352483170454e+00 -1.571120587059677387e+00 -1.307180311481565438e+00
2.988963737164044954e+00 3.245277199322775363e+00 1.430191034812432482e+00
-3.246490163696075903e+00 -3.241386324012847542e+00 -2.547296590972825125e+00
1.978487969139389291e+00 1.954367768590052012e+00 2.489981236698624478e+00
-6.801663763275866970e-01 1.535899142689794550e+00 -1.061801587501870481e+00
3.637688019711187160e+00 -9.745706743790502058e-01 2.431033724714822153e+00
8.343997912997646038e-01 3.789983087313246291e+00 -8.561287195921400972e-01
-6.650152323389063591e-02 -1.638814933160088749e+00 -9.031995928725443656e-01
-2.446227656551818619e+00 -3.477962490990512912e+00 -3.267276541072768659e+00
-3.159809700080318251e+00 -1.115766603259845891e+00 2.313476594931405117e+00
1.683153674934533717e+00 2.876486137244451124e-01 -5.372122451012318889e-01
-2.621012701027015002e+00 -1.730486620074698889e+00 9.404416563493580572e-01
-7.588356612762895415e-01 -3.275477079624458998e+00 -1.211570740687081926e+00
2.877758623124565762e+00 6.852335673321074960e-01 -1.845180937094497597e+00
-1.277798666551490658e+00 -4.093350188429774938e+00 5.503799326901501754e-01
3.645710842142944053e+00 2.444109916908147273e+00 -3.691798828338740623e+00
-2.916298982725290534e-01 3.008504528108825404e+00 2.718630812448819878e+00
3.867085202443309555e+00 -1.513921521997738662e+00 -1.014653457413701831e+00
1.218976878759694960e-01 1.054489449887759278e+00 -5.097105832183487228e-01
-8.440960048589907228e-01 -1.039472715775889566e-01 -1.452084328236365129e+00
-3.978067776611669437e+00 -1.562109480559973340e+00 -2.711876189787384206e+00
-2.426152744411348205e+00 6.877154280708009937e-01 -1.152415502969516892e+00
3.539382870750844567e+00 -1.137931469978282539e+00 1.241160747038108525e+00
-1.459995777846769816e+00 -4.070587058502914246e+00 1.608874441194211302e+00
1.008092587159072906e+00 -1.366106501322601474e+00 2.107065018625284836e+00
2.698689888866940390e+00 -1.609652143754392029e+00 -3.117890886070007195e-01
-2.522513400787924187e+00 -1.649516134611074936e+00 -2.117978858853696078e+00
2.163203832867849896e-01 1.427520951144921335e-03 -5.305007677200201943e-01
2.084988915527778097e+00 1.744986580639653617e+00 1.006603975903843429e+00
-3.394533918867855160e+00 -1.186723824045409437e+00 -3.988926886645466130e+00
1.871659634337347944e+00 -2.038285759605575898e+00 3.744870529711922247e-01
-3.366744243228068090e-01 -3.933004003919896352e+00 5.376705410754541170e-02
1.601196722683885798e-01 -1.907379569544679132e+00 5.716331750621584940e-01
2.675879357097128430e+00 5.758815277339774941e-01 -3.645445299012054718e+00
2.998487348484915938e+00 2.766639645507019019e+00 -1.999074744656788694e+00
6.368959489159521370e-01 -5.425058397396843590e-01 1.765372023994828510e+00
4.951900810620740723e-01 2.039186062513603570e+00 -5.254546905122681189e-01
-6.386302755713259005e-01 4.058529294672820420e+00 2.023941760437036663e+00
-7.022437328437506343e-01 2.237786837736067458e+00 -2.955264846710498716e+00
-4.284988769695851074e-01 -4.095927974584852471e+00 -2.464946001378403917e+00
1.980341883477819698e+00 -3.003108899506949925e+00 -3.031119566493206463e+00
-1.662190544917236945e+00 -6.941826561279210717e-01 -3.684755142328862476e+00
3.857924849036732606e+00 3.530441307105794291e+00 -1.885003857204958111e+00
3.809720714522563778e+00 -2.378231119794129711e+00 2.558953791624585694e+00
6.251954114772996229e-01 -1.913675069956170871e+00 1.480901771551287549e+00
3.732206585746455030e+00 -1.545080436555962944e+00 5.615948439708354223e-02
2.451471858273960525e+00 -2.370585909873075270e+00 2.219711236400515819e+00
1.356631570116769048e+00 2.665163374112715200e+00 -2.509975201345310492e+00
-1.638526456396948605e+00 -1.728481944446336627e+00 -3.227000240711115797e+00
-8.385192000692660852e-03 -3.001881836819355609e+00 5.380403791333102648e-01
-2.791440005173869032e+00 2.304969218805932751e+00 -2.489197165451337401e+00
2.957004119403022546e+00 -2.234952286924285048e+00 3.091941537751803804e+00
-6.107624045956074055e-02 -4.011251406014937793e+00 2.783174655799251607e+00
2.453330498264099990e+00 -3.608279552605248242e+00 -9.572158234713328273e-01
1.587997051115678460e+00 -4.004373590970432772e+00 -1.415636721828952282e+00
3.077408894163331077e+00 -3.268848237323236372e+00 -1.862125722332788502e+00
-1.317776264424759258e-01 -3.149436497871939356e+00 -4.033105058092798512e-01
-3.485248801515961947e+00 -3.410834876539664773e+00 -3.574491037453502607e+00
3.236279135470087276e+00 1.377284091212340300e+00 2.177645864358511485e+00
-2.975837234766113060e+00 3.581281081058439675e+00 2.119770441380403270e+00
3.979483398355302404e-01 -3.804462931038814055e+00 -1.804520210460128782e+00
2.824273357603158896e+00 1.361648545647424102e+00 4.069973964777107711e-01
3.168870365778429843e+00 -2.975815825992346841e+00 2.029571813616812381e+00
-1.058210580062766692e-01 5.487312568322679773e-01 -1.427636225251685653e+00
1.173817903001453944e+00 -3.605046355732835384e+00 1.975168467190943078e+00
1.609822864790594332e+00 3.784504589958923582e+00 -2.929467696092090456e+00
-3.561253798706647267e+00 1.577016764588107689e+00 6.539596872571537545e-02
2.296428877026552851e+00 3.375997691031681125e+00 -1.462092003015496466e+00
6.446901031639677981e-01 -3.233446097961046650e+00 2.795598599035193477e+00
3.817172272686057077e+00 -2.552018046099365112e+00 -2.626259410477591039e-01
1.378429962393738828e+00 -8.702542934100814254e-01 -2.095504968097852139e+00
-1.416476412586843647e+00 1.079652814564385777e+00 3.500277395976814976e+00
-1.444663411011474219e+00 3.471949470060032628e+00 -8.526302828308623960e-01
-3.977962385824794111e+00 -1.576027163918239937e+00 1.883751934357023483e+00
1.030414345493280148e+00 -1.720523314210000487e+00 -2.754997021176861516e+00
-2.244619305722181490e+00 3.223233629568381442e+00 3.761741417415010780e+00
-1.673228185237781940e+00 -2.255220018675669458e+00 -1.083508173252080847e-01
2.066639512773858822e+00 -2.354297229196384567e-01 3.253329721740824798e+00
-1.060163978559698572e+00 -8.652593310697302975e-01 -2.658342494335357298e+00
-2.554649763832742781e+00 3.287781615126197821e+00 -2.465014131690344890e+00
3.779030149599943655e+00 5.953083285164478822e-01 -3.628872383632645970e+00
-3.791293578715622559e+00 3.337998732076008945e+00 -3.097184220910315755e+00
-1.643524492461581277e+00 -2.194202334095303630e+00 2.657899640248536421e+00
-2.611420614441537946e+00 -2.495529139286976950e+00 1.660209038602929343e+00
-1.187089698887556999e+00 4.076257718578371048e+00 -3.175147037557897178e+00
2.709823214982294282e+00 3.922935467692023170e+00 -3.381427584304933287e+00
-9.252354438005326864e-01 -2.047018905801175848e+00 -1.777788881483277406e+00
1.128357046831321708e-01 -3.975755122857261847e-01 -3.676745967889902822e+00
1.539527907833438070e+00 -1.100455625120201342e+00 -3.438588671647753614e+00
2.849620978783505176e+00 -2.103250002950385333e+00 -3.190565593842701997e+00
-3.461179916397251199e-01 5.068819597896722096e-01 4.085104209590452840e+00
-2.439763244422541888e+00 -1.373009389959849447e+00 -8.370193849957660581e-02
-3.902138540483304219e+00 2.390741251982063442e+00 3.561431172786112764e+00
-3.497151486963358202e+00 2.222640586328116452e+00 1.506479900206389999e+00
8.384009184723066888e-01 -2.851490091524622184e+00 -3.328635371535873855e+00
-2.322333432826890753e+00 3.545231710194171049e-01 -3.633830606619012471e+00
-2.212581537034776780e+00 -2.554373509476191462e+00 -3.601006783289157465e+00
8.284859383089118179e-01 1.903346648944906461e+00 -3.268864592667418023e+00
-2.387105996013334508e+00 -2.625225734486918761e+00 -1.918994269006589315e+00
-1.265957055691844024e+00 5.379512952658814795e-01 2.652164818996307627e+00
4.737121479171314542e-01 3.147075924055784402e+00 3.411641297305287424e+00
2.591635119547694099e+00 -1.410982581210669773e+00 -1.329190969747298556e+00
-1.755382167990211073e+00 -3.928830244711072783e+00 -3.965820289519677910e+00
2.017150996264998941e+00 -2.808781267779061896e-01 5.808625446067067211e-02
6.210041115190044758e-01 -3.877787968412572006e+00 4.003159684987341316e-01
2.455009875500237637e+00 2.277204925396873580e+00 3.285678773606631076e+00
2.438913880911832699e+00 -1.541687212374500682e-01 2.163277146374235294e+00
3.449230760883723157e+00 -2.285909559015632642e+00 -1.527957114513507353e+00
-8.437820832873867971e-01 1.363644159455256855e+00 1.424702919389027045e+00
7.116552166215506237e-01 3.482705283336944291e+00 -3.913731805877105341e+00
-8.289661224529907280e-01 -1.618638166472246009e-01 -3.313788486642382125e+00
-5.836405773073871650e-01 6.990123461308713759e-01 2.042312144801623042e+00
-7.100340892409555682e-01 -1.590604085941333512e+00 -3.091139562875854896e+00
1.292120553497374313e+00 -3.097534223541208220e+00 4.072025426792738934e+00
-1.407394324691469301e+00 2.598930839954879168e+00 -3.981863280071589628e+00
-2.824078646409050597e-01 -5.576621317192460570e-01 1.412448413269291381e+00
-3.759029018710394965e+00 4.067131508168566612e+00 1.817380651243836853e+00
-8.458329029507621888e-01 -2.773512724747277947e+00 1.984405413678326013e+00
2.613498819851427069e+00 2.409815809371112394e+00 -3.194538287750330330e+00
-2.006079708615597035e+00 3.369053596944686202e+00 -3.413745796491508777e+00
3.246898724828038763e+00 4.038694228211829440e+00 -2.461712092403389729e+00
-3.129498318469618567e+00 -1.702721599247568829e+00 3.134781084991085542e+00
4.242358841864745100e-01 -3.219529997992816028e+00 3.935907997739064967e+00
-3.486595159395711185e+00 -2.377576338914118903e+00 2.518702083854392537e+00
8.588422231831981390e-01 -5.215140618957564422e-01 -2.792467901068142133e+00
-1.470625780909461167e+00 -1.153374410670129135e+00 1.318126113028174062e-01
-3.694530848006499113e+00 1.662621708937228604e+00 -3.911331209266229791e+00
1.348652348065770168e+00 3.468088096940114440e+00 4.801803402508011409e-01
1.388065217455045630e+00 -3.904721005608253748e-01 4.081935174309808900e+00
-2.058202712637127618e+00 1.636820964900900677e+00 -7.501819439741145290e-01
-3.557614869085105269e+00 -2.177536235897620465e+00 4.027454649389867747e+00
1.103556129502571759e+00 2.148957995436547197e+00 2.577985311590335060e-01
3.660189605192430751e+00 -2.015315816932703896e+00 3.989483628684818317e+00
2.364561343672116678e+00 -3.862600656712413816e+00 -2.113134115861813545e+00
2.156938754165436123e+00 -2.861942354274348954e+00 1.027160033659983540e+00
9.347341415084382543e-01 4.034790923835724463e+00 2.816049008760038941e+00
-3.754177872737824995e+00 3.868174500978828867e+00 2.894988104783765781e+00
-1.120927474079384867e+00 2.590008918757238821e+00 -1.138255519550381178e+00
-2.641998459083852779e+00 8.451626198148332048e-01 1.162351060631900079e+00
3.627816481486629829e+00 3.877664657937791581e+00 3.362053625980385263e+00
3.602865979933297158e+00 1.901414980861260817e+00 -1.028460276687916286e+00
2.210877642290872136e-01 2.757608084820635796e-01 1.638341024529897050e+00
-3.480063199624030990e+00 5.614182542277514898e-01 1.879826828567040087e+00
3.824053203538458678e+00 1.136565820679743544e+00 -1.643176363098253878e+00
3.394817774050472803e+00 1.985352865869126404e+00 2.908716488148906265e+00
1.965820317963267616e+00 -2.643724537412458275e+00 3.718173600315927363e+00
3.094258894027052342e+00 -2.957075341243745825e+00 4.565957295814104255e-01
2.297220927825258663e+00 -3.201817193178959631e-01 -3.351871497502114661e+00
-1.312213861665421533e+00 4.323070843102302940e-01 -3.880962621209845143e+00
-3.481855237289597227e+00 -2.188203442109251107e+00 -1.239060486063493505e-01
2.967677162215899500e+00 2.372059146148947306e+00 8.595579110715195759e-01
-2.325176054088537170e-01 3.452736924085926695e+00 -1.709331709648697073e+00
1.600820200446349206e+00 1.745846297800101032e-01 -1.992509896798148272e+00
-7.328204041047403638e-01 -3.244188622864444316e+00 1.144966790399684298e+00
-3.186861502053009332e+00 3.073168699014749095e+00 3.175233519415728178e+00
3.379901411242197673e-01 1.439529411856562469e+00 3.632648003387408675e+00
4.057614509829546634e+00 3.088198859950909148e-01 4.851017534398563424e-02
-2.456414250605368110e+00 -3.538970791837542151e+00 -2.059456391353397642e+00
-3.607143338303794966e+00 3.254110436783260507e+00 1.369703833061777010e+00
-1.422891138735788097e+00 3.112541558416108689e+00 1.999112461121131279e+00
3.756880820471816929e+00 -6.056876746588585325e-01 -4.514911048008073136e-02
3.680369609869795777e+00 3.479938625864697155e+00 2.226237043050196540e+00
1.712687090803250545e+00 -3.091162104532836796e+00 -2.075225504933996934e+00
-3.775946631225022276e-01 -7.770828988521595315e-01 -2.008958382445178881e+00
-1.264590912882368690e+00 3.651216204568571211e+00 -1.815635509838154249e+00
3.958238728246749716e+00 9.314789144556942513e-02 -8.523502531179739661e-01
-6.179800344576737992e-01 -2.071483339772457022e+00 -3.920818400047275443e+00
2.171243675933971939e+00 -3.364750438275591726e+00 7.117072913580047011e-02
-2.632189260475137349e+00 -6.110825882179026225e-01 -2.489815248933155090e+00
-4.015430578854104482e+00 1.438410460344227149e+00 3.188468088700159964e+00
1.207059318019289451e+00 1.532765313749601122e+00 2.074349537982596026e+00
1.930575471312265368e+00 2.904344667881182396e+00 2.131105400460022281e+00
3.142068612724660870e+00 -3.428382601230711035e+00 -3.081231661891748352e+00
1.235665811112791168e+00 -2.600556026817609556e+00 -6.404247423926336946e-01
1.352277958914280820e+00 3.923778747878608475e-01 5.079751107439344215e-01
1.557645616930753762e+00 -3.956934678924894033e+00 -3.817997060545730292e+00
-2.628562990494807128e-01 -2.199522868833708067e+00 2.482757481643198538e+00
2.376543035757538558e+00 -3.386681121424459651e+00 -3.945242439290785441e+00
1.957478839644670954e+00 1.902332989941610597e+00 -7.931954165856495154e-01
2.193358870001448580e+00 -1.910722534746819856e-01 1.080916915198657069e+00
3.145272456875291223e+00 -1.836012084346125839e+00 2.081403143598145711e+00
-1.286767714979547561e+00 -3.270692443495146318e+00 2.812837141047381362e+00
-3.931221263505298325e+00 -2.475274953178810744e+00 -2.074469239859243253e+00
-2.148019220963325093e+00 1.002307594949390035e+00 2.751076616570962141e+00
1.612790939806080903e+00 3.420317316516127359e+00 3.843704278832725141e+00
-2.607915101270243952e+00 3.682199620187645905e+00 4.435390775849575307e-01
3.224837786237231718e+00 1.435461173547023295e+00 -3.355200517884962430e+00
-2.052374995972870320e+00 5.871794054808912033e-01 -2.128923451727033012e+00
-9.054217064642422486e-01 6.582685224317511574e-01 -2.125721171448859081e+00
3.560400894587850473e+00 3.151153129889525673e+00 5.869632996200709885e-01
4.655685195249081865e-01 -1.150627906042613890e+00 -1.991174953497455657e+00
3.610179049468696721e+00 -4.761023494067021522e-01 3.250374061565613371e+00
-3.631365320965797006e-01 2.491062673835517494e+00 -5.727995149472581149e-01
-1.366769528078424667e+00 -1.567255505358988277e+00 4.004521266616859698e+00
-1.757176622488666018e+00 1.662686450555020734e+00 1.841507383912566409e+00
-3.203097652624954605e+00 -3.737720379349804389e+00 -1.085192380801665024e-01
-1.390663098585364965e+00 3.164519118384586438e+00 3.026223321899311980e+00
-1.040769454320165543e+00 -2.424687832982714841e+00 -8.749214979160717665e-01
-6.914206734429599877e-01 3.369007798351717042e+00 2.231151513967275790e-01
1.067090064511176051e+00 2.078078940649696449e+00 3.179104164692884815e+00
3.112606813478931311e+00 7.347052685446758824e-01 -8.766126255939361567e-01
-2.356696600081016779e+00 -3.330060838835223080e+00 2.966326334119121277e+00
3.881814521660911232e+00 2.926084668445569914e+00 -1.044401058442112618e+00
-3.124960570354616607e+00 1.136031091378104430e+00 2.905756835811676098e+00
1.288967830467627529e+00 1.279622176733152594e+00 7.932051898948889734e-01
4.522281471318084778e-01 7.531891222762691074e-01 2.868649271184068539e+00
-8.771221296049586114e-01 -4.895087285991517323e-01 2.957829539613030523e+00
2.550912176170069046e+00 -3.179489662686437068e+00 3.043812991404438506e+00
-7.552151406995102345e-01 6.312794804988182129e-01 -6.005088594809198099e-01
5.990167107250747858e-01 3.232704407312060990e+00 1.399620538761027433e+00
5.281296086798527023e-01 -1.179972821936693256e-01 -1.793458474521743007e+00
4.060005450346202416e+00 1.204785882529255003e+00 1.622251638493372283e+00
3.583115353486564514e-01 -2.342952081365451189e+00 3.457595402162674247e+00
-1.690451387339772182e+00 1.860206540333951608e+00 3.820762926258579606e-01
-1.150621136034343378e-01 -2.608877463019793286e+00 -1.677657148086098671e+00
-7.308128328527080386e-01 -1.372608082703785426e+00 8.707781450920406563e-01
-3.546109901159206768e+00 -1.234815567036737560e+00 6.044790255934439083e-01
2.756661887368030417e+00 4.078188794377705761e+00 3.775043357939064315e+00
2.591820483303317046e-01 -1.836322140498038991e+00 -3.499885224281374718e+00
2.581057901325564341e+00 -3.879476176474265792e+00 7.266559637247493875e-01
1.938475245558911819e+00 6.972868400309938375e-01 2.623064861128738823e+00
-1.620920325041699472e+00 2.270469138251034913e+00 2.522532543087115720e+00
-2.543013483709450906e+00 -2.850818841452948393e-01 -5.190122613264063212e-01
3.366028009778456287e+00 -3.968333801351545453e+00 -1.152572180375677213e+00
2.060586256621278700e+00 1.083617508840030608e+00 -9.132965895157463265e-02
2.707505816895732220e+00 1.287491055708845034e+00 2.991694079360869285e+00
1.135977757520257869e+00 5.435688105689882033e-01 1.531128174886325688e+00
1.423474095225316649e+00 2.980292686241976519e+00 2.962250464434328379e+00
-2.819344242514790100e+00 1.106207405434403157e-01 3.672395959655281761e+00
-1.096337125379250432e+00 3.381121909472339482e+00 1.115180833475481803e+00
1.541895500315575651e+00 -1.124644504298731640e+00 -3.446069929114152774e-01
-1.841283532624011565e+00 2.821562766788548338e+00 6.998398205603874045e-01
-1.645891459523470823e+00 1.846302783868108977e-01 -5.713057208173845103e-01
-2.657898830963616010e+00 2.323895892442630284e+00 -3.718606476706614483e+00
-2.087511608931627460e+00 -2.204961213300096479e-01 -1.418636454612339781e+00
-1.839254425509975421e+00 2.635091384616054633e+00 -1.868760783902263967e+00
-2.870842951713823421e+00 -2.907746943968722686e+00 -6.735396160035123092e-01
-1.851560964600365677e+00 1.449551394688109118e+00 -2.668090163647227175e+00
-4.000457803370305321e+00 -4.701018800257431574e-01 9.738285073663954794e-01
1.410087877413467750e+00 2.691206758495268136e+00 -6.233914484003527656e-01
-3.308171569252182032e+00 2.943317589244963672e-01 -5.185880083250584693e-01
-2.930485613166974979e+00 1.242062220434901665e+00 -5.581279154324407799e-01
-1.564367413165326237e+00 -2.987551607815031929e+00 -2.979146253320982041e+00
-2.237585369041496186e+00 1.684895900191362816e+00 -1.765597096978320124e+00
-3.417744084637005297e+00 1.392550577095415854e+00 1.005840697088679958e+00
1.951456602786288741e+00 2.339079662708303697e+00 -4.026390809622119704e+00
-1.612971430496550784e+00 -4.069200232041362497e+00 3.295854145513408273e+00
9.324926499765366916e-01 -4.675468487149040397e-01 5.043779427045471664e-01
-9.970496476734251878e-01 -3.984968268765749055e+00 -5.527382218983344364e-01
2.792442101969933255e+00 -8.625659622212535904e-01 2.049455291410401114e-01
-2.642367314646584031e+00 2.145880167367397284e+00 1.572331379601934198e-01
2.089456640918754271e+00 -1.610809239776911150e+00 -2.634589978937189603e+00
-1.967026354329525883e+00 3.239488427012279015e+00 -9.868217592353910328e-02
3.574549988205116158e+00 1.499263973541901551e+00 3.972256169095386813e+00
-1.566711321162552961e+00 -2.261663622691050701e+00 1.670244566167006006e+00
2.738581368160805329e+00 -1.205157589370699396e-02 -2.517505562063854008e+00
2.009519615598737985e-01 -3.366552538059823796e-01 2.664364979202079375e+00
-7.565869438863934704e-01 -4.462041169160647081e-01 3.917449699727533652e+00
-2.506781155566898178e+00 1.935878363712221217e+00 2.619777279160131922e+00
-3.255750771890919104e+00 2.794922820949611086e+00 -2.540929164065707235e-01
-1.493590372246917375e-01 2.258099183712602542e+00 3.354489310990011575e+00
1.801007489139179185e+00 1.378708868472724669e+00 3.379048791067331692e+00
-3.635969167302010252e+00 -3.991834162438419320e-02 3.006840158236475435e+00
-7.189067852255075219e-02 -3.442529526091686609e+00 -3.481416049250935174e+00
-2.174071352691217207e+00 -1.170733942831230001e+00 -1.325461237058280117e+00
-1.199026914142868661e+00 2.047161623937858721e+00 3.376018066181675881e+00
-2.129239802545295213e+00 -3.626090818809576177e+00 9.030676103678628719e-01
-2.655960025067824137e+00 -2.727017813998911855e+00 3.905839227664689717e-01
3.572284377730557736e+00 -3.761043459879791939e+00 2.533706502955942241e+00
3.487791209000803860e+00 -3.456833226846088181e+00 3.718973144256008556e+00
-2.830730965279425249e+00 7.191749829582481102e-01 2.452570880870984793e-01
2.843196729761463537e+00 2.705142961882690544e-01 3.027900605961658886e+00
-3.485356444727824243e+00 5.285946047190880348e-01 -3.937253508300404548e+00
1.021975441430369003e+00 -2.602080036129749807e+00 4.530080488590887411e-01
-2.453922475593535601e+00 2.237650893663663876e+00 1.237468542794020632e+00
3.960078212594401847e+00 3.332369953102582993e+00 -4.085482367482610400e+00
-1.114867524964837875e+00 3.516089966157793345e+00 -4.109980141268908760e+00
-3.955615699387476702e+00 -4.625281036552903458e-01 3.998912013082482897e+00
3.351054300447006806e+00 2.774330032229521237e+00 3.499229262876169422e+00
1.359022168039610845e+00 2.432334827814445433e+00 1.300415985662592977e+00
-9.447132154446901131e-01 -2.658506262481187821e-01 -9.063894633922697786e-02
2.299913803677557045e+00 -8.060744812040521179e-01 -2.113100891072751342e+00
3.057779604556705166e+00 1.554437622960731735e+00 -2.399719649455236858e+00
3.883360921144341393e+00 -3.859715423598264028e+00 3.674543961500223999e-01
3.080960225383590156e+00 -1.149725220683589955e+00 3.615719758917348425e+00
-1.868615944483439595e+00 -3.172286433092924796e+00 1.897340282838755110e+00
-5.288081093006753441e-01 -2.299932458891108755e+00 -8.947961874424607831e-02
-3.269556334540326237e+00 3.994160646284453442e+00 -2.183264386503513954e+00
2.498061265763078964e+00 3.357060644396199223e+00 4.673649495081254046e-01
1.314305420625019982e+00 1.224525520534260226e+00 -1.692797988327499725e+00
-4.080566541236918532e+00 -2.801232351503891049e+00 -3.022134745102946773e+00
-2.725452070608194721e-01 4.072830462896086523e+00 1.013944029259121082e+00
-3.917612440828577292e+00 -3.710978837614903325e-01 2.025011873317589917e+00
-1.020858719595708397e+00 -1.903518451891062502e-01 1.920301864780391110e+00
2.084569085934692367e+00 8.700838133309667377e-01 -1.166474651900077486e+00
-2.258172155743220166e+00 -1.557889275767234238e+00 2.043606925022506626e+00
-3.709745091631160285e+00 2.552079477605440072e+00 6.000806261140647635e-01
-1.866525709905848762e+00 6.126669804633024796e-01 1.848735065124436971e+00
4.108996719590531477e+00 2.514881371562235568e+00 -1.996289379770271877e+00
2.347853600596182755e+00 3.291931656032025089e+00 -2.663674450576853037e+00
-3.171020953738926451e+00 -3.121539854220483079e+00 3.652005332634246759e+00
-4.116588072331351378e-01 3.105744393893501876e+00 1.746602203985574420e+00
-6.967077470027453756e-02 8.181960866210032934e-01 5.081087299830283621e-01
-1.816296129551425165e-01 -1.481119365868572180e+00 1.733207665797467101e+00
4.945347995671380836e-01 -1.078846237835391353e+00 -2.726492687653014890e-01
3.604489386367096149e+00 2.145636083074429656e+00 1.598355265005689141e+00
1.060028529123694385e+00 1.034802891541503345e-01 2.435893237265708056e+00
3.297490441574117526e+00 -2.358299361031809260e-01 8.664625918098142199e-01
3.888635463824027472e+00 1.850549037070667202e+00 6.798473694541350421e-01
-1.884716355676425259e+00 -3.009662153359853320e+00 -6.511860436130421093e-01
-1.296892758773187548e+00 -5.333088128963713315e-01 9.650460543521625079e-01
2.984313077155914318e+00 3.871305328109098109e+00 -2.983040386622602957e-01
-2.785125452912378563e+00 1.765901772369681266e-01 2.561461617310401451e+00
-2.324476244772912370e+00 2.984638753943181122e+00 2.498441842401874613e+00
-1.619641099663530648e+00 -3.680459889219214187e+00 -1.439028293823905846e+00
1.399748858985733424e+00 1.490378374657827187e+00 -3.982383291265457093e+00
-1.561893763550061376e+00 1.570563400945582666e+00 -3.640283723747147704e+00
-1.468755303653979771e+00 1.089265649055752849e+00 -1.291906908035400370e-01
-3.391428184356637843e+00 -1.765659073150791514e+00 -1.622312309690946197e+00
-8.865106286681597725e-01 -3.157716235859519216e+00 -2.253847615299210183e+00
-1.512980752286555264e+00 -2.732134885104644528e+00 7.937533383813695220e-01
-3.131973602767006426e+00 -2.214881815453070946e+00 -2.750009044113699286e+00
5.120205083597240137e-01 -1.366507997385538742e-01 3.590750997645274722e+00
1.828711369237307816e+00 3.941933497455782476e+00 2.975310227545289177e+00
-2.641885939148918450e+00 -7.470344042240203430e-01 3.076738560732050320e+00
3.068977982617479672e+00 -1.155130353476539362e+00 -2.686487253739366921e+00
-2.747366723013280776e+00 -3.637745907142584390e+00 1.852529250111748294e+00
-3.124160194244929745e+00 -1.275484053354165814e+00 -7.820668223329171331e-01
-2.321271415003886229e+00 3.313971489656133418e+00 1.443997543931571759e+00
-2.836077659548042473e-01 2.459112362474990210e+00 -3.873442896620368003e+00
3.343538233654946623e+00 -2.882075537245905039e-01 1.835376152365178148e+00
-1.210365980796766383e+00 2.288681791754241246e+00 1.186203430502793532e+00
2.199230118922829824e+00 -9.467708337401534724e-01 4.038511136638667232e+00
2.043833034527234194e+00 2.482125093870698684e+00 1.005112070534212448e-01
2.958593388259635887e-02 -1.021519498652070368e+00 -2.954460330879369767e+00
-3.663262786902274915e+00 1.365789808583124820e+00 -2.834363120133911451e+00
2.705559958065576698e+00 -1.651330357662592174e+00 8.036949279812022340e-01
-3.018405522062078017e+00 3.630173008345361385e+00 -7.217902214811632300e-01
3.389751635049533363e+00 3.076264984718279472e+00 -2.918242430069292848e+00
1.419446243240396255e+00 2.372736969741802149e-01 -3.301172039907251943e+00
-1.175409607846040538e+00 2.487555236925519608e+00 -6.522460257599212163e-02
1.657878263841668032e+00 -2.730090984021714906e+00 2.529942968791252689e+00
7.559023322122394861e-02 2.572824038896937893e+00 3.696242056964891276e-01
3.827993147710368471e-01 -4.038736801829079681e+00 1.864566211891253378e+00
-3.957321442934046640e+00 -6.789362675623176191e-01 -1.492101245359570560e+00
-3.235191983817204520e+00 3.121099658954098466e+00 -1.732294153900754807e+00
7.761136039290250643e-01 1.764440448848013876e+00 -2.293590874569921834e+00
-1.143239270199808422e+00 -1.234245325165287843e+00 1.775043810469554950e+00
3.653664299531402815e+00 -2.199218203235384639e+00 1.240849655077489233e+00
2.178385324023732750e+00 -1.791795290644195626e+00 3.356677625685573485e+00
-4.920352998359972529e-02 1.113549767443339000e+00 -2.489262358330930791e+00
2.542114100264080356e+00 -1.051794682630320610e+00 2.715143787457800162e+00
-2.609782568976653394e+00 -9.814535416105024668e-02 1.483848108810467359e+00
-3.490817092099681940e+00 3.208107004866216361e-01 9.037912437112001207e-01
-2.859559291200210573e+00 1.568135220489858206e+00 1.774967462397574414e+00
-3.567405440603566458e+00 1.666157353409232877e+00 -1.755598415441755433e+00
-1.104409955978276292e+00 1.580323470474421566e+00 -2.004447430455645218e+00
-2.230734453413771856e+00 -7.545598031338158762e-01 7.998494751450261342e-01
-1.204195995574430134e+00 -3.229835847152104922e+00 5.184847198158884507e-02
4.100384427696321943e+00 -3.602362332749489582e+00 -2.032802394825822034e+00
-1.997465119842479347e-02 1.342679909405788852e+00 -3.472274459080634923e+00
-2.492187723881978290e+00 1.138326364649779876e+00 3.813019178269103193e+00
-3.890402747439094977e+00 1.074538116981748948e+00 -7.982286465029946321e-01
-2.436069090431168260e-01 -3.015686666899799334e-03 -2.523925351864552358e+00
3.272647358406393980e+00 -5.044184608469891584e-01 -1.709678600487311906e+00
