8.220706914434900980e+00   8.220706914434900980e+00   8.220706914434900980e+00
500
3.784060033953358548e+00 1.509524397602065360e+00 -1.222037106213667013e+00
-2.075702712389648763e+00 1.804012443019545664e+00 2.337152270899305051e-01
-1.602630034092044520e+00 -2.924861043744096278e+00 2.300589880466945125e+00
-2.800967831602110825e-01 -7.824416844552612993e-01 2.280574085790666228e+00
-1.491693746531059572e+00 -3.412687744396704304e+00 -3.016260026623318602e+00
3.495918995491757109e+00 -1.889310766226743210e+00 -8.577137375654213525e-01
3.700344512851486023e+00 3.548516265334161091e+00 -1.569826995613644804e+00
7.705520116700912414e-01 -3.307979096256230545e+00 4.073661071422285396e+00
3.385113172684709681e+00 2.313857547094201550e+00 -4.031664874156848377e+00
3.844317190848122401e+00 1.685829113788972711e+00 3.486677344374629062e+00
-4.861882127552076271e-01 2.221039819540147953e+00 -1.045087049590601946e+00
2.513263057098398257e+00 2.134321336325177842e+00 2.759581862681022457e+00
-1.711606040425055486e-01 -1.680824026438609398e+00 -7.927835342424822684e-01
1.677671100385057290e+00 2.547863789630494757e+00 2.938741055125230206e-01
-3.308043138167565456e+00 1.952047819776804527e+00 -3.896152634509702395e+00
-9.552178730286617903e-01 -3.776255359108057874e+00 -4.643334650466823810e-01
3.758213023094431060e-01 2.235194888030695992e+00 1.463107157351101861e+00
-3.952911986487656293e+00 -2.264929981573104101e+00 1.960747370583292293e+00
3.193620548077748644e+00 -1.022150646208936031e+00 -2.962008675534763658e+00
-2.656884818916195101e+00 -3.360031666037983200e+00 1.597585950682596012e+00
2.266845591328272569e+00 2.921016339152458396e+00 -1.152619938777176056e+00
-3.606301159366713360e+00 -1.035634966518555133e+00 1.370948596958696974e+00
4.109610021054396212e-01 2.300460637459837976e+00 -1.579976199238652512e+00
-4.083624105697013285e+00 3.070281572680041648e+00 2.598545698965647244e+00
3.053978585293548154e+00 2.960862192766076539e+00 2.455036223608236590e+00
-1.521662262621489514e+00 -2.795380759749620303e+00 -3.976266873030446458e+00
3.826877389328349199e+00 1.565796807220799058e+00 -2.284019236054655178e+00
2.337314438523208082e+00 8.260261664347400279e-01 3.983198593701018364e+00
-1.931164657496596382e+00 7.036748892954095558e-01 -7.560261681414278678e-01
4.416671797337302641e-01 -2.548279522496341709e+00 -3.333925762416371175e+00
-2.502640226720415750e+00 -1.717672265118878050e+00 -2.100280500747065737e+00
3.896451904496657903e+00 1.835143308345357438e+00 5.993096113048830276e-01
2.996552063139116040e+00 6.276586490766471460e-01 -1.132536598846733522e+00
-2.042773909615609895e+00 1.901986567962704155e+00 -1.838259347699506163e+00
3.189932999740752173e+00 -9.289469256438205313e-01 3.540013064548036770e+00
-3.053690306954075506e+00 -8.783542868848075447e-01 -3.875466875923303522e+00
-6.645859115473856660e-01 1.189087663809545781e+00 4.010751288631299261e+00
-3.116429661344373603e+00 3.711693294789010222e-01 -3.377824913797060624e-01
-3.359086230014552754e+00 -4.191360329953942032e-01 -1.713254897012269629e+00
-1.072112377863764454e+00 3.381364149177057965e-01 -2.813740120963593938e+00
-8.029712563584440188e-01 1.642996043143384988e+00 -2.761046989148691289e+00
-3.346046805242063993e+00 -2.365935906399784461e+00 2.703116767358900052e+00
-3.984887836978288078e+00 -2.619213821917001361e-01 -2.573497506935007895e+00
-3.676925621319210080e+00 -1.791424787251993944e-01 3.542401358544776668e-01
1.691940684810162132e+00 -9.817890676811463768e-01 -8.085959003558480518e-01
3.144177242164896136e+00 3.128796323929045720e+00 -3.286913135344422088e+00
2.971245058212061974e+00 -1.395449568375045635e+00 2.562519459875384875e+00
-2.753733112415724271e+00 -2.305199448932939266e+00 1.893328429352675313e+00
-3.915399498370377707e+00 2.744856984090539243e+00 -3.760826321093345026e+00
8.993589407188157248e-01 -8.436421985034558979e-01 4.010073796878986130e+00
-1.601911569763619259e+00 -1.815816047006742595e+00 2.839617658223732466e+00
-2.611192068467152794e+00 -6.458580839025780396e-01 -2.714771552962973455e-01
2.611689262459686578e+00 2.162545534727803975e+00 -1.416976322642753694e-01
1.866056831018090278e+00 -2.011277123601664663e+00 3.701565122394977259e+00
-2.342781937153060934e+00 -2.178058780871035965e-02 -2.126134028923196251e+00
-2.055795587700474769e+00 -3.017997834612342611e+00 -1.839441971933924336e+00
1.375561511603663023e+00 -6.498215106136639996e-01 3.090475673213945118e+00
-3.122371479403265315e+00 1.791274545192076850e+00 8.448673761973810592e-01
1.091915796968276009e+00 -2.783891993597491510e-01 7.155694439039528287e-01
-1.097090575421410197e+00 3.276755661609170645e+00 -3.272655785962749864e+00
-1.332318738388893475e+00 2.885478933209165042e+00 1.714056914317537483e+00
-7.802791950415658428e-01 -8.915202981966534601e-01 3.743492834791202650e+00
-3.231616729548727474e-01 2.895353235144362269e+00 2.413862479291516205e+00
-2.546966700455455701e+00 -4.056618848083967777e+00 2.389656804201516049e+00
1.524644254790793463e+00 3.700110963363768768e+00 2.507218439574161906e+00
-2.758176669495337130e+00 3.011725373654576265e-01 -1.256924758952028709e+00
2.290569924625542875e-01 3.725603958545999017e+00 -3.154770984380848464e+00
-3.636382313649033193e+00 4.085148788543831344e+00 2.816315532962933244e+00
2.420974180143355081e+00 2.645387768904420067e+00 -2.808522881576629437e+00
2.888476308409191340e+00 1.172493739691334191e+00 3.145182536015039165e+00
-3.681802095595207991e-01 -3.969182732161602001e+00 5.239539792509289029e-01
-9.841136139023354268e-01 9.457199486266870680e-01 -9.058597194099194949e-01
4.304250868950770803e-01 -6.320677624614881029e-01 -8.021823380710187135e-02
2.898822636904951011e+00 2.671404289465754700e-01 1.303111310876870155e+00
1.619054317736791371e-01 4.013989458917680331e+00 -4.746753988814321756e-01
1.867738356615400219e+00 -2.654342435994674787e+00 2.775489809527226459e+00
-2.830156196774909483e-01 -4.663126162802840868e-01 1.240469229324616007e+00
3.107499673268912410e+00 -2.446519779738822287e+00 -2.539655810844199113e+00
3.730127716936614046e+00 3.949110519690217647e+00 2.335798163264124927e+00
3.263506237639777208e+00 2.448902065083700119e+00 -9.532678341893694451e-01
5.064737416607469900e-01 1.002794552497657143e+00 1.254085379717777560e-01
-2.009650413108682032e-01 3.589728356594431791e+00 -2.267028640324230349e+00
2.253353720051424203e-01 1.356878565848437246e-01 2.796237634056886190e+00
-2.098672073628892409e+00 3.779103316073862739e+00 3.391092860365337192e+00
7.687027134988398958e-01 1.370423755634686991e+00 -3.217588862080412948e+00
1.029895057131241076e+00 -5.292492756767087636e-01 -3.175317743601553389e+00
1.863842559999826509e+00 -1.771717768145156580e+00 -3.082504704946102334e-02
3.036345749789380211e+00 2.259138001078654590e+00 -1.948381423844395721e+00
-1.857368886809517505e+00 -2.341914617455133296e+00 1.436319265968730718e+00
1.739503011476045025e+00 1.200383825018027206e+00 -3.418615071859731458e+00
-4.094129247174160824e+00 7.140088739264875972e-01 -2.884826362064595529e+00
-1.020348225847431012e+00 -9.392027805630172033e-01 8.272966282864746557e-01
1.697335420804202855e+00 -3.065601913479711005e+00 3.880712152560766182e+00
6.754055689828579734e-01 1.422948945956119760e+00 -8.135358735781069717e-01
7.748877583263313884e-01 -1.044742883144497592e+00 1.505051787706321198e+00
-1.039448571197337579e+00 2.016279877725724923e+00 1.234755099194102534e+00
-3.395561292955905586e+00 3.970016153485844246e+00 -1.709768831722005222e+00
1.610587600244171913e+00 1.001839560478438584e-01 -1.197551178753248458e+00
3.414894609422247651e+00 -2.591042968050081718e+00 2.480422701341368441e+00
2.160334503030325148e+00 4.018689638726286262e+00 -1.473158575219005506e+00
-7.418297617334255190e-01 -4.077918832158869300e+00 3.441277342062025735e+00
2.329105635302456179e+00 3.684938166598873632e+00 -4.921865035298524926e-01
-1.489751279819345076e+00 -6.614945331192572109e-01 -1.967834398422646069e+00
-9.633913121016119963e-01 -3.148323339319557324e+00 2.963519088672887380e-01
1.688098385428969728e+00 2.186542455799360685e+00 -5.825355645789642711e-01
9.232867270424094386e-02 -3.940897871930109098e+00 1.633850651033091017e+00
4.330045207241891014e-01 -3.593615176253115995e-01 -1.379202362341000798e+00
3.874579172724839982e+00 -4.098624567128245744e+00 -2.366981193135063055e+00
-2.520842495260464222e+00 1.630971746286977497e+00 -2.848142291309495810e+00
3.145310772665451893e+00 -3.829092605687219653e+00 -1.673589718555529515e+00
5.617562065343858491e-01 -3.904667442393316978e+00 -1.360029859894846371e+00
2.191188458301897679e+00 -1.075373733550759159e+00 3.731128892699614230e+00
-1.461796872700499961e+00 -1.806507858675532985e+00 -2.240672776453702664e+00
1.902431966570488520e+00 1.338509967589139427e+00 3.226436164656082184e+00
-2.125957763683878010e+00 5.924584596981242735e-01 1.128267085503447564e+00
2.101769755472858492e+00 -2.350504509500603412e+00 -2.577262067594855655e+00
2.637905354901953991e+00 -2.581436723460046601e+00 -5.082732024752640854e-01
2.231996306358788207e+00 -1.287190519254794996e-01 -8.280922067056356584e-03
-3.127081278837090750e+00 2.568071753660333467e+00 -3.130686624533363105e+00
-2.208370885181313970e+00 -1.094513997772772029e+00 -1.336663173785100023e+00
-2.724154489942781865e+00 -5.918730144706625396e-01 1.684344909142630797e+00
-2.097320640285756266e+00 -2.462878079042446267e+00 -2.698422088346381642e+00
-4.746672722407009881e-01 -1.643592544574967951e+00 1.704167416262607926e+00
-2.868718650883729904e+00 -6.518313393355409380e-01 -2.617017303576088416e+00
4.096962476282447696e+00 -4.166498580514790273e-01 3.796032040580767930e+00
1.995783359114583932e+00 -9.998831235740099910e-01 -1.841401823591390263e+00
-2.207043653633456781e+00 3.259588988567617029e+00 2.035849435576587929e+00
1.605747568426730831e-01 2.672319939142468126e+00 -4.162694138813504696e-01
1.413050068188288044e+00 2.544546493411043109e+00 3.627825666914558322e+00
1.045378827103323971e+00 9.418152664683590025e-01 2.785857709843912122e+00
-1.799051055643992036e-01 -1.662290484508005095e+00 2.927012496149283827e+00
3.076667727548597853e+00 -6.524948241424868289e-01 -1.980381841771484019e+00
-1.030585359275328239e+00 -7.847777542441083942e-02 -3.728450794022672099e+00
-2.782011083699724274e+00 -9.756822592590518317e-01 3.147510616403352390e+00
-2.323861452166806174e+00 6.420591527048929992e-01 -3.393886936497720885e+00
5.073807515445182270e-01 4.017768232663111228e+00 7.995364176916573973e-01
5.701516252116735073e-01 2.224944930474046068e+00 -2.770853751155474054e+00
1.588799606325015934e-01 8.279732338550381820e-01 3.430684252918257737e+00
2.220830195263962192e+00 -4.217679811052110761e-01 -2.948579248164991284e+00
1.467436910852409904e+00 2.908641277514069090e-01 3.629914714733875947e+00
-3.795616197579538387e+00 -2.744131342830596676e+00 4.079366724289742230e+00
3.150048030618566308e-01 -2.028910865146605680e+00 1.358729377219964007e+00
1.884203498437322932e-01 -7.977571437582055003e-01 3.222192601456109973e+00
2.650780809255642190e+00 -1.697333292980593100e+00 -1.885865948726729968e+00
1.368519016378233033e+00 2.874793746800276217e+00 1.813791916349982047e+00
1.274409415166308124e+00 -3.222843687595730588e-01 -2.149271885731049547e+00
-1.266702292614130698e+00 3.632167902928573167e+00 2.599834674768559672e+00
-4.007653872839586739e+00 -3.243877770430619201e+00 -1.076669725613099982e-01
1.815248906603251555e+00 -3.366117449312819310e-01 -3.793500125099820153e+00
-1.824117828563561972e+00 7.255086589402164332e-01 3.906951617130590915e+00
-3.383403446357926114e+00 -1.286141695186520773e+00 2.389724342578920524e+00
3.105308754964688500e+00 -4.034766307311686617e+00 -3.091220047905139712e+00
-4.278429655149253996e-01 2.698560318744382069e+00 7.178692474419131608e-01
2.610259556382342971e+00 3.610085842472376072e+00 4.065191263651628972e+00
1.844554272874707301e+00 -1.329727218093338381e+00 -3.537274427737811866e+00
2.045425599203030576e+00 -1.226324205558561475e+00 1.745043031232951680e+00
7.257934213882322183e-01 -2.692540320196012971e+00 -6.090486830658320416e-01
1.396127417536139476e-02 -1.538117093484911324e+00 3.901580721330239143e+00
-2.015341652287832908e+00 -1.208663427460630047e+00 -2.833348158332718913e+00
-1.856965908739206528e+00 -3.328190707486680999e+00 3.315798658797457055e+00
-4.034444942676699952e+00 1.571363210418321277e+00 1.590682186701125600e+00
-4.878610289062520478e-01 -2.735464739218820718e+00 -7.251850825937817824e-01
-6.133922457100744463e-01 3.532053866254165619e+00 1.286699414822065846e+00
-3.140737825874101663e+00 -3.011119390584758637e+00 3.386464422647340822e+00
3.367252331241102903e-01 -3.212431586543557760e+00 9.677575190559495333e-01
1.263761763469994692e+00 3.579311268370334087e+00 -1.460087213442038401e+00
7.237027556768743652e-01 -2.812532954963223641e+00 1.746180007750139263e+00
3.910565531000315675e-01 4.856570867750407972e-02 4.020464558246532150e+00
2.837776438011873292e+00 -1.970969202467055092e+00 3.394778908861169509e+00
7.996646610895279117e-02 7.841441477288431383e-02 4.829064113148675563e-01
-3.871009955356652821e+00 5.119861831153325049e-01 3.376786496381737113e+00
-2.785991126064499279e-01 2.564887686259087918e+00 -2.251934294776071876e+00
7.967115109300669795e-01 -2.432653625208318182e+00 -2.312848914169407522e+00
3.020268614550367658e-01 3.325783220271590679e+00 -1.312312553017904282e+00
1.666813774960257399e+00 1.215878510168545645e+00 -1.307152300783146259e+00
-3.748796684542067492e+00 3.652270990705155373e+00 3.797257004195067065e+00
2.730863946340990056e-01 3.265216712010440503e+00 1.735223923244544775e+00
-3.909351251028568175e+00 -2.287949270874079843e+00 -1.723219431323192330e+00
1.225286650691462365e+00 1.240836646694633227e+00 3.942999316230201501e+00
-1.083491982065621695e+00 -1.304318187386618533e+00 -1.346546311822759412e+00
1.446926017799739173e+00 4.026883692683084881e+00 -3.244275428192601840e+00
3.186016524672648398e+00 1.378485532358253884e+00 1.240742949404088025e+00
-3.752184058510406484e+00 -3.678273378518411851e-01 -7.266261396231445957e-01
-7.572702888503288765e-01 -2.292661233320422820e+00 2.452322842295695082e+00
4.032292628782533583e+00 -3.511634662694691489e+00 8.220314153966863380e-01
-2.189791286376143731e+00 2.803230642623063318e+00 -3.283036569304146557e+00
1.406977869709336471e+00 -1.441229806583845807e-01 2.178818458448112061e+00
-2.870268771526528262e+00 4.106456054299012948e+00 9.757464892363235665e-01
-7.428123016648486843e-01 -2.442903350994971134e+00 -2.884870870307981061e+00
2.279207725965218145e+00 2.969025659175475784e+00 1.001209205123752666e+00
9.522247044567766494e-01 -3.611660652316798004e+00 -2.272346346331555189e-02
2.880529584287287115e+00 3.318997222590609031e+00 -2.019893547237283649e+00
-3.844171987314030314e+00 -1.291056023477570536e+00 4.244845261409181392e-01
1.080140117881827899e-01 -3.453021151472340122e+00 3.232816951473896250e+00
-3.118584799707883715e+00 -1.999413891351830008e+00 3.561877585574332539e+00
-3.493846314792938390e+00 1.924637723863378724e+00 -1.241521240442836849e+00
2.418059631490596217e+00 -2.035788613674051284e+00 8.171991666600338933e-01
2.555914883770086021e+00 -2.237381883843741370e+00 2.203911087886632370e+00
1.201932646437462004e+00 -3.525563029791156211e+00 3.079831803944577118e+00
-3.418338784690386323e+00 -2.443966674343049039e+00 1.060188170516063316e-01
5.292033303650992004e-02 -3.143041779093964205e+00 -1.017237474969651459e-02
-1.602081824968922152e+00 -1.503917906899040702e+00 1.816055872998519671e+00
3.906784319370604663e+00 -1.078948129530089783e+00 -3.668960280006190899e+00
-3.898434661657511402e+00 -1.558266135126444629e+00 -5.451731138740579796e-01
9.346032167306504990e-01 1.552435449103919396e+00 -2.044214327931029640e+00
4.069238333767382088e+00 3.700171885710019648e+00 -3.397807806137807418e+00
-3.318816315089997193e+00 1.059436569056662059e+00 2.693318075910498877e+00
-3.605721473374531083e+00 -1.264621442354343595e+00 -2.979240627099694283e+00
-1.925958411896069977e+00 -7.489672694325496538e-01 2.382928707777683730e+00
3.154750148335649929e+00 3.251910460001831371e+00 8.966564171113607928e-01
-1.630436168528856644e+00 3.399726084922808589e+00 -2.441234615817262643e+00
3.310597088817343270e+00 2.543285267903184765e-01 2.655151988285508136e+00
-2.056026561510545747e+00 2.072627492830548146e+00 1.221132855205588008e+00
3.314953588444114363e+00 3.483449097871672340e+00 -5.528540148429332834e-01
1.226631168038728514e+00 1.635383427093402897e+00 2.477536661510251759e-03
2.170780274653062669e+00 3.900889510004480476e-01 2.536358808310040569e+00
-2.297083482957652301e+00 -2.348415976414391260e+00 3.229646101938203007e+00
-3.469300090376258972e+00 -4.003905493623875600e+00 -2.879094519739364255e+00
-3.062311105350571383e-01 -2.098573406684055787e+00 2.126260429797641183e-01
-7.806630998518296338e-02 1.409526850524885466e+00 9.428181640418806797e-01
3.428797835933197757e-01 -1.450817249501625605e+00 -3.328055479493304158e+00
1.901256983260945832e+00 -1.549532970127877496e+00 2.747297369981952286e+00
-3.955659373711315485e+00 3.576910822140250801e+00 9.004179788199776491e-01
4.055548088670608842e-02 3.475577460257489593e-01 -5.393631477869055280e-01
-9.830713475172661031e-01 -1.645348413492884188e+00 -3.577649012476151302e+00
-1.127446719184133972e+00 3.543996239003159410e+00 -1.179934223081408939e+00
-3.068408069575698338e+00 5.889083927896671122e-01 -2.500055615789990693e+00
-2.919932040645312643e+00 -3.969923406744112260e+00 3.459843453665542246e+00
-1.799204644663333408e+00 2.093649116198184612e-01 3.046711663096893119e+00
2.906873699090557039e+00 -4.004232940419309994e-01 -3.756396442016916470e+00
1.292779936838790000e+00 1.168533982606085431e+00 9.566952085587091537e-01
-1.404246953653807584e+00 2.436378839333032342e+00 -2.682305822202541545e+00
-2.623698901667366634e+00 2.620767136941652975e+00 4.039777199671655827e-01
-1.042651170865322330e+00 2.972422098775961974e+00 3.373480293594810941e+00
-1.540311558828141747e+00 1.346529183500954074e+00 -3.477237955405501513e+00
-3.566069390582876419e+00 4.047677472510710750e+00 1.061260120603699786e-01
-1.752979050468691291e+00 3.628138844595096835e+00 -1.754976686319140722e-01
4.048890077372212737e+00 1.850671694108127596e+00 -3.423883159699856460e+00
-2.510348042035332128e+00 -3.048073531125621738e+00 2.584690094966400231e+00
-2.426626228924227302e+00 -2.367926232854069557e+00 -2.575690979889624366e-01
-1.195269425962985910e-03 4.085683795111259897e+00 4.090101636301473498e+00
1.188049677891829803e-01 -2.517800604357085970e+00 3.745084898435040888e+00
-1.856953556646219416e+00 -1.966432249434914292e-01 -3.004397037204513676e+00
7.846351269386843130e-01 -1.721483905090981148e+00 -1.887994478830029577e-01
-2.986597285014706227e+00 -2.523871014561844373e+00 -2.013010644870099508e+00
2.374699940363397932e+00 1.803641936318379546e+00 -1.308236767795407651e+00
-9.216586238934285635e-01 -2.292314025307225389e+00 -1.487481597577916093e+00
3.745988835533006878e+00 3.139896621273223776e+00 1.744457291919921937e+00
1.611740342825247030e+00 -2.830144165491245367e+00 3.608972999337918819e-01
3.905241500515578501e+00 -3.141562533465210638e+00 1.755349518533254605e+00
3.474098207553390605e+00 4.084186867514396191e+00 1.390379361420362558e+00
-3.647979956428037074e+00 -1.821984331940147417e+00 -3.734874843532006938e+00
-9.061029050887319247e-01 -1.238512903984311908e+00 -1.638565783282259769e-01
1.457239886554905439e+00 1.918026422817765919e+00 2.637174787568910883e+00
9.267928522119457391e-01 -1.537051542888150379e+00 3.176450502562355727e+00
5.844450582413268647e-01 5.574143683451510123e-01 1.177196054263303759e+00
3.995823473155077021e+00 -6.100908815369100457e-01 2.766389139390243113e+00
2.252009156068677687e+00 3.771982304878988224e+00 -2.750760417044304962e+00
-1.193314190918234541e+00 -2.194779985159104996e+00 -3.570314053151237288e-01
-1.533994761710455679e+00 1.792276250724375686e+00 3.632829275253718126e+00
-2.170707618532693228e+00 -2.078948073494828741e-01 4.008778069863124571e+00
3.499118328723747950e+00 -1.613018769795658613e+00 9.252881079553846311e-01
7.808854518096524089e-01 3.045164231583166625e+00 2.639058773404762803e+00
-2.291950455545058940e+00 1.678065266704291680e+00 -8.752400824121810974e-01
-2.493870548478756888e+00 3.763689537018187092e+00 -3.306630871146071904e+00
4.082201966483038902e+00 6.517185024807152782e-01 1.673423047359563265e+00
3.903243203443379716e+00 -4.040132832146481889e-01 1.198735253549551016e+00
-2.550516382660710790e-01 -3.043086254857200412e+00 1.910878982447233865e+00
1.180175082047458357e+00 1.939500300092099894e-01 -1.898470408717001512e-01
6.693252259247512992e-01 3.785988716566721646e+00 3.342454145459685666e+00
2.214563710045229339e+00 -3.747108138915367537e+00 -3.856798997084046832e+00
-1.547239035622412828e+00 2.690942786577268819e+00 -1.243535854022484788e+00
1.759198528986392063e+00 2.993056763460844483e+00 -2.180836683636278472e+00
-2.859076546075689951e+00 2.528175114269009538e-01 3.163294335069242180e+00
2.408376697763484398e+00 -5.966717746765496377e-01 2.664604953523531439e+00
1.553465666188114325e+00 2.215124172122856283e+00 -3.084210476979383220e+00
1.650736775511289167e+00 -2.571425796878594738e+00 -7.890862280201961232e-01
-3.129549608480857170e+00 -1.396938232519962853e+00 -1.133322120514291376e+00
3.242662562336329213e-01 2.430103024446317761e+00 3.262957880206364347e+00
6.899945894367509602e-01 3.303560082141061560e+00 -3.922815669947147921e+00
1.286678034263060377e+00 -1.502732352582330400e+00 -2.610988310610837804e+00
-2.954920347167679484e+00 -2.360759772748881158e+00 -1.074551486777743925e+00
-3.955160405475727003e+00 -3.589390894507752616e+00 3.598375765226034417e+00
2.402814979082851521e-01 -2.548348582471466006e+00 2.607739927669988411e+00
1.735814232148378933e+00 -2.350225650076072093e+00 1.599345537329214029e+00
1.443276564853294142e+00 2.177940735103914172e+00 1.216320974321029258e+00
2.700575615516922490e+00 -2.234263957290638647e+00 -3.383535163615230879e+00
-3.193111774012349802e+00 -3.371529794203786068e+00 -1.122139122623555973e+00
3.276019557279235883e+00 -2.511379865243134724e+00 -1.589710991571159138e+00
3.646456287757600112e+00 -1.605998834176654455e+00 -2.293306655571011099e+00
3.532016361692367656e+00 -3.105451091923011830e+00 -8.063251732436916841e-01
3.040577325989624491e+00 -3.406243241852813242e+00 2.055390754112510265e+00
1.927008726606274758e+00 4.662498227618666613e-01 1.141489896868089771e+00
-9.184985344339484659e-01 2.404622621572525543e-01 -2.292434006352926379e-01
-2.411415213432990701e+00 -1.436596007429492117e+00 1.161129949474185352e+00
-1.347592205658223463e-01 3.842919454786486888e+00 2.723094688617452075e+00
2.374787432303131940e+00 2.649235108602243205e+00 3.928274891894101284e+00
2.193705254289255446e+00 -3.615312975808355755e+00 3.257236719239982037e+00
2.316618712011067505e+00 -3.082644571274067768e+00 -3.151432784199813320e+00
1.746170469811386017e+00 -2.127669392994268716e+00 -1.669206664824557373e+00
-1.324205978488610658e+00 1.101129112862960113e+00 1.853520216556224232e-01
-1.865620856184802001e+00 -1.972156001902152012e+00 4.976178572395016375e-01
-3.708642756595871282e-01 3.945163951993033158e-01 1.538501718532886198e+00
-2.848732671254791793e+00 2.422648045433594799e+00 1.784709513245360535e+00
-8.190349465391097428e-02 -5.498724473503913135e-01 -3.644042307008207082e+00
6.618856211166136427e-01 -2.508523911137244600e+00 4.167996715584543765e-01
3.837935863182501794e+00 -1.321288372636556518e+00 1.915561522634879887e+00
3.075640591075802233e-01 1.639223446142874963e+00 3.908992271944031760e+00
-7.323891020982832289e-01 -3.893845887219198332e+00 2.115137266715052977e+00
-3.554099799696579964e+00 3.737722594225748374e+00 1.935835381431990410e+00
-4.279168217481392200e-01 -1.716856083403855759e+00 -2.160156844304368828e+00
4.547415524512436469e-01 2.278232356709684492e+00 4.757635587927636633e-01
-1.387843219060260758e+00 3.603269627431919364e+00 4.091593482526107550e+00
-4.103137924718359031e+00 -4.077810597818124272e+00 -8.681023798873549469e-01
-1.063080871618248713e+00 -1.976737362505113671e+00 1.019933992781581811e+00
8.865807719062536174e-01 -1.486999997892608727e+00 -1.239655835057225097e+00
3.705547582106703874e+00 -2.240903765187345797e+00 1.607959127507492536e-01
1.993377537561746626e+00 -8.784924941937607423e-01 6.706329843470957286e-01
8.707586120913742844e-01 5.338707544980149100e-01 -1.742084331931283092e+00
-2.178120827070536780e+00 -3.987464713633996904e+00 -2.248376003096498987e+00
2.763333176059689311e+00 1.020321953207744103e+00 2.091657100703682381e+00
-5.313726008499870535e-01 5.594245991096979953e-02 3.507883020854777989e+00
-2.059036392307210583e+00 2.710364327789020145e+00 3.646151302594199617e+00
-3.779185957514719529e+00 2.528521411774830696e+00 1.267879008083147019e+00
3.853809584039375125e+00 2.876339008390357055e+00 -2.518450948584148197e+00
4.435345042750540312e-01 -1.609441335513833726e-01 1.939752193775839961e+00
2.217484420216717211e+00 1.794923440831909467e+00 7.310515761789696532e-01
-2.220799809820758419e+00 3.586024460475651932e+00 -1.043984293398351637e+00
3.794677180769688185e+00 1.921306473196418840e-01 -3.758935776349836555e-01
-1.948301245296517603e+00 3.388530362793692685e+00 9.684668095297428447e-01
2.878866100582974319e+00 1.075357385337380567e+00 -3.044640013443203230e+00
-4.099765332353184633e+00 -3.311829415711773361e+00 -1.665155091824090716e+00
-2.922836526273971280e+00 3.084901514919550447e+00 -3.908459133505690630e-01
-2.726408460372202192e-01 1.231300405663641628e+00 2.691496821775852144e+00
-2.965797312540539465e+00 3.183755814095394765e+00 1.146304565288241983e+00
-1.722037108320304766e+00 2.877703464302464598e-01 1.994427963662071202e+00
2.997823457853031393e+00 -3.129038373374821269e+00 5.543300442342872225e-01
9.747407582480143162e-01 3.079487528394623030e+00 -2.830692029450745828e+00
2.356090128168560671e+00 2.021408824722967346e+00 1.785509000430004933e+00
-2.321452279246119410e+00 2.036114284636150185e+00 -3.888445801904381049e+00
3.161391472946704528e+00 1.341126615164722979e+00 -3.986004976123785681e+00
-3.948375915381816981e+00 2.778041703672891938e+00 3.451300104138802727e+00
2.399182791187552066e+00 3.897402719702545981e-02 -1.837918329249315086e+00
-3.924748337195786974e+00 -1.325603234546668396e+00 3.576568832903898265e+00
-1.938189205061362053e+00 -9.229727860776184567e-01 4.085746181233819718e-01
3.379572535762913610e+00 -2.995011993496909053e+00 -3.411037523208045652e+00
3.413408051423529876e+00 2.084493254421261543e+00 2.003166275334147262e+00
-8.843473239249651785e-01 -8.201648536758279207e-01 -2.880749155920382165e+00
-2.964309317842400038e+00 2.915151036676743690e+00 2.740222506680230374e+00
1.427441153364028992e+00 -3.325994913673289588e+00 2.119984028926367614e+00
1.516445217624554087e-01 1.158940646494815763e+00 -2.475128980379506238e+00
-3.416118488423096622e+00 -2.876277095363317937e-03 1.463773142778004077e+00
3.883336071520357979e+00 -1.798370358055091600e+00 2.799371486815425136e+00
-1.776878048399825438e+00 -9.618371780962371442e-01 3.363516248955163768e+00
1.525128535800033269e+00 3.839058273770791896e+00 3.869638113817151392e+00
-2.279648087252060584e+00 1.234674339827834366e+00 3.114770009495516412e+00
3.280297796062461746e+00 2.069422226367713336e+00 -2.867842978136650345e+00
1.793642154234536434e+00 1.134514275290822383e+00 1.908628648155693330e+00
-2.631267265790136811e+00 2.555882432032799301e+00 -1.171487901008844590e+00
1.394465312763358833e+00 2.336257879625696976e+00 -1.551496917393526243e+00
3.439088450668615238e+00 2.647452074471423167e+00 1.732888384007994220e-01
3.113179227331490218e+00 -2.537690862909966594e+00 1.371578839252644677e+00
-3.483094528320769268e+00 1.631374858891753377e+00 -2.789122753637506058e+00
-8.286186128388051131e-01 3.028152453533659028e+00 -2.948613034302483560e-01
-1.219608049310807463e+00 2.310461013812577402e+00 2.516324208430693155e+00
-5.230991177704682471e-01 -3.743792713139108219e+00 -1.551327573708155771e+00
-6.591684473168851754e-01 2.036323828592072172e+00 3.349787095057312758e+00
4.417867957955968206e-01 1.950290088753321882e+00 2.430194740398441411e+00
3.809063005548337433e+00 1.237360933869670276e+00 2.549655956181776872e+00
3.127277230258167062e+00 9.891782357990498431e-01 -2.103100434492579940e-01
3.276711623366987958e+00 -3.521823867572664302e+00 3.086304286121134943e+00
-3.156768767700313560e+00 2.042128641512071852e+00 3.396569444768146262e+00
-2.874992428805994926e+00 -1.525428940327009375e+00 4.359997195480829618e-02
-3.407200651392396917e+00 -1.934917065141694259e+00 1.078614467495825568e+00
-2.703529125572365466e+00 -2.925785148703181071e-01 6.156704599703076708e-01
-3.897464616439422880e+00 -2.545989522610230704e+00 -7.753229760781981117e-01
4.976412567768810358e-01 -3.612657594298732011e+00 -3.284241433069964522e+00
-7.953098795057372827e-01 3.719040994259096844e-01 2.537486027888195217e+00
-2.696047956001383028e+00 3.164195452032938505e-01 2.196852485541921141e+00
-9.968192557350203931e-01 -3.118081913012975548e+00 -2.084083153870634142e+00
-5.800338672356943753e-02 1.386666698216547422e+00 -1.498266766320822674e+00
-2.299167981206783562e+00 -1.646154739712287984e+00 3.961004990185372776e+00
-3.434105935815118915e+00 -3.406889285520582344e+00 2.139969258222468529e+00
-9.275580572466650686e-01 2.319239251921979772e+00 -3.920996934985066407e+00
-1.360502870552747101e+00 1.922941012787720672e+00 -5.474036927099220629e-01
1.738105778905503440e+00 -3.664738697713629367e+00 -2.264498620797574802e+00
-2.981333256109870877e+00 1.092792491498556506e+00 3.857609137491922358e+00
3.590716105609422559e+00 3.968335670814557403e+00 3.022362967362854369e-01
6.992543806974865772e-01 -4.027538152985879805e+00 2.449336871473659638e+00
2.180375427203951499e+00 9.264013372565760296e-01 9.964277470924987057e-02
-1.722253946330359220e+00 -9.414330642876305166e-01 -3.732194028997629420e+00
1.318314609189982889e+00 -3.098175304360578863e+00 -2.964214814450496949e+00
-1.949525468326474220e+00 1.236673023229841739e-01 1.862995646535742789e-01
1.226052641642400909e+00 -3.469616061964768683e+00 1.164724943541783464e+00
3.304708860248712021e+00 3.387812055275212786e-01 3.711255820885075440e+00
-2.200333891457187274e+00 2.063878561982207316e+00 2.488341315538013188e+00
-4.060273678445421197e+00 1.109495841754323919e+00 -1.049441581827568470e-01
1.730364797265165455e+00 3.126587896626242813e+00 -3.629804722226542602e+00
-3.418034682141851910e+00 -2.917024332908423112e+00 1.036361699954708726e+00
3.952360949673799251e+00 -1.021654721197556848e+00 -1.373090754866601593e+00
-3.108161797303506724e+00 2.248542392953966740e+00 -2.117919091570243495e+00
-9.101342777590235023e-02 1.923414338226307807e+00 -3.499876597786418131e+00
-2.914130593743512243e+00 1.334542583144866290e+00 1.825260287151838856e+00
1.045475494376294501e+00 -1.780545875464171424e+00 2.201000148250793487e+00
3.291077190118715468e+00 -3.859942397023265581e+00 4.059478120170099125e+00
-4.004985261791241591e+00 -2.568538926844354808e+00 -2.780237460666352245e+00
-3.029915472094641959e+00 -3.750504442300889085e+00 -3.731061737618624807e+00
2.181407905798448121e-01 -2.333264112598016915e+00 -1.513196883444917207e+00
-1.987935852448701857e+00 9.360580792471477896e-01 -2.350342934476832291e+00
2.365100471872656929e+00 -7.053452966574322303e-02 3.594193440962599073e+00
9.273305967752853984e-01 -1.925911099188501341e+00 -4.048839068460287294e+00
-2.259752341988860103e+00 -2.959206393068683827e+00 8.115193797098725348e-01
-2.668510051310037490e+00 -2.687095042763063990e+00 -3.909006596296126457e+00
-1.870443193464881970e+00 -3.578563031657515658e-01 1.237909934892390762e+00
1.879765851903617779e+00 4.910225696709537568e-01 -2.598015951396115408e+00
1.879528882438004533e+00 -3.622432928328271018e+00 -4.601032990929098676e-01
-6.149610854625432443e-01 1.270821909018992724e+00 1.779920585314676895e+00
-1.586672845960887535e-01 3.020711753246214215e+00 3.865255795579835674e+00
-3.487942897704534140e+00 -1.447399794979093990e+00 -2.087637940827026917e+00
-2.974171757192689114e+00 -3.391496187390242945e+00 2.445274217444696474e-01
-1.573401623645299896e+00 1.210737714998207926e+00 1.721689210942458415e+00
-1.915044452180884038e+00 -3.538843373465737407e+00 3.634477989327248443e-02
-3.748862780233856107e+00 6.656618505507601036e-01 -1.016660189474718257e+00
-2.534640572275199677e+00 9.699042824761295867e-01 3.412306801849899762e-01
1.096661713915480174e+00 4.161905494125384686e-01 -3.595826525812355179e+00
2.756815947772668363e+00 1.181041494603225939e+00 -1.930971420198698052e+00
-1.317384254596591919e+00 1.365452798464416695e+00 2.785605973725449491e+00
-1.572582302066519278e+00 3.162760818453239642e-01 -1.583425836495429007e+00
-3.224905149255986370e+00 1.217318923280281406e-01 -4.044796259436109764e+00
8.235212331358573445e-01 3.958229094058633102e+00 -2.329861613861765157e+00
-1.157358912245066040e+00 -5.043444146474327372e-01 1.896498590672422102e+00
3.994488584642661433e-01 9.097942418569266998e-01 2.045560552877240479e+00
3.655910803771956541e+00 -2.611551942358417477e+00 3.431129015575688612e+00
-6.977266209177160894e-01 6.820092064050260472e-01 -1.941849487256050333e+00
2.893855685874233696e+00 -1.588774009264533715e+00 -1.190021453316018885e-02
3.214295537880944131e+00 1.544110186589311706e-01 -2.713258536381187636e+00
-8.938350039721750795e-01 -2.155516491096829856e+00 3.652112476949525899e+00
-3.162986808031012842e+00 1.910700657566250849e+00 -2.401021889614673166e-01
-3.494558585318101596e+00 8.221646524951817803e-01 7.698788645992062918e-01
2.394169707409507186e+00 1.968477298764694572e+00 -3.689859223260962828e+00
8.740757633476727850e-01 2.339529076523984230e+00 -3.791919289052814168e+00
-1.297876830508680079e+00 -3.188071371514599406e+00 1.212100423361462287e+00
2.302494971166357818e+00 3.538417575811466431e+00 3.183490108486242143e+00
-3.574924410732104096e+00 2.001663862060042653e+00 2.437654350981042661e+00
-2.770816200779435690e+00 -4.049438483282854939e+00 -5.557032516128485033e-01
-6.774283424353250149e-02 5.363441565096804808e-01 -3.364209309655984637e+00
-2.235357831799228645e+00 -3.146164184480238379e+00 -8.802982889110060327e-01
-2.977628592790707351e+00 3.023637729833184018e+00 3.958015136366280107e+00
-5.142627374996159295e-01 -6.320349592842732234e-01 -1.905409921554960917e+00
-3.745282575745147557e+00 2.640752437334142222e+00 3.111968037680794552e-01
-3.956765005593119167e-01 1.657371486371045144e+00 -1.829660545777944125e-01
3.238551120806019146e+00 2.563462043491146591e+00 3.297662111693220321e+00
-3.509428873167757867e+00 1.188338164480286840e+00 -1.881296838547272809e+00
3.013597112304079673e+00 -6.532370729029726153e-01 1.815868162181236256e+00
1.224320812505589551e+00 -1.627231783986024416e+00 7.686686488165148656e-01
2.883572784504569331e+00 -3.710575845565988296e+00 -2.715048055787661063e-01
3.781973398694161492e+00 4.807188443514659459e-02 -3.602166853775810917e+00
-2.480242885791340335e+00 3.261104632333023279e+00 -1.884506296102981482e+00
1.166941740567863040e+00 3.823677152343833097e+00 1.622772478921457484e+00
3.599468297325111976e+00 3.343076862525793391e+00 4.069905314163275278e+00
-1.666805496955954924e+00 -3.790993555888141908e-01 -8.106954407844366717e-01
1.072948215887592260e+00 -2.545249949908412024e+00 3.248795655013460681e+00
-1.020276579104015147e+00 1.883670472807563279e+00 -1.814600963592183591e+00
3.595627781597622086e+00 -2.071666281288544909e+00 -3.911788747862048776e+00
4.010117595213542607e+00 3.895491237847686916e-01 -1.884014050796794404e+00
2.260540787203347612e+00 -3.017016165438544562e+00 -1.745598076680622501e+00
2.222098780835167542e+00 -3.842949723998336786e+00 2.267940768555383180e+00
3.083726311386109309e+00 -6.397389714772038216e-01 4.457342386667310641e-01
-2.990617224438449018e+00 -2.888294796565842759e+00 -2.948190577137436374e+00
2.552135136760992351e-01 -3.212689208487835568e-01 -2.603328003260871437e+00
-1.906335608795704406e+00 -2.214173723483490619e+00 -1.251704106181410925e+00
-6.321382018099364064e-01 -4.687709123489195440e-01 -8.926353779978255520e-01
-8.796136093322700633e-01 -3.239690421466754788e+00 2.942995882092846571e+00
2.017055073547904698e+00 1.684580021947478690e+00 -2.410870427312683528e+00
-1.322567915246797732e+00 -4.070639186824667632e+00 7.769147463204391091e-01
-1.713174860391505128e+00 2.714537691925947627e+00 5.609344844986120793e-02
2.183890300534573559e+00 -4.055895579609474666e+00 1.148408753543190164e+00
-1.074130114591225205e+00 1.034298747282541148e-01 7.049886937276279575e-01
2.802179510375955473e+00 -2.986576358233522299e+00 3.854427260011117351e+00
4.046635881375983956e+00 2.134754203845853127e+00 -4.355367679422506577e-01
-2.077244232720906414e+00 -3.582843287519410946e+00 -3.938872258482744027e+00
-1.489926391607720557e+00 -3.739060010736510620e+00 -1.434468972097930672e+00
1.318125099003811140e+00 3.280834715273977409e+00 -2.390605184121125659e-01
1.846418787319679344e+00 2.807938479206090854e+00 2.757733153398576498e+00
-3.694103613026967214e-01 -3.243779896236552496e+00 -3.892982472256282023e+00
-1.920025735788607024e+00 -1.390543451919145967e+00 -4.275264870795950634e-01
-2.521244028584679331e-01 2.850617473967588023e+00 -3.212054477777167794e+00
-3.893321285839643320e+00 3.041269925851502798e+00 -9.313593504229551456e-01
1.609081412929360688e+00 -2.404637425567001774e+00 -3.599763933836724217e+00
-3.356760024299489054e+00 3.266968812298287173e+00 -2.503917350978644318e+00
2.919794644434286823e+00 -1.432661606386528952e+00 -3.848306943281256221e+00
-3.219021531774066691e+00 -3.410034675341756305e+00 -2.164392388564063019e+00
-1.837804292005726925e+00 -3.929643800193082015e+00 1.574735505103053157e+00
-2.714773843185977587e+00 -1.847235195285490184e+00 -3.242931211194949537e+00
-4.801401904544745358e-01 -2.705336024491078906e+00 1.046384749139329884e+00
-4.050337363237136223e+00 -3.529156886011937999e+00 -3.592569869254525816e+00
-4.646440402314015450e-01 -3.725918573612358564e+00 -2.828267895760247619e+00
3.229775622938271251e+00 3.679894052584135267e+00 3.230062215290022021e+00
2.355989880714393081e+00 3.414834350287181408e+00 1.940117277248753158e+00
4.108886551819080246e+00 1.029184447896721144e+00 -3.980667037470970282e+00
