8.220706914434900980e+00   8.220706914434900980e+00   8.220706914434900980e+00
500
3.559836681061736119e+00 1.507120867532611541e+00 -1.150243077963057914e+00
-2.014533820498193073e+00 1.807730442308137953e+00 2.045646326464445330e-01
-1.539888491462425346e+00 -2.994773781004264279e+00 2.309294242741455783e+00
-2.083059934803280500e-01 -7.659537286428005354e-01 2.328302702466842344e+00
-1.398657502162487631e+00 -3.372987525184671931e+00 -3.043225282896422801e+00
3.366400674993346165e+00 -1.743283163762143317e+00 -8.067091234854438797e-01
3.756733997572923034e+00 3.487769707150382370e+00 -1.535795359100215363e+00
7.303340509737130670e-01 -3.223155504250843961e+00 4.050572865505559506e+00
3.457555538735306744e+00 2.323792058983154885e+00 -3.962096617618976691e+00
3.925809717847467795e+00 1.637369975250600129e+00 3.485260293128735309e+00
-5.050148550540988213e-01 2.351863701277990160e+00 -1.145364650263006157e+00
2.597547766173298633e+00 2.050106905205870689e+00 2.787286814223868259e+00
-1.050185005143487865e-01 -1.673989932179045681e+00 -7.426839102214454202e-01
1.660724133809717840e+00 2.606770763212843622e+00 2.247806561377178602e-01
-3.415546095974077101e+00 1.958824730936816305e+00 -4.042430512022310296e+00
-1.048994618574302873e+00 -3.670216276893405016e+00 -5.448241344578456102e-01
3.149410715323931464e-01 2.364240025288311564e+00 1.477903031814466361e+00
-3.896443289058997284e+00 -2.216744402316333851e+00 1.870026287907147644e+00
3.052014878417361743e+00 -1.078909271699950878e+00 -2.868880729496297022e+00
-2.584908923073087283e+00 -3.346369436779667694e+00 1.606621821252246507e+00
2.153549298359509034e+00 2.915656289888700847e+00 -1.149123573279021482e+00
-3.527231121750588283e+00 -1.102589985590541888e+00 1.533857293603335226e+00
4.921740512409885637e-01 2.387699931522301977e+00 -1.625030813202414492e+00
-4.060931878154249830e+00 3.058681404583500907e+00 2.575040442473145230e+00
3.005699705298467972e+00 2.944775846063803382e+00 2.441819288747747230e+00
-1.434888513751252148e+00 -2.829432308853583766e+00 -3.954309841732206898e+00
3.858531555379506983e+00 1.543284561079760531e+00 -2.290068622261890674e+00
2.201729669851742788e+00 8.190093868678459677e-01 4.004427533413422502e+00
-1.844137121093579967e+00 6.955763322936534543e-01 -6.268808671677549293e-01
1.779389810182723797e-01 -2.529020130062917815e+00 -3.270615138617992468e+00
-2.414067209600469166e+00 -1.666317946473880429e+00 -2.025975000922272784e+00
3.941543423660914147e+00 1.730945907340360579e+00 5.781304520163009775e-01
3.010741159041380399e+00 6.328867796062478401e-01 -1.114136055259152380e+00
-2.111496480476320325e+00 1.864907571783630980e+00 -1.806532123777448318e+00
3.226487795210679188e+00 -8.162521614803770476e-01 3.449231415055855177e+00
-3.055772874474302458e+00 -8.823975972864068762e-01 -3.849583177227124953e+00
-7.145945454131645835e-01 1.277106563865222366e+00 4.099341229988263002e+00
-2.994228321298898710e+00 3.378161120819745400e-01 -3.244804013459713365e-01
-3.433453191991578723e+00 -3.981891752154654296e-01 -1.801070251110218567e+00
-1.017584406864083357e+00 4.792290196314036854e-01 -2.802935318377183016e+00
-8.784754246799585387e-01 1.611555386198883388e+00 -2.721462031610484722e+00
-3.610257551248916563e+00 -2.373923306156906055e+00 2.810998429030549861e+00
-3.974796377969930905e+00 -2.679911556583965404e-01 -2.700738064036283692e+00
-3.727484981671754127e+00 -1.200518153581986297e-01 3.282976577114135597e-01
1.759250050740889471e+00 -9.388627986450244212e-01 -7.112160009346032430e-01
3.144278581904997871e+00 3.157412155853831504e+00 -3.261684171595480297e+00
2.970627405079596883e+00 -1.368257854771810500e+00 2.556724124708005697e+00
-2.796499373057327542e+00 -2.286120844593177992e+00 1.832638080823914883e+00
-3.930838708489723388e+00 2.813171388224524616e+00 -3.763937405680439330e+00
1.026764755638621462e+00 -7.857787330488733568e-01 4.045253580635344015e+00
-1.521568994391554019e+00 -1.804286978615194270e+00 2.898957831314553868e+00
-2.628699778883508476e+00 -5.811555258114001754e-01 -4.236933991029828150e-01
2.563042332856786842e+00 1.965734045937693741e+00 -1.697187206124871617e-01
1.795804774911543111e+00 -2.082296105371432393e+00 3.676827827328632559e+00
-2.400397640118336007e+00 -5.022130737021259644e-02 -2.082051428755621103e+00
-2.006690405098646934e+00 -2.962752635925345768e+00 -1.998951280791114726e+00
1.265293115128008905e+00 -6.443104679648427036e-01 2.892433588544662371e+00
-3.086064409655703944e+00 1.763730407568644409e+00 8.487543225433121785e-01
1.152149921380359210e+00 -4.191896008875663493e-01 8.000995104181090056e-01
-1.009778072674217153e+00 3.337429078239764646e+00 -3.276893199841711457e+00
-1.368612601058803113e+00 2.970875189670685312e+00 1.617049363300235409e+00
-8.176836361148388521e-01 -8.192447370776368976e-01 3.863123155183679103e+00
-2.780026363992006977e-01 2.748556473601543981e+00 2.349567992877882538e+00
-2.639680858097594118e+00 -4.049603036206645079e+00 2.453351737948418876e+00
1.459404008194576496e+00 3.752719550503098578e+00 2.526395767409990611e+00
-2.731358187755807077e+00 4.062442729485588599e-01 -1.301762271601568877e+00
2.653311377800492421e-01 3.635187288321938937e+00 -3.166994097399793873e+00
-3.660828103699898417e+00 4.034661046019717645e+00 2.868513494773167416e+00
2.491130556192984180e+00 2.645907306854252017e+00 -2.695043970115548415e+00
3.030670528043007295e+00 1.173511253912610020e+00 3.150066048366822358e+00
-3.046072319830086528e-01 -4.022282077256256194e+00 4.778938776682875589e-01
-9.864655758977957101e-01 9.738209753494067034e-01 -9.801724895511521041e-01
3.319675475403393028e-01 -6.872943145900856088e-01 8.649049964589319850e-02
3.096102188667363198e+00 3.432828750712378363e-01 1.262355868947610871e+00
3.380900735960420400e-01 4.033263445393044933e+00 -4.310489122951627894e-01
2.063870369743040722e+00 -2.702813724706276677e+00 2.878918842824881086e+00
-1.483114635113057522e-01 -6.084165235825548246e-01 1.209413433421888895e+00
3.174011263757539947e+00 -2.476632909090707546e+00 -2.602512498792314499e+00
3.708857777326574734e+00 4.040172256978862286e+00 2.345175434549207072e+00
3.218780474068836384e+00 2.612901919067530443e+00 -8.607475820899962438e-01
4.599082980257049869e-01 9.705060763584830719e-01 1.136916871504859289e-01
-1.935292914455028490e-01 3.666718976066901003e+00 -2.172982827965205033e+00
2.323087162962643448e-01 1.532839494580491291e-01 2.836022013508147310e+00
-2.096377574991291848e+00 3.642150535609907536e+00 3.254067528057901448e+00
7.175030317887373110e-01 1.364070970992570908e+00 -3.236882519404087333e+00
1.160668768383638527e+00 -5.413270552775912847e-01 -3.137130438973105839e+00
1.879908133818407823e+00 -1.771320363818220223e+00 -2.086147578553990412e-01
3.208854625722179055e+00 2.201099155382271633e+00 -1.907929469792147170e+00
-1.817162842051790239e+00 -2.377294966816176025e+00 1.432636020800451826e+00
1.725573803139733853e+00 1.229632100954640261e+00 -3.330519003225302033e+00
4.102607865670338860e+00 7.495835082826050044e-01 -2.954777377535120486e+00
-1.096775147377839321e+00 -8.777355765345119520e-01 9.490140721202060536e-01
1.675576134000103190e+00 -3.054448225264773331e+00 3.890049187221050975e+00
6.307734592521307970e-01 1.377452838499769738e+00 -7.819574260695385526e-01
7.964186699634457911e-01 -1.021447937518252358e+00 1.515672676408086117e+00
-9.829144257081149361e-01 2.026026764404639025e+00 1.232431450391579419e+00
-3.318090729968669272e+00 3.846270068830536459e+00 -1.599112451515942501e+00
1.594561584012232025e+00 1.319267044485862295e-01 -1.121659765143407705e+00
3.476908422106224528e+00 -2.573904315578738888e+00 2.402847403291409556e+00
2.240903641670660917e+00 4.106373277392934895e+00 -1.358952577239973980e+00
-7.773034276601318293e-01 4.058782094496916848e+00 3.388317348697989395e+00
2.337674092393123626e+00 3.583251824829539967e+00 -3.304109861690789351e-01
-1.484828961492898225e+00 -7.640544370669850593e-01 -2.052074535842276504e+00
-1.059605643167558231e+00 -3.067136966150548094e+00 2.622950033479708454e-01
1.621347944237541139e+00 2.138582005906749295e+00 -6.300196197198880688e-01
1.405881300804997791e-01 -3.987173692350179710e+00 1.655560368996181753e+00
5.580592231035454986e-01 -2.845855098830413765e-01 -1.204235554819926390e+00
3.814953413677559801e+00 3.975211450769693844e+00 -2.460241491144514292e+00
-2.391599571133970148e+00 1.722612277647098677e+00 -2.912784494444820460e+00
3.130227187157173852e+00 -3.858248674754623408e+00 -1.754496021765749036e+00
5.104539664302686353e-01 -3.787322919694527279e+00 -1.423176368576863471e+00
2.231867377914352524e+00 -1.074062333768305288e+00 3.636796749467375189e+00
-1.445468512616082890e+00 -1.825276339605900189e+00 -2.200498038091449171e+00
1.903821675234762756e+00 1.352311698922768368e+00 3.049042338888897419e+00
-2.197339425646895883e+00 6.800377014240913676e-01 1.153728131484700326e+00
2.027991957761030584e+00 -2.332008086372551414e+00 -2.563014888462571417e+00
2.658129046001421081e+00 -2.707074343934878780e+00 -5.531700279356188688e-01
2.137578270401183200e+00 -1.724175638878958083e-01 -1.428114749534005745e-01
-3.199627762368399075e+00 2.550863335846581759e+00 -3.092594747423652812e+00
-2.232422318966516439e+00 -9.368674514239903051e-01 -1.307758703602600381e+00
-2.675287006852614002e+00 -6.759219827375576584e-01 1.765860401019848203e+00
-2.082611177445059081e+00 -2.348010229882830924e+00 -2.826490090710808811e+00
-6.114545735756066192e-01 -1.460636385686959748e+00 1.773571113473089822e+00
-2.922071708569054849e+00 -7.058173185645952863e-01 -2.596786597871377555e+00
-4.055680841786371005e+00 -3.824902686930538587e-01 3.684745967252965659e+00
1.869613770917636142e+00 -1.004090845224225648e+00 -1.900048515130080773e+00
-2.379242370516725824e+00 3.243926560796420056e+00 2.059438918065685353e+00
3.578038904088994276e-01 2.638027764732208791e+00 -4.715987380865333534e-01
1.379090181479055266e+00 2.503907404774204704e+00 3.620891992010347948e+00
1.095693375969843508e+00 8.525981609026243024e-01 2.715393171341957235e+00
-1.156933010355261082e-01 -1.701701179211404513e+00 2.930081650838238350e+00
3.166756165905110443e+00 -5.977102645170886408e-01 -2.011778161812479482e+00
-1.068748340900583571e+00 -1.363719154705917216e-02 -3.749166510621979587e+00
-2.821896353771374155e+00 -1.032158423159821981e+00 3.248091620988341699e+00
-2.287554680132465545e+00 7.662041015170577563e-01 -3.425835280388292770e+00
5.786147062909454686e-01 3.784062660649045728e+00 6.985807915636800258e-01
4.000603277100039934e-01 2.171426557084294107e+00 -2.691936851843899969e+00
2.316931469498187957e-01 8.370524770931544456e-01 3.466848267392274252e+00
2.080202159651957317e+00 -5.376449532952767285e-01 -2.765509197353377857e+00
1.451703944138702074e+00 2.255292924889899520e-01 3.586216831469120070e+00
-3.759329112753867719e+00 -2.758032921582155517e+00 -4.067826937447459379e+00
1.901035815282949570e-01 -1.962395156598891965e+00 1.276132801029934871e+00
1.974455760364795254e-01 -6.945704905468053081e-01 3.266657757433037546e+00
2.671847583575068796e+00 -1.721071925470844199e+00 -1.783463813572812029e+00
1.447083521959779739e+00 2.893594213052903541e+00 1.873923764291081318e+00
1.275248838481523928e+00 -2.755521402201580039e-01 -2.146174930364950661e+00
-1.420505344129597614e+00 3.612154866417258248e+00 2.526469909780785450e+00
-3.960436386537951048e+00 -3.240542007597203789e+00 -8.082196545172463942e-02
1.833099801298633924e+00 -3.648862102161767318e-01 -3.849091966947939536e+00
-1.725695173826374385e+00 7.990044915364273859e-01 3.912897643223609112e+00
-3.431125685553664262e+00 -1.381199072416906093e+00 2.484454776278603561e+00
3.079691072033631016e+00 -3.989667279214824003e+00 -3.079824204854595404e+00
-5.504704199800546371e-01 2.735912505684234830e+00 5.289364686203554822e-01
2.668712486234393388e+00 3.562036390580439527e+00 -4.103465984331652550e+00
1.917866434816781540e+00 -1.369886536769711061e+00 -3.628986305517049260e+00
2.203604547382548517e+00 -1.240865032151250213e+00 1.764839882959143180e+00
6.679744505982724290e-01 -2.851086813954025523e+00 -7.382819049207198780e-01
1.345046583087252667e-01 -1.456978329722264265e+00 3.951272524067575898e+00
-1.966080740110462077e+00 -1.338890118841424171e+00 -2.906431550160144983e+00
-1.929283295729337544e+00 -3.370034245987715060e+00 3.358227301276794030e+00
-3.919940707380103362e+00 1.618053411072312597e+00 1.548386477920140392e+00
-4.068576060629329749e-01 -2.712953402711748119e+00 -7.396673787606190542e-01
-5.415390550556907767e-01 3.479239802899028344e+00 1.278483935801181026e+00
-3.149851789015472026e+00 -3.041334428792102695e+00 3.332750922313742592e+00
2.963822681605139953e-01 -3.324116703802139305e+00 9.722889397395145794e-01
1.221583062987872559e+00 3.651723315105893430e+00 -1.215197135993923983e+00
7.309020800244473426e-01 -2.760316128189416851e+00 1.836550908716088282e+00
4.242114946159897260e-01 2.611877531823184745e-02 3.995745552704760062e+00
2.872468454584149455e+00 -1.905636457312146703e+00 3.546389613854958878e+00
-1.058435657685435211e-01 1.841647318564383351e-01 4.827195077401296719e-01
-3.915905802482970266e+00 4.603487753255051107e-01 3.206553815546346886e+00
-4.270557827471488377e-01 2.531078544906915084e+00 -2.126708556532125982e+00
8.939945274594700564e-01 -2.310027215923400323e+00 -2.362553118000651153e+00
1.771766263447180356e-01 3.357485260914246261e+00 -1.232222882346810211e+00
1.753091178436906317e+00 1.125400147631747894e+00 -1.313405939470523753e+00
-3.764112968084163402e+00 3.761571052308436691e+00 3.866036210569787634e+00
4.180977865937482441e-01 3.300526304971715508e+00 1.716608470989242186e+00
-3.883429470844656173e+00 -2.343355333950761565e+00 -1.776796124068102722e+00
1.227415361997949761e+00 1.207324587996657428e+00 3.914516086460777089e+00
-9.705304366673275229e-01 -1.407630758163442408e+00 -1.189096470498777869e+00
1.395684009225394595e+00 -4.086869258971776553e+00 -3.278611893976024927e+00
3.149580633709176958e+00 1.407650501308261637e+00 1.234044864619779469e+00
-3.632736583673012110e+00 -3.445340496964569565e-01 -6.909684676537628523e-01
-7.667734702442736694e-01 -2.258960220757547432e+00 2.354328850530764239e+00
-4.087690678488496765e+00 -3.589081121365227389e+00 8.326916769500136706e-01
-2.182782360801342580e+00 2.757465049263354562e+00 -3.408289380859762741e+00
1.518042674370505773e+00 -1.671595394163231246e-02 1.972933718601700859e+00
-2.864666440671796543e+00 -4.101565754607766401e+00 9.963196067183354154e-01
-8.888838712380333629e-01 -2.480796715938997643e+00 -2.991444554738909911e+00
2.123395889231155298e+00 3.001509395815205483e+00 1.064009048680630620e+00
9.927318916576710617e-01 -3.585403508937858419e+00 9.052677717303456162e-02
2.772999986971590225e+00 3.257779213791442530e+00 -1.938495691989355008e+00
-3.916536975550466426e+00 -1.198250504525963933e+00 5.546467801613716997e-01
6.410960018648788339e-02 -3.502098873536976242e+00 3.213138031116362647e+00
-3.118584799707883715e+00 -1.999413891351830008e+00 3.561877585574332539e+00
-3.603550031508863327e+00 1.975265565386836286e+00 -1.458647695579835091e+00
2.404853792171104843e+00 -1.985745723051563161e+00 7.648360805094717163e-01
2.568969034064351398e+00 -2.212700668770970935e+00 2.080373919427625840e+00
1.163023227709149454e+00 -3.498191830402276992e+00 3.134266963355990310e+00
-3.393455285290044365e+00 -2.410880546206861208e+00 9.685136359900214931e-02
2.083372521045405781e-02 -3.225842244380235702e+00 2.213203119558673770e-02
-1.649070224691128406e+00 -1.430512877827774920e+00 1.847774959873907941e+00
3.993320230450863040e+00 -9.592485277045461611e-01 -3.697185864095912766e+00
-3.948331412925814465e+00 -1.467232246075310220e+00 -4.499702283050436846e-01
1.026873923312040082e+00 1.445999565660891051e+00 -2.115885377277724189e+00
4.015677158682648518e+00 3.628825043936328321e+00 -3.383524430390153270e+00
-3.324591914915409951e+00 1.031026729123261543e+00 2.719259973479986048e+00
-3.676978287171534632e+00 -1.215995532254593892e+00 -2.936351778709361149e+00
-1.986503548309504819e+00 -8.355873201811921946e-01 2.500271909634389722e+00
3.105553818598661753e+00 3.309588287339876533e+00 9.064216179044471966e-01
-1.483100531102436115e+00 3.513575381078981597e+00 -2.267807743292270750e+00
3.281115404160228177e+00 1.511933622949867273e-01 2.580325372029252939e+00
-2.131224304586668783e+00 2.107901111131213590e+00 1.359948865218585157e+00
3.414866411273632441e+00 3.524432347421203371e+00 -5.187223250280987852e-01
1.216785333984714113e+00 1.620024371187819501e+00 3.332896124713441433e-02
2.221686481903505594e+00 4.440056457692017622e-01 2.627673533497572933e+00
-2.245863024816862286e+00 -2.319389187178487965e+00 3.282883467253133070e+00
-3.486411638397748813e+00 -4.044549311003414971e+00 -2.834354069131288512e+00
-2.241997327951029129e-01 -2.056345888916146336e+00 2.483189805433523578e-01
-7.806630998518296338e-02 1.409526850524885466e+00 9.428181640418806797e-01
2.911373810659939609e-01 -1.350611616311003349e+00 -3.171020385147250487e+00
1.872534061673534644e+00 -1.582363369441301071e+00 2.755351661893438386e+00
-3.890745357577466645e+00 3.561974458002183486e+00 9.486512118725304310e-01
6.965863470472329066e-02 4.278326810141414582e-01 -7.265242660869783986e-01
-8.331708002302451455e-01 -1.651414541488844590e+00 -3.639922653840490963e+00
-1.087147011504480121e+00 3.591574235066394838e+00 -1.298047396239831341e+00
-3.203585993963905310e+00 3.060709865934744811e-01 -2.582008688943865593e+00
-2.913933648648642905e+00 -3.980414145360314127e+00 3.440876975141429206e+00
-1.758332633179392923e+00 1.219060314159860908e-01 3.085985188963721981e+00
2.842890470408643289e+00 -3.702603401685258810e-01 -3.778612085345148142e+00
1.388266237700877426e+00 1.134124803780892643e+00 8.649655315834139380e-01
-1.457108148921984814e+00 2.468748845393123670e+00 -2.423527659606587115e+00
-2.634102311442517941e+00 2.596813819762377129e+00 4.471467497387863199e-01
-1.044732167728440020e+00 3.006948745200558548e+00 3.318995108660033111e+00
-1.430439885057352312e+00 1.298545823319749770e+00 -3.444669899513268074e+00
-3.587484427033642120e+00 4.012618750045518823e+00 1.003856573391814361e-01
-1.650821763255616137e+00 3.612738543049371032e+00 -1.706083236563551431e-01
4.017783068157781301e+00 1.767462111672871261e+00 -3.453359123645040274e+00
-2.510348042035332128e+00 -3.048073531125621738e+00 2.584690094966400231e+00
-2.428663433767720647e+00 -2.427219868434538075e+00 -2.612589128715703257e-01
-1.783590707380751025e-02 4.002764334117809852e+00 -4.047963800315574012e+00
7.432392769374109032e-02 -2.516998652185580720e+00 3.803593789243873147e+00
-1.884977823329144320e+00 -1.710088487750857089e-01 -3.019654525226155073e+00
7.312188812265369986e-01 -1.599550192546105087e+00 -1.285270612393598078e-01
-2.943256043766871777e+00 -2.477704175853518542e+00 -2.035316940455933032e+00
2.455168688897103824e+00 1.897593526262088215e+00 -1.312940707966132159e+00
-8.858324138358831812e-01 -2.354726635430109738e+00 -1.571864239873086877e+00
3.709350292529199677e+00 3.195220737865215099e+00 1.731612225140384931e+00
1.660905608675603551e+00 -2.795919464148344247e+00 3.566445456649202095e-01
3.986551791953749202e+00 -3.190894079480846912e+00 1.767817316484579848e+00
3.322701599256608240e+00 4.107944836445303061e+00 1.359577187332451587e+00
-3.647979956428037074e+00 -1.821984331940147417e+00 -3.734874843532006938e+00
-8.140677889208365325e-01 -1.093479100046503838e+00 3.294311334749575049e-02
1.352547917863945237e+00 1.874968989988218260e+00 2.473154763206037998e+00
9.113994745738670522e-01 -1.521402030439576114e+00 3.244988464040300613e+00
5.308743155864464880e-01 5.124965254762601230e-01 1.068926466607785120e+00
3.942510865107780038e+00 -7.176800430075782611e-01 2.685816713391451227e+00
2.258280515061810156e+00 3.755567977531588664e+00 -2.731598042146032412e+00
-1.256886094445239577e+00 -2.277831188446254096e+00 -3.883953800458589400e-01
-1.608819297725550213e+00 1.818217351819954253e+00 3.583023730642972637e+00
-2.251770594989708663e+00 -2.212956603565467972e-01 -4.042569019192752577e+00
3.294514508521520391e+00 -1.534322296356020798e+00 8.935532952259039874e-01
6.932848786055209045e-01 3.020312371607648760e+00 2.635414648404691196e+00
-2.190357257101107624e+00 1.660271096987307127e+00 -8.479787391397117791e-01
-2.505105774291074283e+00 3.667058123305359629e+00 -3.236063069419298888e+00
-4.043524032148701153e+00 4.828275114267227552e-01 1.862920313844479647e+00
3.893819078629083830e+00 -4.402246501252276567e-01 1.285604027088443901e+00
-2.854553029272338671e-01 -3.071341906139818612e+00 1.922252054929558973e+00
1.131786781990539170e+00 1.118274523951210409e-01 -1.973427904974136560e-01
6.273266275048633434e-01 3.931176663206343846e+00 3.388616536652083511e+00
2.215088152300534574e+00 -3.870457808963410962e+00 -3.820631175237634292e+00
-1.612409043816280363e+00 2.642509673989279495e+00 -1.280127333619173191e+00
1.689862671031035823e+00 3.001450692265105857e+00 -2.097092638033983381e+00
-2.779171024118404443e+00 2.231597565428390939e-01 3.185128338669251047e+00
2.408009549103983016e+00 -5.436763649844364998e-01 2.636064919560563879e+00
1.499688076170246465e+00 2.222064150000051086e+00 -3.064415733591203672e+00
1.676427896134616180e+00 -2.616983336627511481e+00 -8.523148453591347096e-01
-3.125966249330917712e+00 -1.337374167252271651e+00 -1.072988339869239027e+00
4.142206267810873421e-01 2.354958801924319278e+00 3.329708154382157392e+00
7.405257468696642142e-01 3.250767206229340012e+00 -3.993809304409976058e+00
1.185944473508067309e+00 -1.349850281526625562e+00 -2.582050692088378341e+00
-2.941588157312498453e+00 -2.401583296604498763e+00 -1.022607604639395040e+00
-4.096690556172484676e+00 -3.536814301529350058e+00 3.499318938899070197e+00
2.163021618660754264e-01 -2.619275756335835315e+00 2.694021797965206577e+00
1.697442599571792998e+00 -2.406809807238247778e+00 1.644759297819102351e+00
1.330667965985636414e+00 2.053702661042901223e+00 1.378431631328601359e+00
2.660265004574431824e+00 -2.148195440594584671e+00 -3.332392453696152668e+00
-3.386000330611281139e+00 -3.365170210463168665e+00 -1.067965626664032719e+00
3.369636969235576984e+00 -2.463626416176896594e+00 -1.571554031081918268e+00
3.620918908927360569e+00 -1.609910020106746886e+00 -2.180086235429029351e+00
3.496968203063561376e+00 -3.182041027820266432e+00 -8.114154259815566927e-01
3.008079984606803592e+00 -3.285556194303864253e+00 1.897131976035216328e+00
2.080143802083807891e+00 3.915545561173082723e-01 1.056415770254959918e+00
-8.648392169930473328e-01 2.308488933139313526e-01 -2.221670398088115284e-01
-2.504541900347577510e+00 -1.598734196664923113e+00 1.143230744005793165e+00
-1.792975792082379671e-01 3.721340088767021825e+00 2.541185760973660113e+00
2.448584500992506463e+00 2.657818726019457234e+00 3.731554167446700543e+00
2.243493161872844421e+00 -3.665575761378090380e+00 3.261683765569768134e+00
2.419037995494262017e+00 -3.248690806469034076e+00 -3.099674924674254761e+00
1.541803502039781781e+00 -1.983657189774443497e+00 -1.625572205958004890e+00
-1.202746237625439418e+00 1.120494645284048962e+00 3.843618859539148502e-01
-1.858697009173005066e+00 -1.985668450405434049e+00 4.213296355650037461e-01
-3.885927285338343640e-01 3.425802771221614917e-01 1.425417725250082368e+00
-2.953530524899668386e+00 2.341333287302395316e+00 1.877869733819698350e+00
-8.965351872151922086e-02 -4.715834235930573826e-01 -3.506373573117939291e+00
6.652253990398809824e-01 -2.401019767870657518e+00 4.592666712914170168e-01
3.723539629474428736e+00 -1.352574556215735413e+00 1.825225196607356715e+00
3.603041087645358909e-01 1.649290947396786278e+00 3.872597635779154501e+00
-8.635067425809975772e-01 -3.871808922192216951e+00 2.070175957114639864e+00
-3.626794009561319143e+00 3.705069825874434120e+00 1.859214745056245732e+00
-3.276474925444372022e-01 -1.693043803523250013e+00 -2.172506085898359807e+00
4.976640983176276456e-01 2.176636762613108900e+00 5.047601936648611343e-01
-1.427344913732077947e+00 3.555096464852440352e+00 4.080684493610897690e+00
4.088123994842505660e+00 -4.001541538437100698e+00 -7.586223401729071947e-01
-1.040164512027209165e+00 -1.921376187693238036e+00 9.690081337105654891e-01
7.129263849839282408e-01 -1.330272176549672558e+00 -1.174066171487453625e+00
3.614079266115910016e+00 -2.408970072382969896e+00 6.013457641006705878e-02
2.120886429160146580e+00 -8.139028280129788628e-01 7.868451418192257130e-01
6.846067329791081235e-01 6.352676637913934332e-01 -1.681059640685168333e+00
-2.180377139763452821e+00 -3.989588252736867791e+00 -2.147095361983634376e+00
2.890311110016181573e+00 1.112938748184358007e+00 2.158774680697708170e+00
-6.146775219395411716e-01 2.329973342994092200e-01 3.514210575794318725e+00
-2.063904191201931582e+00 2.733589283265323466e+00 3.719093090529528745e+00
-3.787787655048201252e+00 2.588090574474342986e+00 1.387030797579883235e+00
3.613874838348170471e+00 2.909268735732436273e+00 -2.459333013348014685e+00
4.968146158858669503e-01 -1.688466952732214366e-01 1.930831446394286166e+00
2.189962271174588526e+00 1.747796608814048858e+00 7.311534239447409211e-01
-2.129971142921864846e+00 3.525683862819624981e+00 -1.104060335129485093e+00
3.669502053568360012e+00 7.006048859970068210e-02 -5.083889736773778978e-01
-2.031314120164753767e+00 3.394107039365591216e+00 8.028912044005742654e-01
2.768589726726589983e+00 1.083688965371531809e+00 -3.066785228512587835e+00
4.031722386322184271e+00 -3.352588346842419131e+00 -1.769388530667143744e+00
-3.006513816973669595e+00 3.098344266569871053e+00 -2.951293144230778265e-01
-2.884692769982764582e-01 1.259086771976315688e+00 2.723902717679136387e+00
-2.986197686194761225e+00 3.131653407882981188e+00 1.172983140368436317e+00
-1.731057004213753192e+00 2.987096826504601066e-01 1.988030153477293061e+00
2.845105859910232571e+00 -3.156788378923082838e+00 4.400892547097607355e-01
9.747407582480143162e-01 3.079487528394623030e+00 -2.830692029450745828e+00
2.487485326315836520e+00 2.151584122153122447e+00 1.634344816697328007e+00
-2.397415768878249587e+00 1.912871976311688149e+00 -3.944255008205007851e+00
3.116040095122209141e+00 1.307892412769828150e+00 -4.059810772459778505e+00
-3.945072403312702480e+00 2.700605822032339898e+00 3.467511835610832094e+00
2.488757861718845721e+00 1.034987929018663932e-01 -1.830993201032522721e+00
-3.782435350518468020e+00 -1.347076513827985877e+00 3.603481564476060051e+00
-1.929079516235836289e+00 -9.509256578397115023e-01 3.826794856363356923e-01
3.383444059899041623e+00 -2.972581197100950590e+00 -3.452133786636369273e+00
3.438980979555347872e+00 2.090785534547144664e+00 2.032700088673466077e+00
-1.017638616146626429e+00 -7.593508668111087490e-01 -2.953294404566799702e+00
-3.081374972340716667e+00 3.057165745889704578e+00 2.847788690572273573e+00
1.460691141592359132e+00 -3.299190021577889098e+00 2.183309284854815235e+00
7.255978883476998931e-02 1.250649958623582192e+00 -2.565474497123991338e+00
-3.378969899353073014e+00 -3.519808973212264214e-02 1.422576857064367761e+00
3.848672636806931724e+00 -1.743263744323100495e+00 2.802413400708035685e+00
-1.706321717946444272e+00 -9.883480588663154931e-01 3.496706350123864215e+00
1.483698198901326926e+00 3.986000395600945545e+00 3.882410631378307997e+00
-2.298175640929396746e+00 1.186318258236117584e+00 3.194611512467457892e+00
3.214047980276332872e+00 2.009063172100136185e+00 -2.938312655093258119e+00
1.785026412690085440e+00 1.078824029576285426e+00 1.837076347768109796e+00
-2.680458474455761575e+00 2.572449182727899242e+00 -1.109077948405794878e+00
1.458657247916586464e+00 2.226486387070023110e+00 -1.531464150343588626e+00
3.400186890498665182e+00 2.649403855057946178e+00 2.302948987898570388e-01
3.239329354086077917e+00 -2.497937634581057331e+00 1.276150764009957195e+00
-3.446698155886843029e+00 1.657337349039721630e+00 -2.780559291696359292e+00
-8.325371197118449640e-01 3.121008773578285211e+00 -3.497486885828008374e-01
-1.206718628981128472e+00 2.293851501740783672e+00 2.405802618021515737e+00
-4.893054636970333160e-01 -3.815507067980045353e+00 -1.504252824533198085e+00
-6.157514363859923900e-01 2.010588279647248289e+00 3.333778013732544121e+00
3.804710608245006620e-01 1.903511771146356502e+00 2.376865344832917337e+00
3.827263261768037772e+00 1.230891033962278280e+00 2.518849032665124277e+00
3.099328231809302725e+00 8.588520330360762678e-01 -1.179484903354567626e-01
3.261370826949251178e+00 -3.550306664935014567e+00 2.968024130910112746e+00
-3.205049505513608565e+00 2.011217980586007315e+00 3.167699834171108897e+00
-2.917354625564803960e+00 -1.512091334113871310e+00 -2.211102325039318583e-02
-3.385402378079481522e+00 -1.966414072389034207e+00 1.005313316309160987e+00
-2.774740856437391212e+00 -5.267794414167967787e-01 6.907928603741320117e-01
-3.962611988869001678e+00 -2.569527002889435252e+00 -7.733244548438941157e-01
4.412755472153986336e-01 -3.643263860933103615e+00 -3.327299508420071827e+00
-8.293417431948092444e-01 3.952140564612071638e-01 2.466236846074358446e+00
-2.847298495473853830e+00 2.360293758977330958e-01 2.186599220479393146e+00
-9.720993946881868464e-01 -3.146365406360938533e+00 -2.137198115642694241e+00
-1.819467285688780023e-01 1.346147834291049339e+00 -1.513684448355189671e+00
-2.185573223454446712e+00 -1.694015068678224933e+00 4.046785390680902594e+00
-3.379899720610222147e+00 -3.336611034954066302e+00 2.223737129339390162e+00
-8.886857226620639150e-01 2.391049405738348455e+00 -3.997740733715368311e+00
-1.242229204179994717e+00 2.043476345469091626e+00 -4.892009786772141822e-01
1.763904900281468846e+00 -3.701890324889737016e+00 -2.188450760297786957e+00
-2.969964674456176734e+00 1.095372715844016742e+00 3.851307341518892091e+00
3.648173606148837678e+00 3.999708648349483031e+00 2.631388000209206046e-01
6.833201869667425710e-01 -3.960162503256254851e+00 2.383301450232289564e+00
1.962607612986947636e+00 7.828697562055932924e-01 -1.901486188936571398e-02
-1.596067231960142552e+00 -9.976454283411018142e-01 -3.735640610051924160e+00
1.240133965239690994e+00 -3.113221420694832986e+00 -2.963975157858416587e+00
-1.918289404236537710e+00 1.563784120991394966e-01 2.336513477690946305e-01
1.324932625119705998e+00 -3.412756151605838006e+00 1.054373934354803977e+00
3.310555948964679640e+00 4.110154116131933266e-01 3.812605432861525756e+00
-2.212773889212585665e+00 2.195624751775653749e+00 2.729533313955478935e+00
-3.946386615819571730e+00 1.015570740682185447e+00 -1.266232071166701889e-01
1.864408951024603134e+00 3.134277169713561406e+00 -3.550306786128512471e+00
-3.481162576162070366e+00 -2.919966481208173370e+00 1.118770192889918302e+00
4.064848960027591218e+00 -1.140784023154655769e+00 -1.424160775777401522e+00
-2.924003065718020711e+00 2.363543590835862851e+00 -2.169335470821713407e+00
-1.665571508065099016e-01 1.823008901344460586e+00 -3.497883861475904244e+00
-2.946959748753198216e+00 1.244588901546675119e+00 1.775524096421861264e+00
9.961981320911718063e-01 -1.719067203727415505e+00 2.204045050274292095e+00
3.346079491734448741e+00 -3.781927331426446326e+00 4.102076279183280327e+00
-4.003923629637252013e+00 -2.681715331080736675e+00 -2.843686838357369240e+00
-2.994887103266527184e+00 -3.742248760565220156e+00 -3.709071954793364156e+00
2.364779201214761706e-01 -2.352459236064642134e+00 -1.470355597076991483e+00
-1.867311851628176811e+00 9.644880567418093742e-01 -2.403505231664833097e+00
2.416599091179382874e+00 -1.035002116396680077e-01 3.544739514357435173e+00
8.969749549185982440e-01 -1.952385231494838891e+00 -3.928410479770709340e+00
-2.241261355446397374e+00 -2.923411644533671971e+00 7.212541676406268865e-01
-2.590759649100654816e+00 -2.668827071095800196e+00 -3.961896470698903716e+00
-1.870443193464881970e+00 -3.578563031657515658e-01 1.237909934892390762e+00
1.834798130064607458e+00 4.458097276824159461e-01 -2.644956980349406184e+00
1.863870980160929447e+00 -3.584575859323309466e+00 -5.583483574806111793e-01
-5.860945006067486140e-01 1.344699204607445742e+00 1.850133180372407260e+00
-1.502220345679984304e-01 3.063975884806987793e+00 3.821111807658766235e+00
-3.415791619958237213e+00 -1.499531804946777402e+00 -2.063025832678153648e+00
-3.034038388597994018e+00 -3.320109590364379137e+00 1.549030743351344219e-01
-1.555766639741548829e+00 1.294880563508735483e+00 1.668545800376433963e+00
-1.966655670384108268e+00 -3.570967618151099643e+00 1.807729990205645537e-02
-3.787675906178377350e+00 6.457309278949022735e-01 -1.038303676107804829e+00
-2.547786379651324040e+00 9.858248759277186135e-01 2.818930304443763024e-01
1.094400946987464485e+00 4.233857315803354893e-01 -3.553837040095822797e+00
2.880202901716269359e+00 1.106053347056448866e+00 -2.057182095690007984e+00
-1.295944138463105855e+00 1.347380823919928305e+00 2.733533090951516531e+00
-1.611201580592701355e+00 3.610835309162813145e-01 -1.632277540706247754e+00
-3.273369493101776051e+00 7.569113606317753873e-02 -4.018396673648241268e+00
8.101826047824357557e-01 4.079063533513609840e+00 -2.274327655324563491e+00
-1.105585418327098557e+00 -4.724254945696161334e-01 1.968691298873527007e+00
4.402512051753483258e-01 9.573984075725272547e-01 2.020464443923755571e+00
3.655910803771956541e+00 -2.611551942358417477e+00 3.431129015575688612e+00
-5.107249998206037089e-01 5.367070102528628261e-01 -2.009176323334465053e+00
2.910225900231635521e+00 -1.360807816552292993e+00 -6.131270321359963416e-02
3.235270704190283286e+00 2.115586849744736930e-01 -2.775037154353993341e+00
-8.686758257008191375e-01 -2.230006282085377656e+00 3.573306754070342262e+00
-3.197011103662059206e+00 2.039618750171215300e+00 -2.970667134211364968e-01
-3.504364563548390432e+00 7.592343502631527796e-01 8.752133293192697616e-01
2.350688153639711953e+00 1.953631814837872183e+00 -3.723204401329533120e+00
8.160957254140112083e-01 2.323885728094826408e+00 -3.752639846581746319e+00
-1.367927989858668703e+00 -3.231705031565459407e+00 1.211107035145130517e+00
2.078880279681550647e+00 3.606011987339691416e+00 3.242540800881569485e+00
-3.830151642753363728e+00 2.080284219661980405e+00 2.385897993746458390e+00
-2.788429724493604933e+00 -4.104529934821211867e+00 -5.042023295108842840e-01
-1.402528421499688593e-01 6.392662416209314857e-01 -3.432629290824077195e+00
-2.289667160911207144e+00 -3.257936609851340926e+00 -9.552182199028700360e-01
-2.945305198031328953e+00 3.203641641548841346e+00 4.052578087298556397e+00
-2.667101102403662272e-01 -6.852870968716709976e-01 -1.864893424715436732e+00
-3.724466547438197939e+00 2.709322869034980208e+00 3.844471349612079702e-01
-3.824664426680364215e-01 1.522876600043520767e+00 -1.179267089631287901e-01
3.359400255121982148e+00 2.507545294964961702e+00 3.275987390184918358e+00
-3.458672470949433198e+00 1.094958609835654961e+00 -1.932128131445392860e+00
3.017964727632704847e+00 -6.632328634279248680e-01 1.800374996871632494e+00
1.398194384146434599e+00 -1.661944396336487495e+00 8.657776641909592508e-01
2.801195925451970048e+00 -3.759483605175649501e+00 -4.115928230458955062e-01
3.786569519704272579e+00 -2.345641289197654758e-02 -3.624579059630056665e+00
-2.524916394298528655e+00 3.226840732897881203e+00 -1.949965828781180521e+00
1.273141385925469216e+00 3.828570641406960018e+00 1.589769414216294363e+00
3.606297393266977735e+00 3.287842699548388481e+00 3.978171265331618578e+00
-1.590651212703673156e+00 -3.775805469240998136e-01 -7.906521738730124538e-01
9.699137417584865473e-01 -2.524108610952056519e+00 3.297090514187211330e+00
-1.173552709633349789e+00 1.802316879428840668e+00 -1.749328218753821496e+00
3.644065643866678528e+00 -2.101532076675637573e+00 -3.849633360352656464e+00
3.954737688560320041e+00 4.113993903931960627e-01 -1.835046673603558220e+00
2.424726943866106321e+00 -3.107292217661303813e+00 -1.569344311252452107e+00
2.241395302622287034e+00 -3.831205815153238881e+00 2.313511791827988162e+00
3.136005596609205526e+00 -5.167217056463969671e-01 4.681136705015971344e-01
-2.884214242090103131e+00 -2.992860852322631438e+00 -2.927009267348981147e+00
2.263799838758660532e-01 -1.353430414292255135e-01 -2.590327558133346919e+00
-1.893771749568138762e+00 -2.287474095336846425e+00 -1.195041715495494428e+00
-5.099268388493382043e-01 -5.084545373431159643e-01 -8.377484032804202174e-01
-7.847776339428964576e-01 -3.157697604779567069e+00 2.980776259270999873e+00
1.978826620175121453e+00 1.545800031368916416e+00 -2.350415158470742227e+00
-1.255114306614390607e+00 -4.053476243559469339e+00 6.106692791854305691e-01
-1.695362912455464999e+00 2.689758492979810622e+00 1.193784438453996954e-01
2.310387381621235914e+00 -4.048253444973632043e+00 1.234866190873383562e+00
-1.096384872447297765e+00 1.065391319958614580e-01 8.176381170763538098e-01
2.740127357862526924e+00 -2.945470837822076415e+00 4.004119765480438353e+00
4.025539648011834615e+00 2.115778643118399138e+00 -4.970015068780710976e-01
-1.992231229403547799e+00 -3.775025369121730368e+00 -3.927742340946290156e+00
-1.531907612935963670e+00 -3.659115451777153805e+00 -1.448312943255530616e+00
1.222818313593901696e+00 3.312581518103580702e+00 -2.819657708110679950e-01
1.800380825600355506e+00 2.763551077167796244e+00 2.785414015689539724e+00
-3.447534029654359400e-01 -3.258172069955697747e+00 -3.882817048302366292e+00
-1.941195017572732162e+00 -1.539741080322794664e+00 -4.909303285419721052e-01
-2.130319112442695950e-01 2.731193678648283996e+00 -3.189323766634449164e+00
-3.779614592002257467e+00 3.101613371922107731e+00 -9.655687394992418238e-01
1.664817757025750744e+00 -2.454847112820693233e+00 -3.559696340135454218e+00
-3.531176145783969211e+00 3.184623434295357214e+00 -2.348813111373075024e+00
3.011180379642178551e+00 -1.306125160776963501e+00 -3.883149194953108285e+00
-3.205245863810460172e+00 -3.403001957326849958e+00 -2.102909998151059501e+00
-1.878201173274935076e+00 -4.044590834099300203e+00 1.530018159798059996e+00
-2.734797993508600644e+00 -1.735572033843402417e+00 -3.306435100879232092e+00
-3.626386798067178785e-01 -2.638397789241811342e+00 1.010934643198323934e+00
-4.062356363551382188e+00 -3.549176770498140954e+00 -3.514132770425999919e+00
-4.252766689223098640e-01 -3.747454560400171886e+00 -2.792410531305724586e+00
3.081021119213961157e+00 3.698663934428932265e+00 3.158647213810225729e+00
2.279212351161061800e+00 3.430001688870497389e+00 1.995471983336575938e+00
-4.057460598101439331e+00 9.878112058656141059e-01 -4.043579617201167764e+00
