8.220706914434900980e+00   8.220706914434900980e+00   8.220706914434900980e+00
500
-2.327437380459408178e+00 6.953638280504476077e-01 -2.064667600055637653e+00
5.201062140019139246e-01 2.319437120084968829e+00 -3.076838743945171206e+00
-1.174342335868937104e+00 -2.103742241040665872e-01 3.408645941948018065e-01
3.721623922711308818e+00 -1.974879516747128694e+00 3.939082206406124609e+00
2.736458503157200628e+00 1.873682088720453609e-01 -3.567067558568490337e+00
-5.561826673231240470e-01 1.802484179929048747e+00 -3.468499664126748261e+00
1.196381659452872448e+00 -3.545797656259182418e+00 2.144052175046966546e+00
-9.557526642547224949e-01 -1.329469132497743011e+00 3.722156712771670595e+00
1.892570710254188660e+00 -2.527950239559254797e+00 9.030453001985819794e-01
5.589397047617932213e-01 9.019237999766354097e-01 1.866717336929968996e+00
5.274326592374055656e-01 3.949938515690105234e+00 1.252901425788756073e+00
-1.372269257749666904e+00 -2.543618823525142680e+00 2.861646282297440447e+00
-6.873251465365622925e-01 1.479139080768937520e-02 1.307257010521599705e+00
-2.593644801349610507e+00 5.795892449338894137e-01 3.954235487665889615e+00
-3.229435322335528991e+00 -7.986577964026872478e-02 -3.968445642883127622e+00
-2.615105910006351841e+00 1.528815708004693352e+00 -4.050611979835053944e+00
6.893775390288440219e-01 -2.175701207198887488e+00 2.465186872311033728e+00
2.820985745252663213e-01 -3.622320021667290835e+00 1.150236051828524009e-01
3.964182631592848338e+00 3.060048812543913588e+00 3.363070578135063382e+00
-2.340065887648650644e+00 -1.632869741580565748e+00 9.687734888917804987e-01
-3.059509160917775805e+00 -7.406881369240473356e-01 -1.110654968980857804e+00
3.858107834032473260e+00 -2.571630993283745337e+00 2.324249806319080403e+00
2.685718914952595959e+00 -2.412777951399522003e+00 2.336219777668760766e+00
5.592374901268892806e-01 -1.090294646648090504e+00 -1.018246996711348773e+00
-1.303151902021871811e+00 -2.183599634935852851e+00 3.868348572588823586e+00
5.791468796546532793e-01 8.067814040177090362e-01 3.105293429293861873e+00
1.388847239574539039e+00 1.976275923994011530e+00 -1.067180900491407902e+00
3.634666924447599312e-01 -9.970231631378537740e-01 1.360981221715366063e+00
-4.366846789284472563e-01 -2.670822907782823830e+00 2.551595066884579044e+00
1.213041243259097346e+00 3.991499717812473369e-01 1.080648874920990821e+00
1.323609968662847192e-01 2.195120079751854636e+00 7.300800507829413588e-01
3.409723341312655531e+00 -3.447695157472580041e-01 -3.033472781656254558e+00
-1.290081654915022913e+00 3.993172520151568428e+00 4.075160124975208298e+00
-1.691144427256910499e+00 2.039155741047900872e+00 3.236623497774597347e+00
9.781162299710361996e-01 2.965603769587071614e+00 1.113438508630232526e+00
1.614002344280639933e+00 -1.064024814975049749e+00 -1.329958503687494353e+00
-6.887462169698895798e-01 2.217270804085731850e+00 3.705248597109705777e+00
-3.224095870882279335e+00 2.935131335301505828e+00 2.581635044599345896e+00
-3.201770106446415021e+00 -2.177833802033569910e+00 3.878712374392438988e+00
1.950780178768955597e+00 2.710871108437941768e+00 -1.602119219182586374e+00
-3.940288405921092085e+00 2.529231578104045752e+00 1.714088019777628036e+00
6.078443507425579373e-01 3.759891767164344589e+00 -6.199695200688951635e-01
-1.586201484768228864e+00 3.779334471922521921e+00 3.157762233875544222e+00
3.747527516836755890e+00 9.596348355464080493e-01 -3.749006211580218628e-01
6.917366832747863237e-01 2.063218034869243933e+00 1.677757867630490285e+00
3.212882355528295708e+00 3.255288920406510300e+00 2.465888448272814948e+00
-3.116257536060461852e+00 2.092899785278606595e-01 -1.484375377288431830e+00
-8.859544384660218430e-01 -3.209694276165004911e+00 -2.511873443598348299e+00
3.694498948891598911e+00 -9.086046968390663059e-01 3.209772632652303059e+00
1.722885640610997360e+00 -3.796384192458188700e+00 2.283730826688883109e-01
2.258974666383147589e+00 -4.590367369060976421e-01 -1.987632997625135234e+00
4.084614787581498874e+00 5.332775115368842966e-01 1.687265770283116861e+00
-2.797319022105494213e+00 -1.562470547526745301e-01 3.193161393313046492e+00
-3.827342582790104419e+00 -1.629985989400275281e+00 3.220629646012488134e+00
-3.232685601767733563e-01 1.117572396518470734e+00 3.558298757342676311e+00
-2.647609417557393208e+00 1.207814919609020432e+00 3.167565591125357294e+00
-2.377272246951583234e+00 -2.983878327007633002e-01 1.101635594878866309e+00
9.730589357403958140e-01 1.368715512769391962e+00 1.024246134121512775e+00
-2.123750252492347279e+00 2.368351388422286763e-01 2.471294871175965469e+00
2.719266480935279784e+00 -2.977224981625746780e-01 2.827681596416901311e+00
-2.999623541978386321e+00 -4.068728386992372936e-01 9.778445196709506515e-04
3.321218409579461461e+00 2.711635670758164363e+00 1.540593672400148106e+00
-2.750549783653061908e+00 8.537139281573079552e-01 -6.489555313038707363e-01
-2.544351999253268382e+00 -2.419162289210719852e+00 -1.603367404856915313e+00
-2.868981343141970008e-02 2.330921901459610257e-01 3.885910265555925669e+00
2.253838256094915948e+00 1.392091390881627255e+00 2.430629461307422190e+00
1.257307174066138122e+00 -1.544306196850508073e+00 1.571607634806243547e+00
-7.563229254705924332e-01 -3.724537469400552858e-01 4.005200504140708162e+00
-3.068943829609575680e+00 -2.091241611004629242e+00 3.890309108319396914e-01
-2.583536123791242201e+00 3.277442664041169795e+00 -2.491722770323183678e+00
2.526593757258766004e+00 1.874140252487294545e+00 -1.329270681801740350e+00
2.710953505858023860e+00 1.464054391801390409e+00 6.664299173592121983e-01
2.757213485146676746e+00 -1.758052406869166306e+00 -1.227545960997752372e+00
-3.013962089403914302e+00 -3.633821519018785917e+00 9.197177499167332737e-01
-2.140232315545750108e+00 -3.712799780951613116e+00 -3.482364190064816789e+00
-3.953179772376524070e+00 6.066540302510357030e-01 -1.753248883894747090e+00
-4.396879018559648467e-01 3.568958043868509122e+00 -3.599133787769783765e+00
-3.702277403432960301e-01 2.953863370925986942e+00 -2.824254290790364941e+00
2.572463553548105963e+00 3.613935097016636178e+00 -3.393173382210326494e+00
2.999105280511531468e+00 2.246756311418052654e+00 -2.159445227692100566e+00
-3.145951483770251578e+00 1.293227929431703060e+00 -1.890140339824881055e+00
1.747032211271542401e+00 -5.907604012904330570e-01 -3.898671049038221259e+00
2.495575542497842747e+00 -3.410983084964979373e+00 7.425049430678893891e-01
-1.771864473906769266e+00 -7.866323194525290941e-01 -2.497292123780136208e+00
-1.063804697956188150e+00 -3.982764763450602263e+00 1.863591313719127895e-01
-1.537465935111476334e+00 2.957056639086035332e+00 3.810685715146926000e+00
-1.773088745374572950e+00 -4.055656346927317912e+00 -2.600375526114541813e+00
3.492410144614817913e+00 -2.166692373964645757e+00 -3.252065932014923000e+00
4.018345015324369385e+00 -3.622490870195798518e+00 -4.019197574002978612e+00
-3.986392752159050978e+00 1.482395828027080587e+00 -2.776426375642579547e+00
3.101738741277034084e+00 -2.203528777213140444e+00 -2.111471919653497231e+00
1.596637385933201980e-01 -2.690539299538219797e+00 -1.324290176512439521e+00
-2.991620597297750539e+00 -1.097149934382068537e+00 2.721817871862959315e+00
-3.180248895831859102e+00 -1.453392909244009434e+00 -1.959029236193411405e+00
-2.577844489751249579e+00 1.627128747433540523e+00 5.529399474209104604e-01
6.935438228278018036e-01 1.144164714631715318e+00 1.178061939695147359e-01
-3.961431559850844941e+00 -1.058511925147392452e+00 2.321517543244712378e+00
-1.926972121413532690e-01 -3.861314760125134971e+00 3.808940521400217882e+00
1.318089627314859014e+00 3.932463008491200895e+00 -1.452064846664744779e+00
-5.345922057398412308e-01 -3.450096349634128146e+00 -1.648525725730884295e+00
-4.956287682881346246e-01 3.750934893789884761e+00 2.965802975411920173e+00
-7.318365297039871598e-01 -1.238898068189121737e+00 -2.389837490650740914e+00
3.215315270686565086e+00 6.482521292150856818e-01 2.636497453917254763e+00
6.769990752559971181e-01 2.801332583966333001e+00 -1.102488296286596725e-01
-1.381632841013032298e+00 -3.870365992523208121e+00 -7.922882617958052487e-01
3.442904279045841065e+00 -4.186588070819063923e-01 -1.275212440200492181e-01
1.686665711066254181e-02 -3.065064717973873698e+00 1.738298976435963983e+00
1.146704503076683812e+00 2.658692536989920807e+00 -2.326155257462523274e+00
3.202759530290465673e+00 -2.460786393897219870e+00 1.466714027637166851e+00
3.369687441357239965e+00 3.746464722199088992e+00 3.988952068374095550e+00
5.263065896757754825e-01 -1.506840832319671641e-01 -6.485822890404342456e-01
3.795629969762123412e+00 -3.928865214489647983e-01 1.157981029474114631e+00
-2.048875385466970123e+00 -1.884365664012275232e-01 -1.676957595376711074e+00
2.656331710877380958e-01 -9.525304535066099199e-01 -2.294712876425544223e+00
1.676703343296732429e+00 2.303995550813926485e+00 1.432168521985013321e+00
-3.262156716702049764e+00 1.035938595388592898e+00 -3.489928684924207047e+00
2.640134680282949287e+00 4.046852683502038417e+00 -2.569026624153090133e+00
-1.939820737845606935e+00 -2.954591558049127098e+00 -2.620165136837100839e+00
-3.876794358928308704e+00 3.716185551365715156e+00 2.682148177352390306e+00
-2.507860976394295616e+00 -6.171204042420599389e-01 2.032704372258475889e+00
3.207634268549455658e+00 1.761057126519885108e+00 2.490987975075171335e+00
2.629062908597819437e+00 5.693166999604930556e-01 -9.256468917399348628e-01
-1.074476631805183907e-01 4.242267376226894759e-01 1.201208741203000849e-02
3.398236951742256373e+00 -2.948168940031069774e+00 -1.458331255610080923e+00
-3.891373924369935455e+00 -3.657373288122153898e+00 3.141237641406218639e+00
1.989559142976042416e+00 -1.607609795349314696e+00 2.439238886355667546e+00
2.605948180691523675e+00 2.040743198041634177e+00 1.667567899163402867e+00
-3.265315381083691570e-01 -3.719838259586463636e+00 9.821925549338226258e-01
-2.520021823508653558e+00 2.583463332128790313e+00 -3.854264868366988672e+00
-1.331876859900802679e-01 1.470950962037756993e+00 -2.004234021791365006e+00
3.495071338274271966e+00 2.193775088129388706e+00 -1.136428878528674469e+00
-3.768828772523883153e+00 -3.587611727105130210e+00 -3.003071117725465644e+00
2.320833337431210897e+00 2.958095741433122594e+00 2.100245288995520543e+00
-3.719331230767251029e+00 3.553797151214021621e+00 -2.243128588764348841e+00
-3.675596810825071614e+00 1.512883944877393860e+00 1.046350079821600332e+00
2.084224923486341918e+00 -3.263331356880315504e+00 -3.551089159748362256e+00
4.691738728010233506e-01 3.566601403728988817e+00 -1.863856907187231959e+00
-2.286775187888219207e+00 -2.809666783464336071e+00 2.221591058124975149e+00
2.026414189656838616e+00 2.383878259989868353e-01 3.683804553689120631e+00
3.159945221573267293e+00 -1.250109934566543846e+00 7.702074709137572972e-01
-6.386047542835953106e-01 -2.991942238782376862e+00 3.899340570050966459e+00
-3.090500170267020064e+00 -3.707754044008967131e+00 4.090102220851723480e+00
-1.241101189132838914e-02 5.438964462430095903e-01 -1.138343342733163954e+00
-3.929523548905916819e+00 -2.393920269992899641e-02 -3.227418033948381559e+00
-2.085993095756647708e+00 -1.104661991600243143e+00 -1.343120796554932550e+00
4.041962912287593745e+00 -4.040179756838901959e+00 6.065515556392133689e-01
3.929701751986706348e+00 -2.037127597991567729e+00 -1.319638267500812256e+00
-2.292311160113718049e+00 -6.159527990612104764e-01 -3.990844097622967546e+00
-2.099529590050804195e+00 -2.826170834005467203e+00 -7.645781730802168052e-01
-2.102374176223636759e+00 -9.853676333439500556e-01 6.369842611544765387e-02
-4.051849319160807816e+00 -3.682178933115208164e+00 -1.173742195923002773e+00
1.829967674678580680e+00 2.448214823675654017e+00 -3.095570587278852592e+00
-3.863932022703975289e+00 -4.643848553727418782e-01 -2.301351790424831734e+00
1.024631332229729574e+00 2.140092548891193991e-02 3.630684453157703828e+00
-1.288227574802053965e+00 -5.070932933705982748e-01 -3.378403707188380345e+00
7.647594899999826668e-01 1.120171371887100031e+00 -1.380153314569793288e+00
1.121981702878665832e+00 -3.483482795880296301e+00 -6.015499035107455539e-01
-3.292744105587592784e+00 2.533947370988529180e+00 3.692934377482747221e-01
5.088675034502370131e-01 -1.377608153920314438e+00 7.965164283565068226e-02
-1.830420917477012965e+00 6.073570819852871505e-01 -1.113368359764246085e+00
-1.329667108164950040e+00 2.806822758885349600e+00 2.699874103337308817e+00
1.374294772222247385e+00 -1.651779754279301793e+00 5.778870280021829453e-01
3.240751127046361368e+00 -1.009674098420807020e+00 1.974454152051202893e+00
-3.057969646706944378e+00 3.670237344216249475e+00 1.115688224935947881e-01
8.291238158159704996e-01 -1.828114740742604327e-01 3.349016438144295504e-01
9.655318837681216015e-01 5.710172100765797953e-01 -3.456345956295135746e+00
-3.479961426422779169e+00 -2.277292441831664238e+00 1.410381737777334221e+00
1.030798169050691548e+00 -1.375210550865557213e+00 3.059003465516821230e+00
-2.496496279471639657e+00 2.989361776306382890e+00 6.042052942233719914e-01
-4.068486869080460089e+00 2.266308571688226081e+00 2.734524317989926345e+00
-1.627780189327659999e+00 2.159733744982830494e-01 -2.579765731750128577e+00
2.894340987776543583e-01 -3.971674442076776335e-01 3.020611257864966870e+00
3.087301433138845752e+00 -4.024166892586954702e+00 -8.624031014735323852e-01
-1.143843114679631290e+00 3.999021218931991140e+00 -1.735159106187097011e+00
8.691045421308919439e-01 3.715363515717601928e+00 2.906940923417831169e-01
1.501509104158769592e+00 -3.493356063094719577e+00 3.818891463819537702e+00
-1.304434233165471024e+00 -2.983861705752591575e+00 1.857626382163866108e+00
3.185732741918067656e+00 2.325474248385854370e+00 3.465145207219159751e+00
7.969474792977089272e-01 -1.652573434112371453e+00 -1.747771684724453989e+00
1.127842258175840717e+00 -3.198066157470805582e+00 -3.058581372434854728e+00
-6.959886634159433150e-02 -1.950285912299830171e+00 -5.126681810041103793e-01
-3.018750994735527104e+00 -2.948500439848457333e+00 -3.408566284078279107e+00
-3.249012859342148118e+00 8.570373330693644709e-01 2.299509018503756774e+00
-3.043353850789621173e+00 -1.166134940394993880e+00 3.744762023282655061e+00
-1.417942246311933552e+00 -8.007252795546822011e-01 1.015153196506489275e+00
1.782365016645076405e+00 9.998314596142784949e-02 -3.095893908246440951e+00
-7.726961816144808926e-02 3.182956753930270999e+00 1.050890012953332953e+00
5.907185377987809183e-01 3.417341372331391902e+00 -2.866065908193293765e+00
-3.117032306721917667e+00 -1.404841285176506860e+00 1.713654826160338596e+00
3.315199137585509881e+00 -3.612697394239439141e+00 1.244309386207561596e+00
-1.560808104686421061e+00 -3.315817919780973178e+00 3.774142296484886749e+00
-7.457875809829441760e-01 9.789408765703709880e-01 1.622823863221508844e+00
1.584885963690874311e+00 4.017075228965609313e+00 -3.357305686391104604e+00
-7.172344545053709330e-01 -2.769540856958157438e+00 9.800454767344788376e-01
1.209391586319450873e+00 -1.396215684680524260e+00 4.105857122938895820e+00
1.963028409077358871e+00 -2.450371305844200709e+00 -1.228976653323078150e+00
1.135978899505434292e+00 2.175379091134251208e+00 5.304561239840174247e-01
3.880852878442940579e+00 2.527953089690739397e+00 -3.925245123293819027e+00
2.349426980840601864e+00 -3.028583098955701658e+00 -3.275185885649479767e-01
1.937946350053535660e+00 -2.873828158890767259e+00 -2.266849349977823724e+00
7.468313342828076795e-01 -2.181413498578999022e+00 3.557639898087159747e+00
2.594778171519655174e+00 2.605219187619211674e+00 7.822327489949338908e-01
-1.339871345144922010e+00 1.620688846185743381e+00 -2.850732135364769437e+00
1.081315308219026328e+00 1.627592094313029536e+00 -2.135105911932931200e+00
-1.766714294179420275e+00 2.227729779654409104e+00 1.766758977760752025e-01
-2.831664281749528556e+00 -3.912802708752095793e+00 -2.825217992791521748e+00
6.796098769559907327e-01 -3.822089389863384312e+00 -2.400374665514401151e+00
1.488449773827777989e+00 -2.512184183663314752e+00 1.876389615960802670e+00
-3.544453030610990041e-01 3.725519348445922585e+00 -9.120585429590498672e-01
-6.818711909092249890e-01 -2.058015663976268783e+00 1.788677947339598173e+00
2.468586597065690391e+00 -3.638258627107151977e+00 -1.585796159543691353e+00
2.788624059268979494e+00 -1.781245391229016262e+00 -3.949814924206767497e+00
-1.110837867124793599e+00 -7.363001899854532128e-01 -1.482866250296977828e+00
1.745163843272291349e+00 -7.025003070866088217e-01 3.160717593479757781e+00
4.908221821900525250e-01 -3.079632456706395960e+00 4.089060238160946881e+00
1.510653013687816903e+00 2.494927058262536690e+00 2.508781007830564569e+00
-1.059567840852404075e+00 -4.025321986282319742e+00 -3.202314358295076602e+00
-2.806759317174811308e+00 2.180581394801616391e+00 3.156034190361052705e+00
-3.847316439506903718e-01 -2.723364999911376927e+00 3.529555457009880826e-02
-2.835422348353160427e+00 -3.201941736501680680e+00 3.212843831694330188e+00
-1.294137697875414439e+00 -1.650731190268119430e+00 -7.754894790392283799e-01
-2.140385077041535133e+00 2.331259500745427538e+00 -2.844626767859182337e+00
-2.988779390515693635e+00 7.254412613981834346e-01 4.717882579803812093e-01
-2.793140701392782255e+00 -4.943929948982235256e-01 -2.253182466705090814e+00
-1.564439973729055133e-01 3.431397315473793785e+00 2.102649001212318680e+00
1.096557325315217657e+00 -2.263857516545907167e+00 -2.634267055452594430e+00
-2.139442236440227241e+00 2.132505455000872074e-01 1.453944039250287257e-01
-3.221503955687891274e+00 3.377039449998838982e+00 -3.224410649794877681e+00
-1.625285150566501358e+00 3.770317813643836669e+00 2.085088635880846919e+00
-1.679673590936779703e+00 3.434229215921031031e+00 7.205217757998579053e-02
-2.891446684187462535e-01 -1.556944836266843213e+00 -1.477443984187234882e+00
-2.281190983141437201e+00 3.155635921715569836e+00 2.941855069678171120e+00
-3.425457738965999699e+00 3.320211234038563664e+00 1.134396062864565735e+00
3.447769688821275658e+00 4.055111481394480855e+00 2.970877316019724379e+00
1.306992200889030897e+00 1.470632058379468754e+00 2.294171781430680124e+00
-4.163411567086754139e-02 1.241883182172335065e+00 8.377269298524082641e-01
-3.258077276129947908e+00 3.564469239813478296e+00 -1.060497703881516651e+00
1.112910774320148288e+00 3.024981543719423627e+00 -3.718618446572062641e+00
-9.718957540169150811e-01 -2.709732671622353983e+00 -8.983255003717676157e-01
-3.058562821539455578e-01 -2.070413769835091067e+00 3.685143364939874377e+00
-3.301301202379906208e+00 4.654694624846059670e-01 -2.639681777793693840e+00
1.873758083134200447e+00 2.831613354877068334e-01 2.027491783741037334e+00
1.441903292938461867e+00 -2.570164215796743701e+00 -3.956834731130329796e+00
-3.504169101060092384e+00 -1.109018759380811181e+00 5.260983786299112674e-01
-1.807273777179548402e+00 3.133034839244069891e-01 -3.727891534430480824e+00
-1.523106730934975506e+00 -3.489364134479956192e+00 9.806062286861592092e-01
-2.186087853093240163e+00 -1.697299985478126993e+00 2.117801272972024584e+00
3.057041441839569718e+00 3.168360853960081602e-01 3.736937496691292271e+00
-1.790502552511408219e+00 -3.527352260976710063e+00 2.768934967454726781e+00
-1.716086063651246219e-01 -6.053127657648811333e-01 3.812020674379973384e-01
-2.461620863931483161e+00 3.126907807600824984e+00 1.801363187227555063e+00
2.600295063188200029e+00 -2.684438605017785751e+00 3.842598830259715825e+00
1.271483965796607496e+00 -2.616021490050555176e+00 2.960118662105269347e-03
1.888683729641950082e+00 -1.486959927162658790e-01 -2.943349819464725625e-01
-3.437740602090378239e+00 2.013686661446970838e+00 -3.476054726308284604e+00
3.967267988109442367e+00 -1.473941138638489745e+00 -2.339854539122644184e+00
3.463063240629480788e+00 1.884921470283074774e+00 -3.231301466659306953e+00
-2.172225638410667070e+00 2.616541185601202191e+00 -1.574617361203316745e+00
2.376660840539613684e+00 1.488940894514552360e+00 3.544221943216013138e+00
5.405551015218648114e-01 1.900219770175076262e+00 -5.887392499763248743e-01
3.100415630807580314e-01 -2.099428140281243582e+00 1.463057142214381212e+00
9.777882940146156443e-01 -5.461736723603047849e-01 2.154055455128623286e+00
3.914840594442303701e+00 1.661686905667572045e-01 3.167133228855634641e+00
2.143187228640119901e+00 -7.461361776737527318e-01 1.824100913397346035e+00
3.385224951572614049e+00 -2.564854846474602379e+00 -5.143809413808795306e-01
-9.927286955602734331e-01 5.059863553341917841e-01 -6.577448482653377448e-01
3.467789137932066001e+00 -4.057454386004730296e+00 -1.791595169735713977e+00
-2.612106304922095390e+00 3.668974553670786509e+00 -3.908696359267794573e+00
-2.865044583671436107e-01 2.650972233880968254e+00 2.793772901954448606e+00
-3.093383693598628525e+00 3.036912270323280261e+00 3.616058314601287016e+00
-8.649342838913594012e-01 2.733673861628727941e+00 1.693991131627354596e+00
-4.014160446489309364e-01 -2.445159474052895021e+00 -3.444266478323952718e+00
-3.785792234869413964e+00 -1.720582666226154522e+00 -3.392720271049721070e+00
1.326609238681768277e+00 -3.249312554819379972e+00 -1.553817472233400609e+00
1.451112551518339178e+00 1.105295669719441598e+00 3.973284391382264413e+00
-1.274404622861335046e+00 2.276957740072026670e+00 -8.084799932925131882e-01
-2.310540982637496743e+00 -2.683547377992650862e+00 3.843320716154309480e+00
1.933472321462031962e+00 1.004685921172979945e+00 -1.598231350753387625e+00
3.695309436351088106e+00 3.271165737337601520e+00 -1.276484722502911451e+00
2.664364017468039414e-01 -2.853243875939252661e+00 -2.357897078608104824e+00
3.527988518004009144e+00 -3.888224653371875394e+00 -2.905657475407385615e+00
3.098456967327577249e+00 -1.817064865685866337e+00 3.073154680812150819e+00
8.279128763051395445e-01 -1.317248823557198412e+00 -3.026893214585564706e+00
3.186830684821821968e+00 3.441748411955786846e+00 -2.046073721898433728e-01
1.907848567089532210e+00 6.304442273277306441e-01 3.460058883466381463e-01
-4.051726241968417241e+00 2.637436157354642763e+00 -2.821400373052046717e+00
-2.583380807502715371e+00 -2.782199316621989826e+00 1.243260029717266457e+00
-7.581268439622672606e-01 1.385398678643181780e+00 -1.180715574313145222e+00
-2.482646134190671372e-01 4.060282043864535062e+00 -2.503396219866800276e+00
3.918741147260664248e-01 3.537634920122150195e+00 4.019040785764144808e+00
-3.706953430557021978e+00 3.736605574406836272e+00 4.055409790830879935e+00
3.940596955869419382e+00 3.535492480389032632e+00 -3.334530934246232370e+00
9.526291140481908393e-01 -3.309026357617224079e+00 1.069005106526745852e+00
2.653585624104047636e+00 3.506487498926583068e+00 -1.576307904741813593e+00
-3.838907397705863644e+00 1.534761397827627327e+00 -9.612056122755615606e-01
-4.808725710734965131e-01 1.301715085471569111e+00 -2.624976852758974522e-01
-6.406873627154475725e-01 -8.954587850907715918e-01 1.694066237224469029e+00
2.609456797394307248e+00 -2.467410594138375934e+00 -3.083242259884763303e+00
3.144788953740834447e+00 1.087227473513846077e+00 1.501521323382627005e+00
-5.453354128033585102e-01 3.167212100471901604e+00 -1.881575837201169055e+00
-9.139660638939490767e-01 3.433203945132561885e-01 -1.644638048153943322e+00
-3.630398485048577317e+00 -2.734526428817036336e+00 -1.576153641600686939e+00
1.379485503940239166e+00 1.778693885932451701e+00 3.240370690059044545e+00
-7.189753050516577426e-01 1.674489652808210272e+00 2.743634361819671241e+00
2.541228478755068299e+00 3.862266202950267679e+00 4.121466336831275390e-01
-2.256489325285537806e+00 1.045017670209102079e+00 -3.133499975808340388e+00
1.901412417320605508e+00 1.253091646905720058e+00 1.426408629409889439e+00
-7.171099698999148231e-01 -3.832009523025200259e+00 1.935449761955422732e+00
-3.845706455690331427e-01 2.459678110470821633e+00 -1.701411256706916175e-01
-2.195660064924314536e+00 -1.764202751384266632e+00 -2.471158525448645005e+00
-2.767675827350573936e+00 -3.758171634131090677e+00 -9.350244438391113189e-01
2.085958860512695967e+00 1.803601499225434113e+00 -2.303461042422333183e+00
-1.783583558037507455e+00 3.422151975063576490e+00 -3.381065108160042687e+00
1.976703049755623276e+00 3.247620388038452877e+00 -2.402832107698896547e+00
2.959136425634918410e+00 3.598092378519205159e+00 1.305757475756941455e+00
-1.046731212548024370e+00 8.300648189046245795e-01 4.108950844690431037e-01
1.684751396051584749e-01 -2.985395596878976043e+00 3.206855841977084953e+00
-1.268563266118904576e+00 -1.713230791456535229e+00 3.444417431630809601e-01
2.457754984989048097e+00 -4.009467784405820190e+00 2.315545364782102045e+00
2.068903824866065388e+00 -9.072163404542963328e-01 -2.816569922982109286e+00
2.996660767340472153e-01 1.861144170461688230e+00 2.626414009581788278e+00
-3.453420731219651874e+00 -4.095357432350387406e+00 1.751718246660268097e+00
-3.567344296480449817e+00 -3.598687190485708065e+00 -1.380696420895144994e-01
-3.635894118137577902e+00 8.015410292221715194e-01 3.693336066109305982e+00
-1.819484785604164934e+00 -1.459547315510439480e+00 3.190978557814485139e+00
2.126699377609532204e-01 3.521908018598121637e-01 1.023312404243738261e+00
-2.617917553910043882e+00 -1.978943458701670099e+00 3.007757968468324883e+00
-1.108864296629965995e+00 1.530847116241306205e-01 2.261147310016673906e+00
-2.406186902048372822e-01 3.563183925261069973e+00 6.338372252283246133e-02
6.494916889414817929e-01 -5.447359551213781792e-01 -3.856303258622173047e+00
-1.022058993424644013e+00 3.729228835547466314e+00 1.139435187308784236e+00
1.915865124513170148e+00 -1.740806111832815750e+00 -2.171930474773487774e+00
-3.251931000190211307e-01 1.851298616668095143e+00 1.750565170258848724e+00
1.327837421359171266e+00 -5.753365464057444978e-01 1.209472068114799237e+00
1.903139656732148799e+00 -3.691733056678552227e+00 1.444847567590207493e+00
9.531364217049580478e-01 2.902576070393199537e+00 -1.197491649056115381e+00
-3.955594604617781673e+00 -2.655796101537204468e+00 3.410898650010688815e+00
3.412546300733195981e+00 1.344120928832053030e+00 3.655989830294051668e+00
-6.348943115601898834e-03 -3.567914801884922160e-02 2.003510156588157010e+00
1.316990936619188313e+00 7.751602512791023747e-01 -5.659800080831917102e-01
-3.281966790545023827e+00 1.921571342264696058e+00 2.172319374376471934e+00
1.682448550850912827e+00 3.383577457932867905e+00 -6.194178324737965591e-01
2.033850875180640116e+00 -3.895095443145631720e+00 -7.406442204801972906e-01
4.013426508613106236e+00 4.893425199549061300e-01 6.354948478230949549e-01
2.990197732008764930e+00 -3.210095084293238976e+00 -2.452232718403291045e+00
1.332896119007533464e+00 3.709780585674060660e+00 3.829585117413406348e+00
-2.528917138300236012e+00 6.509527055250959870e-01 1.549983196174105071e+00
4.081880955370660757e+00 1.212727012712229824e+00 2.852025167170397779e+00
6.811152217585773050e-01 2.622775870781646201e+00 3.298792279365233782e+00
-2.799030495445708144e+00 -1.204697467766542962e+00 -3.217674617396552694e+00
-2.221437634438895969e+00 3.850780460563522745e+00 -1.759186636367904288e+00
-7.905851256370253211e-01 -1.656256635563077673e+00 2.747107023213879895e+00
1.242810382628437793e+00 5.984359973928762289e-01 -2.318823524572028560e+00
-2.386995336595882033e+00 -3.785171258923719417e+00 1.808196324035672653e+00
3.679874859895669648e+00 3.228441632556372287e+00 6.817372501077921809e-01
2.581157626973907160e+00 -2.006382401771759305e+00 -6.351962826419561836e-02
-2.246757576371208209e+00 3.643069818650650049e+00 -7.229193544815357697e-01
2.659596977763625691e+00 3.312348631144066857e+00 3.289102091438866005e+00
6.656889218348516213e-01 -3.975600434099123781e+00 -3.619531305920840936e+00
-1.601398320838036016e+00 1.231266182743676829e+00 3.875858930159796323e+00
-3.336112693009496422e+00 -2.622829841683482210e-01 1.376131006713139815e+00
9.346627318528533124e-01 -3.492658132793711179e-01 -1.745588135818547437e+00
-2.302837585971588830e-01 8.659842917865143708e-01 2.495714031055225934e+00
-3.792603432872764913e+00 1.784858332542317960e+00 3.609347139944935723e+00
-5.486645498246037200e-02 2.599916493215469249e+00 -1.121148422558118307e+00
3.217553951424099168e+00 1.221876458817057476e-03 -2.086657439791582469e+00
2.946474479548311987e+00 -1.320666465706593851e+00 -2.678509643687554398e+00
-2.767495294574637832e+00 1.817396823319270993e+00 -5.028496336355925411e-01
-1.235940965076155029e+00 2.172904535016938254e+00 -1.852350571148822844e+00
9.836038227010550361e-02 1.222010890431180774e-01 -3.230066198801996080e+00
-3.398850377306273263e+00 -3.214054159555078005e+00 2.348478386163542986e+00
3.868303899104506005e+00 3.604182774362694186e+00 1.707754235394550957e+00
1.967065734363036889e+00 -1.959760874768623928e+00 3.528377859166542230e+00
-8.319080874644679824e-01 -3.489858539960385642e+00 2.951671336848253446e+00
3.433845932484423269e+00 3.367306839520510575e+00 -2.357812649167431829e+00
-3.844697519509628236e+00 1.728246547312701109e+00 7.275220809717372616e-02
-2.423167687304763618e+00 -1.108917656594737566e-01 -3.113819011732494868e+00
1.651559721929888092e+00 -3.975797695645247209e+00 -2.328643252014824583e+00
1.007411929274469459e-01 -1.208531459515425288e+00 3.787686717672938741e+00
-3.253828484651712927e+00 2.685138747532124448e+00 -1.690521149773109633e+00
-2.752493485791704941e+00 4.064750987597433252e+00 2.856074481168997981e+00
2.171745162854505085e-01 1.035215638611616917e+00 -3.795576543264972624e+00
-2.360705033636530281e+00 -2.802327916693687637e+00 1.982092250189873006e-01
-6.883595335920389413e-01 -6.433019453679612587e-01 2.894508668783458027e+00
-1.232896621069137666e+00 -3.057804364150378262e+00 -3.531834622143035674e+00
-1.338218347327754687e+00 -2.911341441820187281e+00 2.717577047887909103e-02
1.790795007448780840e+00 3.047034190553538302e+00 2.923981025538631706e-01
3.286893016142230728e+00 -3.052823219309881431e+00 -3.678459566764643363e+00
3.788780142177451626e+00 -1.455502040689744092e+00 -1.558506918442267852e-01
9.281018348198444290e-01 -3.699068262447287037e-01 -2.800160478725751467e+00
3.770927693300484940e+00 -3.979744791434502993e-01 -4.099506619162069043e+00
-4.171144265789480943e-02 -3.345993006836311512e+00 -3.242252270791280200e+00
2.773460303092690538e+00 1.571470930280694844e+00 -4.224568656953234802e-01
-9.056925747830443241e-01 1.904313507802139149e+00 6.439555277490389695e-01
-1.296425059764330534e+00 -2.185316748893047389e+00 -2.730333391037359281e+00
1.494941252195657988e+00 5.203547445617022760e-01 2.834983607003590755e+00
2.492044074076657623e+00 1.075712115180877060e+00 -3.785922064218573801e+00
7.165141045721412638e-01 3.061607073877891771e+00 2.071287127386019389e+00
-1.741509690204777083e+00 -3.929450471093959285e-01 -6.183525067813956388e-01
-1.599515930440759792e+00 1.130913693851548718e+00 2.729088628998417754e+00
1.951625042805423593e+00 3.434381265028881192e+00 1.157919746039308917e+00
-4.042443598738798549e+00 1.995369202814577969e+00 -1.933586438097556481e+00
2.575106240565126825e+00 -8.734670037573675216e-01 3.576098991926622617e+00
-3.269872646684703899e-01 -1.584471404610727108e+00 6.442367918520410797e-01
4.626694593355360485e-01 -3.710962085922822951e+00 -1.416170924496465533e+00
2.362834994275229139e+00 -1.716911531848101413e+00 1.224283854982105124e+00
-8.184239823031305150e-01 5.266821187151092820e-01 -3.748956760354845485e+00
1.891134069883283475e+00 -1.816474454993424192e+00 -3.289078588537552417e+00
-6.728747969240620463e-01 -2.169347183837556092e-01 -2.434893406180484998e+00
-5.611643781478294901e-01 9.274447222095008048e-01 -2.768771497878553145e+00
-3.814649658311466851e+00 2.747715221435435673e+00 -4.714953751620092337e-01
1.468005712336345914e+00 2.085903860282075417e+00 -4.046654481998337438e+00
-2.966926584527976640e+00 2.336877628805102525e+00 1.314696716485158179e+00
4.088535688915580835e+00 1.536301744826091609e+00 1.926268244109931249e+00
-3.392536235425346103e+00 -1.758793830098945854e-01 2.380416286297240003e+00
3.228904915013393606e-01 4.178584731963477794e-01 -2.219366355279518199e+00
-3.092831605095230252e+00 2.052510476498647929e+00 -2.504870960531440538e+00
-1.619083265947389050e+00 -1.985118554775721744e+00 -1.610685305814879342e+00
3.855825785507934533e+00 8.360316643699826633e-01 -3.630253723286217760e+00
7.375482372765236327e-01 -3.795062410141049725e+00 3.294165442010625888e+00
2.194183944325704960e+00 2.413014304936039078e+00 3.312998606501448950e+00
4.097998000549926800e+00 -2.554610958252689468e+00 -2.537172644088835138e+00
2.465132638473126470e+00 -3.918887968943238764e+00 3.882091867915664629e+00
4.091797764107463764e-01 -2.411591420761800109e+00 5.553781885589140765e-01
2.555534807116655038e+00 -6.838171885114118220e-01 -8.790261011504457711e-01
-2.614133601508911164e-01 -8.847700269177374288e-01 -3.428055225766477587e+00
-1.544717392149826951e+00 -2.110669105619286334e+00 1.272993584306438164e+00
3.303097563561485206e+00 1.257459320491669308e+00 -1.828120420580879868e+00
3.039273356850987540e+00 4.527147678751511917e-01 4.050875285983114304e-01
-3.392608800230415000e-02 -1.949179981928319316e+00 -2.568451757385894041e+00
4.715914235224840656e-01 3.523460613829512589e+00 2.979350788362152169e+00
-2.380312374569238720e+00 1.713519574115980548e+00 1.824855974166348815e+00
2.232108669294541770e+00 -9.183017152030978902e-01 2.870736957850508198e-01
-3.286358525088505456e+00 -1.861778904689085357e+00 -1.011434478688457483e+00
2.552944297059725809e+00 2.715989903789936211e+00 -7.576011045404060784e-01
3.991033479418567564e-01 1.732878441140098147e+00 3.744560013681165422e+00
2.958627967813239223e+00 -2.890553424557500833e-03 1.777915731733368254e+00
-1.791464196560249356e+00 1.383228011911216582e+00 1.098543505182623115e+00
2.099517567227644210e-01 2.497333643506977285e+00 -2.066510697475653746e+00
-2.068552252846028949e+00 1.572817458130531421e+00 -1.293162993480352352e+00
-1.624706761290644508e+00 3.267623342267995667e-01 1.245689270903179047e+00
8.910873503541917318e-01 -2.194378203380875192e+00 -9.481222985780403123e-01
-1.441482689188560151e+00 1.126842398514716681e+00 -1.985450292273942541e+00
-1.184230123652397632e-01 -4.356891463356655780e-01 -1.394605499871735876e+00
-3.070517981097804494e+00 -2.078759409861661300e+00 -2.743507195841311752e+00
-4.060479369356535528e+00 3.777625889389026881e+00 -5.056538059710494748e-01
1.251967716644442730e+00 -2.792681598604751958e+00 3.015144263336023922e+00
-1.416218557680675394e+00 1.823138815453447803e+00 1.989032499570406731e+00
-1.316607734552357689e+00 3.210830451995610346e+00 -1.121865559965856018e+00
3.311984999236648797e+00 -3.470468503610754762e+00 3.578446508239937346e-02
2.291775150236118108e+00 -6.202185672278823225e-02 1.015507609798041999e+00
3.698919630732379726e+00 -5.840096752788362378e-04 -1.100018301247835728e+00
-6.670648812908436254e-01 -5.593745872772024619e-01 -5.359198011662789085e-01
-3.735443743325198795e+00 -2.790183566480562316e+00 5.306720425850599554e-01
-1.505620282631913831e+00 3.164852734840634785e+00 -2.266986482650948265e+00
-3.643301184976703855e+00 4.282665478854464913e-01 -4.306781850932668854e-01
3.775755491585388590e+00 -3.690431565042239459e+00 2.213602836247114514e+00
-1.107862485366126082e+00 2.718818833887302500e+00 -3.422697571146000595e+00
3.359683094402156289e+00 -3.096194289453025217e+00 3.099958601544384518e+00
1.598505521635170457e+00 -4.064006398607305393e+00 2.967514255597536010e+00
-6.477844735503803797e-01 -2.445439810882129805e+00 -1.906457359788144235e+00
-1.677225281459410411e+00 -3.242248383504162668e+00 -1.631823605408465827e+00
2.468635970406526381e-01 -3.809303447738876525e+00 2.407324950889352166e+00
-3.285988991185705199e+00 -2.772155744210999639e+00 -5.543729879177200504e-01
-4.038908214257886264e+00 -3.205594257925962420e+00 1.433476663236111115e+00
-2.744184762969344327e+00 2.809374702365253551e+00 -5.870397295324079057e-01
-1.723402000105980436e+00 -4.552285948531985538e-01 3.323219500573718399e+00
-1.543595713667236247e+00 -8.856975840461843719e-01 2.298814664253304496e+00
2.193609805151004011e+00 -3.247060973699475106e+00 2.914585137795921987e+00
-2.107728122163519568e+00 -2.456036551043952354e+00 -3.480299860245670729e+00
-1.700025640123294046e+00 1.264773883266639976e+00 -3.351852743837705484e-01
-1.143684719250482207e+00 4.660908742754785172e-01 3.283237903437426386e+00
-9.258193140889607875e-01 2.968294227560972054e+00 5.048519822319478267e-01
-3.383842142890014504e+00 -2.160838768082700589e+00 2.459100950101810845e+00
2.753439364396694344e+00 2.511435300955167094e+00 -3.563929059934406673e+00
-1.907110168749936774e+00 -1.545444191366728504e+00 -3.891022285210729681e+00
-2.990241716003094741e+00 -3.099863812561190812e+00 -2.248597239445641716e+00
-2.055696323903260403e+00 -3.868255526446834125e+00 -1.291882919149846265e-02
4.748967337314209392e-01 1.275138621042953169e+00 -2.891590378614156354e+00
-3.246514938557753638e+00 -3.939339516615826930e+00 -1.747324894752140256e+00
-1.671001424683906000e+00 2.010490327363759988e+00 -3.764007306951743459e+00
1.627115372195370613e+00 -1.459249464098762550e+00 -3.916359118130468553e-01
1.929318100741754582e+00 2.157228417185939495e+00 -8.800677461004573210e-02
4.048140069745356784e-01 -1.910828735551539648e+00 -3.674359082865638282e+00
2.035464259410432852e+00 3.064021593292748591e+00 4.090558388618698693e+00
3.469337858436595035e+00 -8.780746372626840879e-01 -1.571491558558092194e+00
-3.881788818967848442e+00 -2.701003527435850149e+00 -3.767335819666513874e+00
1.936079838220977900e-01 -1.228745220545638395e+00 2.429101799135072071e+00
2.353111278292691733e+00 8.635135459581178008e-01 -2.626275042945943383e+00
-9.433027841768479860e-01 -1.589315477693694412e+00 -3.472775648950240601e+00
1.704582288860814421e+00 8.121954245941755135e-02 -1.269803554495801734e+00
3.419568033279071884e+00 -2.560051068908242744e+00 5.016134017764920516e-01
-2.126779071061343007e+00 3.813309387507455739e+00 9.908269121754370579e-01
3.332311927972235299e+00 7.485573657081679988e-01 -2.796644207961876294e+00
3.944074123300306489e+00 -1.703318849861227058e+00 1.623371371389265461e+00
1.477765965068674608e-02 2.590025820073628804e+00 -3.916135452287955676e+00
1.465314393128414494e+00 3.696780644097278135e+00 2.036820573092481546e+00
3.378451643927591341e+00 2.417797288343777939e+00 -1.228971703133634186e-02
1.599368664449531074e+00 1.396970020355163600e+00 -3.173508653381417854e+00
-1.750052622707723549e+00 2.520268166291671275e+00 1.241553061499329758e+00
