8.220706914434900980e+00   8.220706914434900980e+00   8.220706914434900980e+00
500
-2.193509982179226991e+00 8.404327681662207006e-01 -2.023409316226339794e+00
3.315246931130077512e-01 2.316142362041498259e+00 -3.312111206218385728e+00
-9.871091484945067052e-01 5.067828807004328730e-03 1.865138689003345840e-01
3.752588053585692141e+00 -2.186018525510984301e+00 3.787177561499378342e+00
2.611081889200074002e+00 2.519374640023356315e-01 -3.479782933521705424e+00
-6.029899468982509170e-01 1.613348004001817548e+00 -3.536304976136221079e+00
9.562376422083256333e-01 -3.227357211468126152e+00 2.444509890106218108e+00
-8.163957260085531464e-01 -1.137561024189488901e+00 3.510393912420684437e+00
1.917208073651327283e+00 -2.841156298564222027e+00 9.827267037420895912e-01
7.294994582665175198e-01 9.248430145779659162e-01 1.771969725994940514e+00
5.146943140888455837e-01 3.867558872524516467e+00 1.581311596747018822e+00
-1.327981571451636089e+00 -2.707570185012856623e+00 2.584368106520347652e+00
-6.798707776769209454e-01 1.194984906691985982e-01 1.133241252383974329e+00
-2.592971844579884166e+00 4.222691388512341826e-01 3.951909516495320407e+00
-3.113442312682050517e+00 -2.244931307853040015e-01 -3.734402900383077206e+00
-2.406469529954420317e+00 1.364690649294214131e+00 -4.046687390995664657e+00
4.439435425124569345e-01 -2.211006052552201950e+00 2.656912582497757302e+00
3.780056257634539230e-01 -3.347946715378724569e+00 2.200814216683000257e-02
3.863390395762575924e+00 3.051621843532004608e+00 3.342538999948071687e+00
-2.397799492424983470e+00 -1.719711403479674772e+00 1.294539079148926852e+00
-3.308649809564329747e+00 -6.604248945999361409e-01 -1.097932809677261368e+00
3.787845846703402852e+00 -2.932686303865330579e+00 2.239091158088173827e+00
2.832335819973934576e+00 -2.435709365900591727e+00 2.302631968770815440e+00
6.259896269896001453e-01 -9.381809462609187467e-01 -1.233665164233921363e+00
-1.053343613230672826e+00 -2.127964321187539198e+00 3.748595864018134716e+00
7.655874638090307549e-01 1.198623070409810643e+00 3.289468596705608761e+00
1.524783987859252621e+00 2.087031604215395575e+00 -1.127914275696733082e+00
3.345475032506769475e-01 -9.919745051116939383e-01 1.411369349906445470e+00
-4.101545868584983157e-01 -2.726663651921313658e+00 2.792272200843523677e+00
1.321579021253018293e+00 5.101102762594759144e-01 1.014319337485110495e+00
2.375404608224062353e-01 2.152050750303202253e+00 7.423002534485680926e-01
3.408587587384756645e+00 -7.013680548639780188e-01 -2.920759959050168053e+00
-1.427293145729053192e+00 -3.967483851673581086e+00 4.068891977578198649e+00
-1.677562500494497622e+00 2.168995488230732960e+00 3.402785718323951158e+00
8.721333739561469844e-01 2.858713804860228525e+00 1.123086458273495847e+00
1.660278661892199192e+00 -7.570620040822929608e-01 -1.404723383664868708e+00
-7.584692485327489964e-01 2.150740758575028888e+00 3.821903447570316636e+00
-3.316046798269835172e+00 2.704318349408675992e+00 2.504980824235049752e+00
-3.182149022946971328e+00 -2.352691625217024463e+00 3.868609907958688421e+00
1.960153988845390716e+00 2.946409349025926439e+00 -1.525372366046124917e+00
-3.927244264076531266e+00 2.418270126942762221e+00 1.770091151785275763e+00
8.148821994176861372e-01 3.750150620204480756e+00 -7.541174307197994198e-01
-1.456698979229475999e+00 3.731024207394209480e+00 3.026598412162757157e+00
3.837251762155132528e+00 1.070057665584162709e+00 -5.065168176240235631e-01
7.590189147400691061e-01 2.031854621329204580e+00 1.787407913768246370e+00
3.253067166013193567e+00 3.450302453283008219e+00 2.181827954418725568e+00
-2.717245700055142432e+00 1.319943935964202897e-01 -1.198108887417536739e+00
-9.061935272545056375e-01 -3.194842658694017956e+00 -2.553367820789105291e+00
3.655573671188636187e+00 -7.256621714710185245e-01 3.039731770614709117e+00
1.547943819599962412e+00 -4.082438486402906186e+00 8.030160794053409212e-02
2.389834668208655533e+00 -3.996306060247882264e-01 -2.108704710266701365e+00
-3.817051132415134163e+00 5.350421268199905267e-01 1.835286986279800470e+00
-2.798733370012135069e+00 -4.091331814669466049e-01 3.459002127519644088e+00
-3.680211744484680025e+00 -1.666251869993148116e+00 3.503405221647387879e+00
-2.912822747679533197e-01 1.093745194486722250e+00 3.544552195671614836e+00
-2.392234865493574780e+00 1.283185883845065822e+00 3.136838752077191206e+00
-2.364707026099421405e+00 -2.414238169698562642e-01 1.013686250177932013e+00
8.750343287301025619e-01 1.342947707398893575e+00 9.304641722955189209e-01
-2.311631548700790795e+00 3.792600079458765538e-01 2.968876024448842355e+00
2.693507564718047753e+00 -3.384026115031216753e-01 2.742731723726013371e+00
-3.093680323321831516e+00 -3.475242723530393985e-01 5.847260027954152839e-02
3.323991250126808072e+00 2.600761022058416749e+00 1.719567336780430500e+00
-2.664101085822305315e+00 8.651434236287947055e-01 -5.050223654036571919e-01
-2.388147544408041778e+00 -2.790211553305349312e+00 -1.847254224306118520e+00
4.171740205193135570e-02 1.611781758193349123e-01 4.005086180475828428e+00
2.501609300909446887e+00 1.388598847015896309e+00 2.443117301988469769e+00
1.582933637314844155e+00 -1.681319932411575513e+00 1.490380028605594154e+00
-7.705078557560363084e-01 -3.144799902528019886e-01 3.975938686771282704e+00
-3.110964873944965348e+00 -2.123508469194069548e+00 5.992858187222784849e-01
-2.480619677003538470e+00 3.339237835609397465e+00 -2.451531463843467318e+00
2.455160100090658659e+00 1.742939149986759917e+00 -1.085104476553022224e+00
2.626793164128829794e+00 1.458804094016286967e+00 5.116157155998116712e-01
2.947458650402474234e+00 -1.834477554025174317e+00 -1.198149383160242332e+00
-3.188206746520218182e+00 -3.799201287872631561e+00 6.207318251381878094e-01
-2.326976559610228090e+00 -3.716372543052651078e+00 -3.405780738402869101e+00
3.979504635314327743e+00 1.159163924883591656e+00 -1.542140357934566275e+00
-4.791790231717318882e-01 3.538615092682071861e+00 -3.507471673284333402e+00
-2.793864523937305000e-01 2.871760883236209150e+00 -2.746521996733078286e+00
2.576491559931490816e+00 3.786674436511320518e+00 -3.580252813079971119e+00
3.074879360618212321e+00 2.410204727894116328e+00 -2.362546110124446930e+00
-3.198798894743970500e+00 1.149937876608147613e+00 -1.971893871209440041e+00
1.821443798889369248e+00 -6.309167978973877489e-01 4.101262232561330379e+00
2.750463234154017389e+00 -3.432562837429738778e+00 7.156287831255562226e-01
-1.524939047923513646e+00 -6.910971762226659765e-01 -2.561908947603869446e+00
-5.819722962132928279e-01 -3.918076334243106640e+00 -2.573973807739673297e-02
-1.894858337209472499e+00 3.144799231230755332e+00 3.783045059226811002e+00
-1.723715802259172758e+00 4.098154239030530555e+00 -2.615982603031638654e+00
3.486892694255787628e+00 -2.232932019677195790e+00 -3.221978251047271868e+00
3.948979590633924008e+00 -3.728845410914729097e+00 -4.099930648473680606e+00
-3.974537608198511318e+00 1.422918947900732478e+00 -2.721095890869526635e+00
3.352338775360678813e+00 -2.157207154363499857e+00 -2.215391848941663522e+00
5.068710286964899225e-01 -2.637111700040014384e+00 -1.401204814709355206e+00
-2.835065844699919957e+00 -1.203323438100183607e+00 2.909728149648502793e+00
-3.218089215630518307e+00 -1.297085422756910189e+00 -1.854006368362328017e+00
-2.689648101669393387e+00 1.654781304486839577e+00 7.030482389097538753e-01
5.325054336348482575e-01 1.094714832274366723e+00 1.081876951734271342e-01
-3.948424100679885029e+00 -1.335715211583048845e+00 2.446682560830411468e+00
-2.570734018377577867e-01 -3.824119985862635573e+00 3.645817010188789453e+00
1.394644101375614564e+00 3.945555020892412834e+00 -1.607194123283393727e+00
-3.699862759688713476e-01 -3.259757723501344184e+00 -1.815716248221046270e+00
-5.129326132064462307e-01 3.868510843394057375e+00 2.895527818341249393e+00
-8.926363353745941920e-01 -1.440128432518111623e+00 -2.356836758882104199e+00
3.201815253196389044e+00 8.060027385088274210e-01 2.727672701730861515e+00
8.046347286461880133e-01 2.934211711692661151e+00 1.265414387399744489e-01
-1.204360300237888204e+00 -3.829582310868137718e+00 -8.443714192284957898e-01
3.435043721511996662e+00 -3.307747019902603780e-01 1.000228398626018811e-01
1.986870991097875461e-01 -3.093310330538867614e+00 1.839800021098592753e+00
1.193022006168646509e+00 2.774621252727531129e+00 -2.173965591769886352e+00
3.281503687614102827e+00 -2.662600970842988524e+00 1.391699099263536965e+00
3.380451163469834430e+00 3.800264838500580389e+00 4.073005876707346040e+00
6.148136822875770457e-01 -2.079530655576648790e-01 -6.627305185523294506e-01
3.584011469826748453e+00 9.500503590771752771e-02 1.365614279601380820e+00
-1.938596027252611709e+00 -1.755091665258241562e-01 -1.789872558269335334e+00
5.691241410218552538e-02 -8.248291831062031232e-01 -2.246929423031779560e+00
1.603750150271273434e+00 2.308411561607061735e+00 1.492270430337447884e+00
-3.312948069879366741e+00 7.663958411982323415e-01 -3.437316651119465050e+00
2.582917545780039958e+00 4.028491619866001905e+00 -2.607161191676152345e+00
-1.865098132089481719e+00 -3.063755430405403768e+00 -2.630419269594985288e+00
-3.713794356753401082e+00 3.547559456046288417e+00 2.784694467085670588e+00
-2.339700049591941777e+00 -2.792857233508124204e-01 2.112414156709661039e+00
3.411774774463877780e+00 1.825193217125476108e+00 2.297639365472410322e+00
2.545080635244302947e+00 7.873655230310332431e-01 -1.187012882314854467e+00
-6.427742968356810194e-02 3.348360838710581211e-01 -2.229746240122243983e-01
3.423259560503255639e+00 -2.954045634452276303e+00 -1.444737248264572171e+00
-3.944449229762650333e+00 -3.837164436410277712e+00 3.148356885336733857e+00
2.558457834147575660e+00 -1.273869189274096314e+00 2.680121613070075348e+00
2.545997160186680208e+00 1.982809954081494075e+00 1.651562117816645969e+00
-2.849233788227403807e-01 -3.745671396903367256e+00 9.791497087148847145e-01
-2.732005559559523178e+00 2.627265336156873854e+00 -3.941585993240991126e+00
-6.597909774365950941e-02 1.422440105455467840e+00 -2.082040533350093980e+00
3.262492993661696872e+00 2.375660429417436159e+00 -1.361374704822837955e+00
-3.861752802778852356e+00 -3.492033765395353928e+00 -3.121387247829101153e+00
2.419792264021373818e+00 2.888644259125753955e+00 2.128532962721792821e+00
-3.886200816077404863e+00 3.559736532961540245e+00 -2.481762433074904628e+00
-3.717398620500059092e+00 1.425303802106467232e+00 8.952383977481337407e-01
2.461755676459581377e+00 -3.389792165320922646e+00 -3.334139813359723981e+00
4.537561312522563894e-01 3.613112029478413589e+00 -1.822559202684256086e+00
-2.331913989005857335e+00 -2.878192737133601575e+00 2.180682972174856626e+00
1.936650595857364321e+00 2.161500475803336263e-01 3.668248326750449095e+00
3.040812843409655741e+00 -1.715107499469597618e+00 4.766018615919860313e-01
-7.082701231997050595e-01 -3.139576252651536503e+00 4.042484154114759143e+00
-3.226208428286117424e+00 -3.586229462403633939e+00 3.834588176171788820e+00
-9.249504841762877516e-02 8.592475295606011310e-01 -1.194834845043849958e+00
4.099540247085967870e+00 -9.584568231222910517e-03 -3.436823554625552113e+00
-1.896772743374639747e+00 -1.332400285253091843e+00 -2.030580773041630316e+00
4.099516346183269988e+00 -3.977933331302138331e+00 5.470030975054496203e-01
3.897003520811830768e+00 -2.089311795993144649e+00 -1.402403570502649854e+00
-2.049183573378004830e+00 -7.780035626181834862e-01 -4.002325246969411943e+00
-1.965371486265792278e+00 -3.182580112812098516e+00 -9.910979999031035437e-01
-2.154139507536871445e+00 -9.650226379332094151e-01 -3.944488418766952109e-01
-4.054617260110860322e+00 -3.777803262304912479e+00 -1.184067029124453274e+00
1.848591165653308277e+00 2.589001780345174808e+00 -3.041084239912273279e+00
-3.659698378723310608e+00 -6.572700951842253003e-01 -2.439855150991372401e+00
9.521744387013280075e-01 3.352411220703495620e-01 3.712759147091236223e+00
-1.293241349485149350e+00 -3.894166069422539955e-01 -3.373708347109996009e+00
7.094041400222873550e-01 1.284919270980914741e+00 -1.464613556646590986e+00
8.762264819353170475e-01 -3.489113560762712840e+00 -7.693314106957672704e-01
-3.276664815602205127e+00 2.354137611726706325e+00 3.325613584845854565e-01
6.438869269377071047e-01 -1.106499855504581742e+00 -3.462527666543167848e-02
-1.886483412445865371e+00 6.725623098157080815e-01 -1.054739788203449269e+00
-1.281387904085128149e+00 2.834063323304349069e+00 2.738504907728288806e+00
8.128574519992863845e-01 -1.580722319296859579e+00 7.948660444055727359e-01
3.170473464449337087e+00 -1.070751957533806253e+00 1.878121723530110643e+00
-3.066306503268293238e+00 3.530453365495124451e+00 6.197970840872238929e-01
8.855877387874370177e-01 -1.481751795640192937e-01 2.961117163547175024e-01
9.186459079098079350e-01 4.014232679399234449e-01 -3.476266632644198662e+00
-3.473013025289523714e+00 -2.225378405428277251e+00 1.486493639668658995e+00
7.974439243250446285e-01 -1.400362448721648168e+00 3.253600965788168153e+00
-2.386471162539757440e+00 2.797482708414698482e+00 6.538163819287433620e-01
-4.102268236213712171e+00 2.280235554794273423e+00 2.816882687886879566e+00
-1.548189687372891976e+00 3.206437016576569876e-01 -2.602299631449490835e+00
2.917959549317052925e-01 -5.128346817090739806e-01 3.298255775391067068e+00
2.807258964191639894e+00 -4.011585025843122487e+00 -9.818938645243290297e-01
-1.106867809001399028e+00 -4.085879462276257534e+00 -1.826581924395105361e+00
8.469179345803478087e-01 3.798876975939478040e+00 5.646827423784969158e-01
1.677830663915869325e+00 -3.509560079819472822e+00 3.743927783825443889e+00
-1.588794839009865845e+00 -3.633761107855096206e+00 2.056262578048752676e+00
3.141081660241812124e+00 2.236880206781768354e+00 3.141562416562921012e+00
7.278798270634908585e-01 -1.730869799470679871e+00 -1.778109856225037921e+00
9.991212752561873245e-01 -3.069701552615053064e+00 -3.038601954109645398e+00
1.839690003096784710e-02 -2.193926065886135923e+00 -6.802722400618504972e-01
-3.157562910906847264e+00 -3.015858561953256078e+00 -3.615674042766512830e+00
-2.965812098745111314e+00 8.458614773086154948e-01 2.248983816847929695e+00
-3.125924526847979834e+00 -1.177847723767204258e+00 -4.065560597749565019e+00
-1.390302030477917006e+00 -8.296679523305069415e-01 7.292980438242819829e-01
1.702517597149312945e+00 -4.601961264255848005e-02 -2.934151195543425850e+00
-6.863187550261508341e-02 3.169480243725661062e+00 8.805848872157726603e-01
6.080092714229492490e-01 3.388109805120974372e+00 -2.780397473084918136e+00
-3.072811410260084752e+00 -1.426371665032230229e+00 1.890019646752451266e+00
3.628425711050083269e+00 -3.601669083376864311e+00 1.287559571283937387e+00
-1.505752809586794028e+00 -2.955230028130854780e+00 3.543858952526622641e+00
-9.893596055460029959e-01 9.951880358344962207e-01 1.619667849005269611e+00
1.712697940160478272e+00 -4.090306945394841520e+00 -3.305806066040112512e+00
-3.951333262668644264e-01 -2.742504683596578285e+00 1.145489341997917965e+00
1.213387588038846276e+00 -1.275081603573218869e+00 -3.860152181956226780e+00
2.447068719261521696e+00 -2.603473673680090972e+00 -1.490278969181029423e+00
1.385985888927822707e+00 2.054475596510885627e+00 6.236301944299513789e-01
-3.962524068013179246e+00 2.891834167434828906e+00 -3.983422359196076901e+00
2.295905315019104886e+00 -2.961550681947180852e+00 -4.822173662717633702e-01
1.923313132237660206e+00 -2.863049230419576485e+00 -2.314793990804201229e+00
7.387745806881381716e-01 -2.245765380148274204e+00 3.586676548915956442e+00
2.664181909210843191e+00 2.567073337932340493e+00 7.372633499414505964e-01
-1.481607827294455060e+00 1.368868663239607431e+00 -2.960432836134787138e+00
8.758132458196041803e-01 1.860177230873760301e+00 -2.291108199938451939e+00
-1.784065951593302168e+00 2.163348135715426501e+00 1.993971951852215874e-01
-3.083870357028380305e+00 -4.074344144790631006e+00 -2.747961878572676042e+00
5.817255449966319825e-01 -3.702683067273315309e+00 -2.429323565181372047e+00
1.895989512311394343e+00 -3.024777018108677940e+00 2.187003894157666384e+00
-1.287461584180031871e-01 3.960486926046049128e+00 -8.794781352573934896e-01
-5.612408230602928816e-01 -1.742357859816606513e+00 1.793727321087955406e+00
2.335894526229836288e+00 -3.593977398040268056e+00 -1.781496670517219050e+00
2.951753332483214809e+00 -1.703027345953587623e+00 -3.949657498837765068e+00
-8.173731600118731011e-01 -7.177693872716509604e-01 -1.635297012525502414e+00
1.761141457516080200e+00 -6.967160487478090136e-01 3.059459993964209090e+00
7.450540993673459012e-01 -3.237951706796020623e+00 -3.957033615265677540e+00
1.472240549036136104e+00 2.557250015285628564e+00 2.397870261158278282e+00
-8.888522176753902437e-01 -3.966420048092175410e+00 -3.118807890315766329e+00
-2.752157600032091089e+00 2.170402033836872580e+00 3.079048165571399043e+00
-4.930498982527434793e-01 -2.750241505605582226e+00 1.051670062316389931e-01
-2.897909756755156163e+00 -3.057269231622187888e+00 3.082881365328959511e+00
-9.568549783514620488e-01 -1.462830110424806263e+00 -6.742025580890763647e-01
-1.984126866420465873e+00 2.681407790702348581e+00 -2.945668936663395687e+00
-3.032564025044510725e+00 6.642756553063217106e-01 4.250621289238131761e-01
-2.676860745288304422e+00 -7.482804130924065600e-01 -2.421428035483957242e+00
-1.818872045918609459e-01 3.414494923801680404e+00 2.103999131070570794e+00
1.117572385463575069e+00 -2.265256543543483048e+00 -2.453335604166998252e+00
-2.104889508778869711e+00 9.338362166456173896e-02 1.304360332366320263e-01
-3.274388256050809520e+00 3.219811294435655391e+00 -3.254532809343151811e+00
-1.820257373409674972e+00 3.592084043478589450e+00 1.838215983338081339e+00
-1.451371115249102894e+00 3.615816932461825672e+00 -1.848580846952794718e-02
-1.878903540769552571e-01 -1.503783171455512990e+00 -1.346379911406660801e+00
-2.261924944385141245e+00 2.945528664130785401e+00 2.878698183632510510e+00
-3.322731917607080643e+00 3.197538387096869439e+00 1.515124825897020910e+00
3.482683202390040922e+00 3.919051764260403914e+00 3.072672056913040795e+00
1.527693611071377466e+00 1.313006033059828992e+00 2.191281066213955242e+00
-2.839641899659534618e-01 1.376369497536201081e+00 6.148507324810937869e-01
-3.328484703875534745e+00 3.465411757730960218e+00 -9.471906265302109107e-01
1.077990436253294382e+00 3.031371511940842201e+00 -3.556754350915027452e+00
-6.199845780134312090e-01 -2.936664129392698275e+00 -9.565384536324545994e-01
-1.179664957389215119e-01 -1.884707197965243886e+00 3.576199101870171759e+00
-3.131416168696433466e+00 1.260008141917818014e-01 -2.275246764463904725e+00
1.508275407411595603e+00 3.081541302230726975e-01 1.955516042379801478e+00
1.266276229841839074e+00 -2.364554885434518638e+00 -3.783474347607955313e+00
-3.564961101141696620e+00 -1.198620003209181606e+00 6.353570189093802334e-01
-1.704391431646590238e+00 2.792563527081855512e-01 -3.873226698006808633e+00
-1.379956313180111582e+00 -3.222861941279232756e+00 9.679835106417614687e-01
-1.866649214651196598e+00 -1.951314993212487581e+00 2.145792178896595903e+00
2.973836567790076657e+00 2.259523898022866017e-01 3.583316211106284399e+00
-2.015083095936168522e+00 -3.637823673600462548e+00 3.086740262576332050e+00
-1.133982252530343349e-01 -6.186161273783370440e-01 4.665561343408157202e-01
-2.563384596951527428e+00 2.959032883526388602e+00 1.952829841723392246e+00
2.967262727902388431e+00 -2.759951500004519609e+00 3.724727120995045659e+00
1.360965049312195196e+00 -2.950346451591092212e+00 2.108459411736652786e-02
1.786756320263158226e+00 1.988479009972224654e-01 -1.804201250926650846e-01
-3.527635529475058096e+00 2.150428024068865795e+00 -3.444321757841926512e+00
3.765504486597279321e+00 -1.275238881362226850e+00 -2.096055382108916731e+00
3.456104203156405319e+00 2.147519831146239344e+00 -3.426645948655141716e+00
-2.256898091783272609e+00 2.629017044397718550e+00 -1.522363925414606634e+00
2.377020145149450592e+00 1.715298501327081837e+00 3.458591062968629171e+00
1.105746006719418251e+00 1.992148131212231554e+00 -3.058162487042511701e-01
6.030498883588772951e-01 -2.016416576420898554e+00 1.672656566120822585e+00
9.898851822134641099e-01 -5.324185345121824620e-01 2.252865495737600199e+00
4.033984450446314263e+00 2.486840022434790576e-01 3.200689645135137873e+00
1.988463184399605899e+00 -9.186181049712538460e-01 2.002092874839925596e+00
3.309001693923312448e+00 -2.707140392197407319e+00 -5.031404123900227177e-01
-9.753482939997740742e-01 5.455150428295104659e-01 -5.847438512848183167e-01
3.340553562443162594e+00 -3.960675849616426714e+00 -1.781110152449946415e+00
-2.751329902460019738e+00 3.850671039282151487e+00 -3.984412314290511237e+00
-4.009962802642396129e-01 2.941212648541399410e+00 3.172084233023694910e+00
-3.035997668769981228e+00 3.059740475632859891e+00 3.478274509892661737e+00
-9.618979477343055917e-01 2.925674485142127246e+00 1.853069869489167854e+00
-3.857576737186290683e-01 -2.797113200731904836e+00 -3.412089950659058957e+00
-3.599130509643523101e+00 -1.963062595932576482e+00 -3.544017984061420101e+00
1.356493979745170497e+00 -3.015467186307414060e+00 -1.524651239816718240e+00
1.672842365337096959e+00 1.105394648135500146e+00 -4.092243075425291643e+00
-1.108925978980085825e+00 2.164261377352649784e+00 -5.554505586320163113e-01
-2.346796954508348243e+00 -2.737927824560283163e+00 3.703786832539632812e+00
1.754816034609358200e+00 1.292164903160631706e+00 -1.628443106693332698e+00
3.621581336275395024e+00 3.369113131321512355e+00 -1.147046584803378400e+00
9.263682775614759390e-02 -2.732641988647833031e+00 -2.488198343624304698e+00
3.569411414320210696e+00 -3.966549274031132999e+00 -2.705932498804924258e+00
3.277577605305900921e+00 -1.578182480957075251e+00 3.216120027233894785e+00
1.011765055026834448e+00 -1.454511954403341578e+00 -2.935156069723167338e+00
3.115644745011555639e+00 3.630513964404281868e+00 -2.394577740317751779e-01
1.583954745150769616e+00 1.150887583750481058e+00 2.055923072377037475e-02
-3.960729202862338205e+00 2.554345321474743802e+00 -2.671628963996134143e+00
-2.875223714626924831e+00 -3.053879232307135538e+00 9.343069758760167431e-01
-9.395421561195871352e-01 1.334361430082922739e+00 -1.024005452079845169e+00
-3.517907923860453812e-01 3.931529893612957238e+00 -2.377754073484184882e+00
1.259102188492014218e-01 3.694407733023675089e+00 4.016981774118482562e+00
-3.674409268355083302e+00 3.727512884853753761e+00 3.823519086998586669e+00
3.732000415173977625e+00 3.405506100562734062e+00 -3.297571971315218065e+00
8.239151296055371443e-01 -3.188017740524029531e+00 8.952492678020629313e-01
2.775339655543212825e+00 3.436670883881917771e+00 -1.762958497240068478e+00
-3.365990889342333148e+00 1.382223845216659308e+00 -1.077016444506008641e+00
-2.752786854037683750e-01 1.294858575158757796e+00 -3.930670829752476170e-01
-8.148896320308021135e-01 -6.575552638399291272e-01 1.625036547771306905e+00
2.502809567056743401e+00 -2.551431837144299219e+00 -2.945961454332957530e+00
2.705967953062836440e+00 1.045614944672331070e+00 1.468834439607564990e+00
-4.446608052069709327e-01 3.194079805230167768e+00 -1.785388623441300560e+00
-9.845512552636142001e-01 3.027614934737138941e-01 -1.629730709113512033e+00
-3.467517076514420094e+00 -2.880103505148077225e+00 -1.608804610512398980e+00
1.508833748703691580e+00 1.837909306531900544e+00 3.056869572574380634e+00
-7.065966068423383817e-01 2.021253974967138767e+00 2.856412939790871963e+00
2.530325655887578407e+00 3.777794716090015381e+00 4.818063672610941039e-01
-2.456322771676812788e+00 9.978477335556548145e-01 -2.983087580445592746e+00
1.785415577636124906e+00 1.386438700921423850e+00 1.282614217705061899e+00
-4.983774377628834573e-01 -3.773965581072761921e+00 2.077997105078839279e+00
2.008731898822220183e-02 2.201685154547028400e+00 -3.132387160959946293e-01
-2.020314212587226876e+00 -2.009955883220197137e+00 -2.732075276205974124e+00
-2.724385362501324792e+00 -3.845669349216155108e+00 -7.586997096605615498e-01
2.097255940712097200e+00 2.159142747457337475e+00 -2.172916775863505734e+00
-1.956353753859516154e+00 3.562412037653413854e+00 -3.528708524943015679e+00
1.760992087202418288e+00 3.441029131835739552e+00 -2.522221576605748528e+00
2.780491120930668636e+00 4.081688585004910053e+00 1.466211067810898827e+00
-1.154203720053988302e+00 1.008400444079355474e+00 2.728185001932963427e-01
1.230695042346308110e-01 -2.940818512727737755e+00 3.609525727602076017e+00
-1.226204798577564370e+00 -1.882483183380810443e+00 5.072203286382538368e-01
2.609489867879029923e+00 4.101944495553405012e+00 2.568899011759082640e+00
2.193866991612703821e+00 -1.010273570939515420e+00 -3.120465768961485864e+00
2.196608299243513196e-01 1.702762747769629659e+00 2.564822365083106348e+00
-3.408251113233192520e+00 4.091607042368710978e+00 1.823349674452082958e+00
-3.532844653755172981e+00 -3.598286999320056356e+00 -3.116227927994570379e-01
-3.299535648021509449e+00 9.470240589188624325e-01 3.524465026116872401e+00
-1.732336726639336799e+00 -1.506926623175388613e+00 3.255121824532442698e+00
2.631046321221139905e-01 5.444592522935917112e-01 1.021802306448318820e+00
-2.353157220633294688e+00 -2.175625694246481334e+00 2.925755263954407770e+00
-9.289086817916656358e-01 1.253537875797835210e-01 2.422176389282606479e+00
-4.910462229434933157e-01 3.289078406142250444e+00 -1.886961886618806952e-03
6.689440789341876137e-01 -5.081922414497649365e-01 -3.744228605191661341e+00
-1.164693620127189799e+00 4.005143937196727677e+00 1.313214104638720237e+00
1.873379562611910520e+00 -1.559206764236892306e+00 -2.057116585483326432e+00
-1.747109478590370135e-01 1.703378614631337662e+00 1.531344553216497095e+00
1.264567043794061041e+00 -6.135921715500642915e-01 1.171549410940436298e+00
1.766753148016772190e+00 -3.799554548948327337e+00 1.561007408854896639e+00
5.785624795831492140e-01 2.360048024345442030e+00 -1.081420453018089756e+00
-3.927620194525581976e+00 -2.916778144651033244e+00 3.450332890612178627e+00
3.466491699580759089e+00 1.411684771221091594e+00 3.560803721558762902e+00
1.850870143356559971e-01 -1.898056050523047600e-02 1.953020322474640080e+00
9.566312972338442133e-01 7.016086697769617908e-01 -6.649573798878375408e-01
-3.223446611228851566e+00 1.838122501107602558e+00 2.145116182339380728e+00
1.509150892273640965e+00 3.157676521574145134e+00 -6.073043641200359666e-01
1.852281322468016800e+00 -3.815794377597533149e+00 -8.804468173298609646e-01
-4.099997407808329442e+00 4.700232656208769844e-01 3.243004906739567206e-01
3.121289885373419448e+00 -3.137161428542596830e+00 -2.468872981098674035e+00
1.365167427900782382e+00 3.881188587137299972e+00 -4.099999411612929912e+00
-2.592161635515117801e+00 8.452605042780824141e-01 1.338758985664722401e+00
-3.981308622324792434e+00 1.264312954168798520e+00 2.830357315698968979e+00
5.192611910914258777e-01 2.521393756032593636e+00 3.128859777718915769e+00
-2.636783737125292237e+00 -1.446087513454785256e+00 -3.229088938117189667e+00
-2.169920073956527862e+00 3.913951271624514838e+00 -1.769851430772624079e+00
-8.139461067207497402e-01 -1.742702013053435861e+00 2.760000305467703807e+00
1.097232913431168466e+00 5.508880462343408446e-01 -2.433044955167357859e+00
-2.568939418955606069e+00 -3.740850523253675064e+00 1.632113175519727788e+00
4.024885086668959389e+00 3.266650522184217920e+00 6.390433300130490268e-01
2.464795645345354114e+00 -1.976303207658238748e+00 -3.000261946010726044e-01
-1.979791939322802730e+00 3.556446152365108748e+00 -8.262952737871643860e-01
2.870777820815321846e+00 3.252617984615145286e+00 3.326933974194873578e+00
7.211136546516010437e-01 -4.099268741438870656e+00 -3.557732486521398840e+00
-1.346755856777152260e+00 1.275137701355223419e+00 4.001088912345311499e+00
-3.442202771440326714e+00 -3.995120781074401051e-01 1.367545890757773774e+00
8.854365741777028287e-01 -2.756996830435682888e-01 -1.823016298626437104e+00
-1.711218152502084477e-01 9.202638357827086502e-01 2.158381532007624504e+00
4.091757659923386470e+00 2.041107417941438573e+00 3.936057023809737654e+00
-3.193570312624273155e-01 2.818993590262931281e+00 -8.883240344632289398e-01
3.415866942919600913e+00 -2.194462275096101811e-01 -1.904005878137305929e+00
2.745992021874155142e+00 -1.536018929869797711e+00 -2.544946909965525972e+00
-2.750061762662805442e+00 1.838055045805715215e+00 -3.708428688684899943e-01
-9.281741580011934056e-01 2.204833821433212382e+00 -1.691732879157991531e+00
6.339493335364862481e-02 1.629322577974287589e-01 -3.162288729639463725e+00
-3.501400467265220584e+00 -3.437687424899545707e+00 2.452040874057274333e+00
3.972716236683487612e+00 3.437907773402459011e+00 1.621244169378423416e+00
1.872463225258587327e+00 -1.765621673513432466e+00 3.625029689271822342e+00
-1.045832822297117826e+00 -3.584639425922059530e+00 3.045016452057889733e+00
3.403657710447821394e+00 3.366852975644737622e+00 -2.412445232227450553e+00
4.095271847444954538e+00 1.946478531161645043e+00 1.038574404035693399e-01
-2.373614025246086445e+00 -1.721687622079906901e-02 -3.072680724889512494e+00
1.594874033231839849e+00 -3.785962664438412784e+00 -2.385818886533781491e+00
2.519280471261348686e-01 -1.300269582320136230e+00 -4.055711422682049871e+00
-3.251333881238866574e+00 3.003790217699593867e+00 -1.888631015859362217e+00
-2.678393353688199419e+00 3.869041988219265704e+00 2.613491615103535004e+00
1.556462694684197512e-01 9.642449680988034455e-01 -3.787360323364982406e+00
-2.382471225694933636e+00 -2.906686520524389472e+00 6.171755626419724028e-02
-5.509293623396356310e-01 -7.287388077939874753e-01 2.644323647858176418e+00
-1.296532670776884277e+00 -3.201463044491532184e+00 -3.455479191983922060e+00
-1.435187676370788035e+00 -2.799331434358744986e+00 -1.812748574929003709e-01
1.809311448040416659e+00 2.867491376337553355e+00 3.123065516613535153e-01
3.393766861589443629e+00 -3.348914265679524327e+00 -3.421597540586954533e+00
3.805775940114421552e+00 -1.670342362331016739e+00 -2.484541618821771158e-01
8.474928644075619966e-01 -5.089837666329258825e-01 -2.781545376718365326e+00
3.261805676516903230e+00 -3.237186376063074245e-01 -3.832734944554601952e+00
1.670455766512964763e-02 -3.612587210299707863e+00 -3.186517478064651687e+00
3.131986314442672281e+00 1.810782919412568859e+00 -2.955093607649534881e-01
-9.315869516950767704e-01 2.187996278538482553e+00 1.063740239407795940e+00
-1.022208744521059032e+00 -2.261008585307715535e+00 -2.958451469882855900e+00
1.626051605367597741e+00 6.049812943185683967e-01 2.875727557197193640e+00
2.658795193010617730e+00 1.204710719297742427e+00 -3.969989488757220908e+00
6.581583689334544740e-01 3.127229272964543227e+00 2.290383481035912272e+00
-1.680910219606421618e+00 -2.768235798605344078e-01 -7.939187349244544167e-01
-1.416627368053686276e+00 1.343651999392573515e+00 2.909587407323892982e+00
1.919188456776502072e+00 3.391477313010041517e+00 1.098801905110500243e+00
-3.673164580301087057e+00 2.007483310633176199e+00 -1.862815976751025060e+00
2.824663130833646729e+00 -8.652552059657214745e-01 3.685991312231327477e+00
-2.308504871608229314e-01 -1.699690633086909264e+00 8.116394201413517084e-01
3.913915637221088151e-01 -3.707969486011207128e+00 -1.486269673582427897e+00
2.528737455546369972e+00 -2.068202963779187442e+00 1.341130854708872278e+00
-8.097804331993488924e-01 5.471450624162775833e-01 -3.636392869751282397e+00
1.873634552736218373e+00 -1.910568698568941404e+00 -3.340749059358242512e+00
-6.031388862184383637e-01 -2.123220287720091748e-01 -2.579351484706101427e+00
-7.357056415756467738e-01 8.522376621669591756e-01 -2.636498724747102340e+00
-3.881190940495188979e+00 2.889130453209699301e+00 -2.830882007850881732e-01
1.582708063528516229e+00 2.157134077888866130e+00 -4.102015146782189703e+00
-3.108298336994455013e+00 2.311249146696307211e+00 1.261520682319621445e+00
-4.037415709257581753e+00 1.432402635527723289e+00 1.873160805524857864e+00
-3.390627221393841761e+00 -2.363395098930506921e-01 2.445866505018465364e+00
5.323220702920157532e-02 4.875525373784315164e-01 -2.228379375275033158e+00
-2.643697915815841348e+00 2.011164890833180952e+00 -2.862753187908443575e+00
-1.486062037386171264e+00 -1.986931480026656205e+00 -1.315591937722212501e+00
3.738188628397791202e+00 7.619201373426441881e-01 -3.966537508608031448e+00
7.350090142731974252e-01 -3.588327628497934185e+00 3.277363283617948042e+00
2.034741946820437519e+00 2.660892616444815673e+00 3.092472492540693896e+00
-3.961957999154652743e+00 -2.508384287347001251e+00 -2.676858367171075948e+00
2.587902390423686860e+00 -3.821687927717887234e+00 3.700442818006098200e+00
3.714065872777462252e-01 -2.366496628990280460e+00 3.324501482595401125e-01
2.438512959032216987e+00 -3.351736728943109922e-01 -7.046779260392812549e-01
-3.375362885589192063e-01 -8.398513976385940660e-01 -3.368627029417423202e+00
-1.295722385536439925e+00 -2.460952902785068730e+00 1.583797252427393332e+00
2.916272644392662095e+00 1.393987549723322950e+00 -2.085512131244900758e+00
2.782790513866849835e+00 4.395893008044992611e-01 4.646174027356803071e-01
5.340722687208741826e-02 -1.754836174475409294e+00 -2.733987520119475434e+00
4.044442046516437683e-01 3.490993645404042223e+00 3.127822638860803028e+00
-2.319364204434366084e+00 2.031404703666557676e+00 1.783419456357643762e+00
2.125099925747188312e+00 -7.823744898120537083e-01 2.455865503880297340e-01
-3.395211827993495302e+00 -1.945584301869417443e+00 -1.063698418065554208e+00
2.548846210717390814e+00 2.961573662768518300e+00 -6.625366854983250064e-01
5.242868197466270530e-01 1.874800703694597059e+00 4.013911595994199999e+00
2.777875724666763801e+00 1.109894060009788130e-01 1.959230300775835820e+00
-1.736398299299182879e+00 1.479243030109662849e+00 1.004527296056673569e+00
1.039416758203606517e-01 2.406071546218250479e+00 -1.884538054030912013e+00
-2.250702923018924828e+00 1.590941004745253462e+00 -1.304545861458030975e+00
-1.627203678743074367e+00 4.646974812502687735e-01 1.041819159908874193e+00
9.321038772053267252e-01 -1.830343452564339612e+00 -8.064888274899735254e-01
-1.293426716713760083e+00 1.331875215672009727e+00 -1.916877749566236133e+00
3.598576797891515910e-02 -6.828943926460648295e-02 -1.424984186391786034e+00
-3.037192327606781372e+00 -2.106666309325089692e+00 -2.456508961765876187e+00
4.063366713068232272e+00 3.828313697504412527e+00 -3.363660778630507830e-01
1.425454941443132340e+00 -2.603004156102122657e+00 2.970182920774477431e+00
-1.380578984633284989e+00 1.783648123639904215e+00 2.104460513700084245e+00
-1.290920563245598895e+00 3.031557557402069669e+00 -1.278802218761636134e+00
3.380318664409319496e+00 -3.602207452835040513e+00 -1.984291238976442495e-01
2.266471061373677820e+00 -3.856172514667002282e-01 1.159446100644337507e+00
3.757077709252410802e+00 4.103372778113215102e-02 -9.617342613030657184e-01
-6.699270446969700643e-01 -4.986963242529573459e-01 -7.129982450939794658e-01
-3.836541319706185060e+00 -2.911790366814922759e+00 2.486350638456434337e-01
-1.282252269845700843e+00 2.955010441781153130e+00 -2.342464919556145997e+00
-3.490133579491796034e+00 4.216801652900183384e-01 -5.627870059610955433e-01
3.858416432756774039e+00 -3.981350227259843777e+00 2.194862697035411259e+00
-9.386537367421914357e-01 2.643592087768976917e+00 -3.441479908325849824e+00
3.242113187800469642e+00 -3.310027001555006620e+00 2.969820868301404460e+00
1.645767821960526511e+00 -4.031073998555568139e+00 2.783292569842137798e+00
-5.521448447141140692e-01 -2.301846793483343312e+00 -1.859542959225263248e+00
-1.358063728813687199e+00 -2.887463614478617213e+00 -1.731007894741985798e+00
7.543552908194952611e-01 4.061275795444374559e+00 2.452435345871159633e+00
-3.218784099618630989e+00 -2.660274275025103385e+00 -4.582726871532303292e-01
-3.744290172359199254e+00 -3.194780315852744579e+00 1.551714404356380195e+00
-2.674169074386320233e+00 2.988223046880692735e+00 -3.834290342684681940e-01
-1.753699756337705917e+00 -4.721903374500701078e-01 3.119097766842067188e+00
-1.504627932746515295e+00 -1.010365301038269159e+00 2.295377426120012831e+00
2.302830967506681148e+00 -2.947568928723094839e+00 3.043196230541260761e+00
-2.158251224412136793e+00 -2.778026054905924358e+00 -3.594426204859845431e+00
-1.896876653662080026e+00 1.322082510783618714e+00 -2.123838255345160686e-01
-1.191102386654669942e+00 4.128871460991609954e-01 3.389263618095873731e+00
-1.146068187462532473e+00 3.134407023540991766e+00 8.063934365329818998e-01
-3.808946776286143088e+00 -2.315164788176774291e+00 2.635813302014327064e+00
2.811757442309950950e+00 2.800136030681570354e+00 -3.248631462577602935e+00
-1.819622290834046918e+00 -1.949136339456009948e+00 -3.926881062801437672e+00
-3.078275761755268736e+00 -3.046623145344571348e+00 -2.608894174434719826e+00
-1.943516888258385089e+00 -3.815228539590445056e+00 -7.764676618427947263e-02
3.624378521379083007e-01 1.416125725351602860e+00 -2.936915549283769966e+00
-3.103317817109680909e+00 -3.997736783814920702e+00 -1.735389804366450184e+00
-1.679916898590324781e+00 2.081560348403159288e+00 -3.694754087338125714e+00
1.609361857499246984e+00 -1.447845346644173858e+00 -3.037087403703577770e-01
2.147142584590761683e+00 2.023140392774919860e+00 -1.053240266794425728e-01
3.215849761046702393e-01 -2.155453646153311364e+00 -3.534782144760097999e+00
2.112706268074940219e+00 3.049022393708496814e+00 4.095963183659640627e+00
3.445889822886561760e+00 -9.806154039076010465e-01 -1.202933234337854707e+00
4.069773296650027739e+00 -2.816592503044286211e+00 -3.753714053080223323e+00
3.288930184780567423e-01 -1.255045718334444560e+00 2.399468584409199412e+00
2.147297508404779176e+00 8.756235200490950499e-01 -2.741217842258039106e+00
-1.300761726998043821e+00 -1.379826452343934751e+00 -3.329912394243942586e+00
1.722677090398352151e+00 2.877288992405962476e-01 -1.461777632681897865e+00
3.382092285942736254e+00 -2.723709938238526362e+00 4.219446830215985988e-01
-2.044870275419172323e+00 4.070188366923478185e+00 8.380092946386650254e-01
3.694530698216855757e+00 4.225001178414561909e-01 -2.597319133105529865e+00
3.827301991064798514e+00 -1.791001845864431452e+00 1.675050181157230922e+00
-6.364434206996019694e-02 2.763190241483098664e+00 4.059844782458183587e+00
1.480477092497631375e+00 3.419447350969041732e+00 1.956782666606332155e+00
3.425470837986372086e+00 2.739774416785661693e+00 -6.501315236204091574e-02
1.331831605051994494e+00 1.264385541182619255e+00 -3.179738281344008488e+00
-1.802803288273377325e+00 2.709452119577159479e+00 1.391827657068327007e+00
