8.220706914434900980e+00   8.220706914434900980e+00   8.220706914434900980e+00
500
-2.293941876881915309e+00 3.505259489909909654e+00 -1.436088622941459558e+00
1.924023432433391578e+00 -1.845887181567023250e+00 1.455425269961801771e+00
-3.534598822332486900e+00 -3.450861623986376525e+00 2.559550518545980591e+00
-2.750538533067289904e-01 2.229460813010817333e+00 1.241415542839999109e+00
1.682273563507059144e+00 -5.293529790986097883e-01 -1.137264966965159552e+00
3.485376239670467502e+00 -3.508171556025279081e+00 1.363506398730038427e+00
-2.776409065169723522e+00 3.918008751882759988e+00 3.097336755481062021e+00
4.077835188753710760e+00 -1.519959589122061638e+00 3.134745956839330105e+00
1.021128809459184605e+00 -3.577340204359825027e+00 -2.588902207458550819e+00
-1.928269164439010863e+00 2.441393339657991657e+00 -3.125044247617120519e+00
2.990179349596565395e+00 4.322678833196273440e-01 8.967171768540174726e-02
-1.811066288106740085e+00 1.183790688300190519e+00 9.245880817380482952e-01
-1.819594943638288775e+00 -3.337161542801614367e-01 2.643713848524476440e+00
2.567687640710766050e+00 -1.078773644703353296e-01 -9.492568703479749015e-01
4.463524450195600068e-01 2.870674952979309857e+00 -1.041051620844332781e+00
1.851845874209425147e-01 -1.304479194191266345e+00 2.672506863167003921e+00
-1.263401291208010369e+00 -3.072943718775683397e+00 -4.057812914706634189e+00
-2.396897739375899672e+00 2.268451558506561216e+00 3.506749782257994497e+00
-1.978206371985152812e-01 4.087469019507715018e+00 -1.010400757910748570e+00
2.158576245520519077e+00 3.775771950124318099e+00 1.847392487976877717e+00
-3.552665915160299059e-01 -2.923350492211442830e+00 3.937609062474902721e+00
1.569837681234224958e+00 -7.544868777038964414e-01 2.392720104771586254e+00
-2.653919257954618249e+00 -1.602010670606986098e+00 -3.444552849732786637e+00
-1.312277991321725734e+00 3.059082686389244188e+00 -2.731743202041787999e+00
9.833435232695192374e-02 -1.961053749285945891e+00 -2.428875632123520756e+00
-4.102734767408147576e+00 -2.959168672714926007e+00 7.050705613819842066e-01
1.560985913127097113e+00 -3.408629051013273070e+00 3.211182569458473246e+00
7.133038041321562162e-01 -1.941256222980014767e+00 -1.426855225170005959e+00
-6.628734313296392733e-01 1.602390790389403907e+00 4.019404413501845852e+00
-6.325200223113071063e-01 3.293331860906785646e+00 -3.375072393389866754e+00
-1.462957024963677410e+00 -2.037810492935675788e-01 -2.187048990275537452e+00
4.088398975259764256e+00 -2.741326790139684721e+00 3.245436834742788879e+00
-1.872429605451942258e+00 -4.077220059401815533e+00 -2.478408857682055544e+00
-1.872605656149942455e+00 -6.100541993211691105e-01 1.694619896623773103e+00
-3.893460715661043015e+00 -2.611370194340350448e+00 -1.062078563852789870e+00
3.421707320140196185e+00 -2.383736794255191693e+00 -2.470468116289586735e+00
1.440033596209527644e+00 -3.813701475913397143e+00 8.912695779739203683e-01
5.356441846099897486e-01 1.788537853053462579e+00 1.022060986815452210e+00
-2.687706813745621037e+00 1.425115645872177428e+00 -3.534319670863807605e+00
2.475918014839212145e+00 1.514439494662414010e+00 -4.081276005976516075e+00
2.803253916409749635e+00 1.945091873354366063e+00 -1.431978633834017467e+00
5.267492330879730567e-01 3.001924419682665324e+00 -3.157463720286084907e+00
6.694012389616629255e-01 2.636192074968417565e+00 2.412631304424288192e+00
1.278666928299614813e+00 2.169824349795226759e+00 -1.581684880781057290e+00
-1.133720421796533095e+00 9.365759541555443990e-01 -3.138976170251265962e+00
1.981891394112461624e+00 -2.222941876694688901e+00 -3.662089928896371749e+00
2.310911048887722696e+00 -3.453682168269069042e+00 2.118109180668097835e+00
2.428632481822891709e+00 -2.683982860289588324e+00 -1.539909429070691838e+00
1.403634490976556348e+00 -9.863867164406305843e-01 1.301939777204801363e+00
-6.952230928043180436e-01 -1.132078641258702500e+00 -1.314997704102303322e+00
-2.585675586339923893e+00 -3.754343711226723279e+00 3.944190879535693472e+00
1.209768050113302351e+00 -2.507887433368178431e+00 1.650159056729080254e+00
2.624662263926124672e-01 4.109554381959613423e+00 3.741796963754957073e+00
3.952865989888817655e+00 -3.864493744071592740e+00 -3.292521599226176932e+00
-5.917998096636272187e-01 -1.217168602581286674e+00 -1.674554698886699944e-01
7.308931645037821667e-01 -2.242230507672845707e+00 2.504300473563136009e+00
-3.889907125992216663e+00 -4.007029294012198761e+00 3.880216810200201927e+00
2.066785802998302390e+00 -2.236787175969597641e+00 -6.890169015868627955e-01
1.163760224530812959e+00 -3.492899775744548130e+00 -3.822909363049445397e-01
3.203943893848520741e+00 -9.062572518278657618e-01 -8.325557741033775550e-01
-1.655950490962055710e+00 -8.854732557358991896e-01 3.442556357578459014e+00
4.495204712647278278e-01 3.684465770479450342e-01 -3.011131157344720144e+00
-3.433816017856559544e+00 2.097490547373105640e-01 -2.324910790404770555e+00
-2.090706691441476028e+00 2.524541408559731748e-01 5.236993099800746343e-01
-2.984146676212839022e+00 -2.890682348630714826e-01 3.633450451293044892e-01
1.920166497471880618e+00 1.257098650695398723e+00 -3.104766621928001236e+00
-1.745894722835014568e+00 2.075996828254418336e-01 3.466709708140458535e+00
7.771567825767792259e-01 8.443155330188264474e-01 -3.799106095241391756e+00
8.958552563905830546e-02 3.336719631507448991e+00 -2.936054976514832493e-01
-3.416401706709643271e+00 -2.213122060487426879e+00 1.170979041804519394e+00
1.017147094129461360e-01 2.553300690672505091e+00 -1.808311220074535486e+00
1.872301549194073378e-01 1.534083050564660544e+00 -1.528970069065079818e+00
6.525448900517264450e-01 -4.079119772285954681e+00 -3.278602843823340773e+00
2.320521904738377383e+00 1.099862975766394690e+00 1.903797006096664468e+00
-2.643905892199945873e-01 -2.995012127376351252e+00 3.024385868422805768e+00
2.946962122335735401e+00 6.334158623948584754e-01 1.245340887210393710e+00
2.868345593454452835e+00 2.721263156371567238e+00 2.406273624514227105e+00
3.881040497179867543e+00 2.258822774401274547e+00 -8.918833317314420195e-02
-1.906199697234056467e+00 -3.989080867578281175e+00 -2.360914305227290733e-01
3.757450367473585739e+00 1.378886434601420408e-01 -2.658607690132306356e+00
-3.044360248347315334e+00 4.084526616685631772e+00 1.165757103758137569e+00
2.900769959475960391e+00 -2.624315228921108023e+00 -6.255352131650113723e-01
-1.555231010041754791e+00 -1.767912912397251013e+00 8.653638883169332274e-01
-3.598518620808522694e+00 -3.558775061823219676e+00 -1.023460659740419221e+00
-4.442578411440156749e-01 -2.727607066145512071e+00 -3.030119687995841193e+00
-3.578718752577533468e+00 3.706784645469490158e+00 3.183996705884815093e-01
-1.940423963481844982e+00 -4.060509158659217022e+00 2.525926853136029493e+00
-4.046179671572502912e-03 -2.720275384711422273e+00 1.606660006449952993e+00
2.627162914588096587e+00 -1.033431958984611487e+00 1.615043480568586265e+00
-6.125382077302575778e-01 3.786843733478679308e+00 3.458723266584945222e+00
-3.932419172474306279e+00 -2.854921376750118256e+00 1.732931650945366941e+00
1.063793708543104843e+00 2.605339996236684552e+00 4.070014378414025025e+00
-2.426499490194936826e+00 -2.299330633772408650e+00 3.672830395785696034e+00
3.108729387807411815e+00 -2.126249835867517757e-02 3.977352668667831992e+00
-3.265470030831160386e+00 3.053361460616637935e+00 -3.990797577981122668e+00
3.508655931493518398e+00 4.533109470400297769e-01 2.389035356392871012e+00
2.475982510917030144e+00 3.101809646289851674e+00 4.041755200675896553e+00
3.402063494673348010e-01 -2.424623699770181329e+00 -7.398952179226784276e-01
-4.038511790782639110e+00 3.835377094108244567e+00 -5.367387255862241524e-01
-1.354579692651674883e+00 -1.482427208947488584e+00 -7.088819562690270581e-01
-1.460666290425714164e+00 -2.493098492388409859e+00 3.480044434351591942e+00
2.835890524768004184e+00 -1.265826194432823071e+00 -3.607604243482725792e+00
9.289839920469198375e-01 3.712893140689200067e+00 -2.261799528776620161e+00
1.044683395744191445e+00 1.105089291347205682e+00 -1.876602011087481203e-01
-2.612935088916127579e+00 -2.370732550044008402e+00 2.783646677950115222e+00
3.541165673809735015e+00 1.289510565528115160e+00 -1.555102776791728036e-01
2.569386858702278897e-01 -3.014954958985684996e+00 -2.398325917713711508e+00
2.017380143283617588e+00 3.748262498855852165e+00 -5.471300046364251379e-01
-1.401197882457758670e-01 -5.707457775830125923e-01 3.904638893314660297e-01
-3.620723766584002856e+00 1.998476246420067604e+00 -7.851590373082111274e-01
-1.476256341100355973e+00 8.998775789165461836e-01 -1.288028328378034271e+00
-1.588072161962546858e+00 -1.315796288917057577e+00 -1.996821603127635791e+00
1.568032670236981341e+00 -2.187885893147358818e+00 -1.991310614502438181e+00
3.105653211775392109e-01 -1.395936361227292810e+00 3.934780543889754512e+00
3.838852727645619911e+00 5.141754377035978596e-01 3.398234836517910917e+00
1.395063146439070367e+00 4.191484276127891428e-01 3.636113788372160371e+00
2.681017220240595744e+00 3.533314770154713624e+00 2.902265223584191922e+00
1.834588371777305937e+00 -1.735266022290194332e+00 2.461707924577069662e+00
-1.098476270964660273e+00 4.788318213319962546e-01 1.042118383559818673e+00
-6.557489553681743466e-01 1.680693290394367878e+00 -2.049969518226041065e-01
3.758999736039588591e+00 8.648892061930045783e-01 8.403810476759845383e-01
3.103121825483297513e+00 -2.744126828253142136e+00 -3.795100395160903695e+00
2.893330990425551530e+00 2.546376755149375892e+00 -4.266915949718028123e-01
8.739680483462377580e-01 6.087599868048203522e-01 -1.066114693554191417e+00
-2.819628169839755394e+00 2.393306915269244772e+00 -1.114470736629747050e+00
-2.738194138019052648e+00 1.308715639244965256e+00 -2.543004972610033221e+00
2.064433068436855478e+00 1.705549295459184878e+00 -2.180252560101131998e+00
-2.027720281850336814e+00 -2.118153951747653529e+00 -9.381758238713684417e-01
-2.596766680821382955e+00 -3.814510543980856205e+00 -1.007719247926051276e+00
4.099064292572751178e+00 2.449333236991657170e+00 2.413918957755551542e+00
9.593736413783915395e-01 -1.510086375696512606e+00 5.557470820730436856e-01
3.833908015153688620e+00 2.054067362062664159e+00 -2.826450443268015533e+00
1.210033477718586603e+00 -1.826282261658944028e+00 3.487989129350846707e+00
-8.740444632805994818e-01 2.508571668800517962e+00 -2.034081204195397508e+00
1.223336399953940390e+00 3.140521970258882689e+00 -1.475342682321440391e+00
1.567399456173824701e+00 -1.558759976126547375e+00 -1.315759837651323760e+00
2.907456534197044196e+00 3.110516281795833393e+00 1.514827992484501840e+00
-3.190433550360789905e+00 -3.124115413735709446e+00 -2.553475194585399510e+00
2.075543832497642072e+00 1.885895838183190065e+00 2.361900901991508928e+00
-6.994335127473761959e-01 1.473366274386652242e+00 -1.137095399413365682e+00
3.568927687195663445e+00 -9.991308169487993496e-01 2.383199197544685788e+00
8.531222872629400378e-01 3.785843454442002542e+00 -7.573693558263751013e-01
-6.635987594975509274e-02 -1.590311635204916252e+00 -9.035592215116864390e-01
-2.524605059592619938e+00 -3.446680302628014836e+00 -3.271823557739482080e+00
-3.147960464659929070e+00 -1.201309577656333838e+00 2.373768377789765793e+00
1.642284012219378475e+00 2.627935935441155779e-01 -5.015698689162018109e-01
-2.496799342254431231e+00 -1.751693535775833421e+00 9.318411780910703657e-01
-7.853836930246053116e-01 -3.163988198250790695e+00 -1.200029132218924932e+00
2.853999212087999560e+00 6.489481624069145527e-01 -1.785615953669909661e+00
-1.348421363962087227e+00 4.022297587949426934e+00 5.397297191982872722e-01
3.789472903825365169e+00 2.477905675943664399e+00 -3.776167126491360548e+00
-3.221870881233215300e-01 3.012756178267105511e+00 2.612386706524998381e+00
3.867085202443309555e+00 -1.513921521997738662e+00 -1.014653457413701831e+00
1.096924684575680264e-01 1.028427088800812683e+00 -5.724004804304796412e-01
-8.307437751585449170e-01 -1.653248386725816865e-01 -1.354498756333055942e+00
-3.912042792676713177e+00 -1.441423620971547193e+00 -2.919883903225410027e+00
-2.357945960565196231e+00 6.666757793613251604e-01 -1.170060892206337577e+00
3.620770856200128840e+00 -1.138824145022790058e+00 1.461347875326010515e+00
-1.510899015720659655e+00 4.088706224694527158e+00 1.625528901703211293e+00
1.005504430240061309e+00 -1.447250106554758720e+00 2.185660606960666108e+00
2.623342215801200972e+00 -1.559925447788100827e+00 -3.723238328255046303e-01
-2.549455152680005110e+00 -1.616481282899932870e+00 -2.028612917101554558e+00
1.407931012243074376e-01 4.575048010989308384e-03 -5.667616381768831868e-01
2.099546590411597080e+00 1.628088985108198550e+00 9.927254770077453827e-01
-3.380913860959188444e+00 -1.284675520413069538e+00 -4.046625281885625647e+00
1.850355255219904516e+00 -1.971562463137139787e+00 2.602829782581032037e-01
-3.534790169182703834e-01 -3.769032906495101809e+00 7.542337793518169575e-02
1.114138171241259301e-01 -1.961501413354236334e+00 5.488668673299516021e-01
2.573658331783940323e+00 6.409739271707798336e-01 -3.537437909345237941e+00
3.019287778862359772e+00 2.845162109426897956e+00 -2.016927514667255394e+00
6.829561952288020210e-01 -5.983435884098956548e-01 1.723683415527000218e+00
4.439701702178482368e-01 2.051844988134313930e+00 -4.990412456757809534e-01
-5.907118784774736397e-01 4.101426034733815840e+00 2.053480347897816749e+00
-6.967350684810665884e-01 2.222449918872605235e+00 -3.023196758807190410e+00
-2.177291287100529549e-01 4.054027548572662454e+00 -2.660011451155080753e+00
1.885610338278465692e+00 -3.030363860943635856e+00 -3.053213087330812758e+00
-1.699802117858239647e+00 -6.977431063367443009e-01 -3.800871012811835037e+00
3.857924849036732606e+00 3.530441307105794291e+00 -1.885003857204958111e+00
3.736217221933124222e+00 -2.294933809378760792e+00 2.482205044393101634e+00
5.615238404797440186e-01 -1.884424299021378646e+00 1.406814403699127025e+00
3.992544127944676724e+00 -1.576700385722318076e+00 -5.858765176387580736e-02
2.438368974922365595e+00 -2.383922535841436208e+00 2.324568378467921193e+00
1.238533718396649830e+00 2.669956329976485687e+00 -2.456178280985728435e+00
-1.660870720799467959e+00 -1.849198605635309134e+00 -3.370740379910156737e+00
1.027435460310878040e-01 -2.917782435410907649e+00 5.073831115739487752e-01
-2.701644092548566078e+00 2.304901659792563340e+00 -2.435291933041232149e+00
2.971047941621231203e+00 -2.277193620603128910e+00 3.057604174805052200e+00
8.516441705539036511e-03 -3.908803323668652130e+00 2.805221486806049658e+00
2.373314349805786705e+00 -3.586456776667869661e+00 -8.991409197626258898e-01
1.464067197497443074e+00 -4.075047695395562108e+00 -1.449980349818543068e+00
3.142522177913615433e+00 -3.203872488490704384e+00 -1.961037009743994419e+00
-1.040471168790880752e-01 -3.100400361684473971e+00 -5.211207131547758165e-01
-3.436699752010897502e+00 -3.468195951579568614e+00 -3.718170006962695062e+00
3.253542910786955566e+00 1.338466477887915618e+00 2.158653461300859888e+00
-2.779414641507973904e+00 3.614691194092062076e+00 2.069325776008340334e+00
3.672264444840829811e-01 -3.864363090218263519e+00 -1.795057856092969528e+00
2.793271424882125764e+00 1.373342121552070916e+00 3.623285341222701739e-01
3.160626251182381274e+00 -2.940553238105746203e+00 2.122116486995375695e+00
-1.365614910258090564e-01 5.282411930424237845e-01 -1.451568761582407552e+00
1.285981416721651671e+00 -3.451223236025040109e+00 1.925876024203101666e+00
1.552202822359729728e+00 3.909268820978576198e+00 -3.008349391124328864e+00
-3.666627779969660939e+00 1.530931329475216263e+00 1.637518532009437089e-01
2.214537504530618595e+00 3.269490457993445176e+00 -1.444004759914357061e+00
6.930594836407341086e-01 -3.195685657939201896e+00 2.795196858646636695e+00
3.832860422346652918e+00 -2.506890380579247957e+00 -2.285555391141563808e-01
1.351673442120784552e+00 -8.480650473088280350e-01 -2.004269158527387962e+00
-1.470060587517816764e+00 1.086296990722499967e+00 3.505865615859162787e+00
-1.481603409947361394e+00 3.547485074915639913e+00 -8.741092109349211103e-01
-3.824942783080776731e+00 -1.725942950192921765e+00 1.911251392150244088e+00
1.142639576483440722e+00 -2.042807175144790488e+00 -2.873639569367531621e+00
-2.215828327564784761e+00 3.235253589831364351e+00 3.786259029947893762e+00
-1.563357087055587069e+00 -2.194232360954056826e+00 -9.126474067999065798e-02
2.175932154905078519e+00 -3.504603736321080243e-01 3.279897845217729202e+00
-9.944979272094178757e-01 -8.169161896375474186e-01 -2.662321468447463868e+00
-2.335322634978916234e+00 3.300863174851278004e+00 -2.433062274498089206e+00
3.778687829716469881e+00 5.120202326069925869e-01 -3.575320185267269135e+00
-3.740760694165599975e+00 3.257148743957706927e+00 -3.121663726238671277e+00
-1.651597781369925411e+00 -2.317405086554455984e+00 2.586848576154083812e+00
-2.594733370575459386e+00 -2.422315557496242278e+00 1.771923711174118621e+00
-1.140000671354221895e+00 4.084631571323490640e+00 -3.162776325848052128e+00
2.397394251419779465e+00 3.881324023022180825e+00 -3.544528977119431268e+00
-9.252354438005326864e-01 -2.047018905801175848e+00 -1.777788881483277406e+00
1.665210506201924845e-01 -4.934178814775865285e-01 -3.712307190122986711e+00
1.549040101419221882e+00 -1.115676060709740902e+00 -3.340038156136440950e+00
3.065276166191943652e+00 -1.992883549839468138e+00 -3.226771486868858840e+00
-2.619884832661578677e-01 5.528640873353090068e-01 -3.943509156813429950e+00
-2.610038187308080904e+00 -1.442477058408036417e+00 1.371639061153347335e-02
-3.956548418252669119e+00 2.358477073939700741e+00 3.559968344039914356e+00
-3.422690134250709448e+00 2.261931831408551474e+00 1.414407219101390778e+00
8.727084455012943387e-01 -2.855640977890247623e+00 -3.361231988189830044e+00
-2.274316564074389202e+00 3.493780057990972243e-01 -3.672068116647966729e+00
-2.123404001663660612e+00 -2.611215700613174207e+00 -3.672272763171776422e+00
7.964123221321162127e-01 1.784803499635660540e+00 -3.306405016043478362e+00
-2.313175422908479106e+00 -2.655401264472673883e+00 -1.752863855209316535e+00
-1.233452876658627018e+00 5.084762858726122881e-01 2.689353886831823193e+00
4.084591037648718226e-01 3.250716951871766014e+00 3.197122718447236167e+00
2.431104675755942690e+00 -1.265210166015206195e+00 -1.338459543625618142e+00
-1.684116326949121945e+00 -3.884861782944383446e+00 -4.070507921450117195e+00
2.104690274688336249e+00 -2.416588538790230001e-01 1.107701936446078839e-01
5.567577270496689712e-01 -3.872220835262399685e+00 3.706604124095785879e-01
2.455009875500237637e+00 2.277204925396873580e+00 3.285678773606631076e+00
2.438913880911832699e+00 -1.541687212374500682e-01 2.163277146374235294e+00
3.419177968769625320e+00 -2.293390317548854807e+00 -1.475893622527682858e+00
-8.050049451626520858e-01 1.568648738509478502e+00 1.576929521151246183e+00
7.206871692242133864e-01 3.462605216034500444e+00 -4.009127423123142187e+00
-8.364710732045853581e-01 -2.102063263212160527e-01 -3.322385136068600975e+00
-5.851880529457568203e-01 7.576579802682098519e-01 2.045978071257041897e+00
-7.100340892409555682e-01 -1.590604085941333512e+00 -3.091139562875854896e+00
1.303794419859520826e+00 -3.145872442364046506e+00 4.053497937813884455e+00
-1.520245687444333083e+00 2.617766414930089436e+00 4.095493047566082012e+00
-2.055977690320191509e-01 -4.862150577208993463e-01 1.361246449266810155e+00
-3.741380761444944802e+00 4.080446192866935107e+00 1.871308994551576399e+00
-8.391790876773588259e-01 -2.829612855425006401e+00 2.108519135448741366e+00
2.631908673121025277e+00 2.644830666318677803e+00 -3.260710648467433970e+00
-1.986309366357310147e+00 3.360389403536899522e+00 -3.399315565301003872e+00
3.162964471423018953e+00 4.108311054303010579e+00 -2.508479908416302528e+00
-3.027062384255572614e+00 -1.580140035338422955e+00 3.315469980209333478e+00
4.175836016831488973e-01 -3.230279280705078637e+00 3.844980098705023774e+00
-3.495102212170506650e+00 -2.506821350433122486e+00 2.511072263305913488e+00
8.221975886008279222e-01 -5.289335803794628088e-01 -2.874750386011310166e+00
-1.470625780909461167e+00 -1.153374410670129135e+00 1.318126113028174062e-01
-3.659588370389213807e+00 1.677700397744378069e+00 -3.936096970293611275e+00
1.312849118773392165e+00 3.507626746517134464e+00 3.195492452386562432e-01
1.350447247834773989e+00 -5.627054648658696978e-01 -4.081165707244444718e+00
-2.116111671195046728e+00 1.711129472838548438e+00 -7.465358777343987784e-01
-3.625981690601255636e+00 -2.191625930828800417e+00 3.913782115081006818e+00
1.118380092636905188e+00 2.026739680791711962e+00 2.441816439601324773e-01
3.536910286616397947e+00 -2.101381851988700866e+00 3.816847532940671250e+00
2.409310475230801885e+00 -3.880780959790955720e+00 -1.919747591283344823e+00
2.075039082365916165e+00 -2.808661719430006976e+00 8.753195160995507207e-01
9.720236291012120944e-01 4.083545333097882590e+00 2.813725901267291274e+00
-3.779718896903706771e+00 3.812196302771290846e+00 2.957620266652092322e+00
-1.160869851219873627e+00 2.701799336568150522e+00 -1.077453553896690952e+00
-2.597280556928128092e+00 7.926191104427104950e-01 1.165337736616069098e+00
3.557079778008965576e+00 3.844320331151520609e+00 3.211657118393313581e+00
3.643081626562057806e+00 1.940720617713293406e+00 -9.930022853447021403e-01
3.034174536660569355e-01 3.446088150058287947e-01 1.841807242971676750e+00
-3.449003360464116597e+00 6.672502104808272216e-01 1.866632822738454323e+00
3.724475309284299485e+00 1.141711516346709310e+00 -1.615115242636537163e+00
3.376343075808168059e+00 1.963026188214952450e+00 2.925892905966603674e+00
1.956918569615475167e+00 -2.689581435596861692e+00 3.697704779474633607e+00
3.015678370674941267e+00 -2.933622041981520656e+00 4.951932243583274107e-01
2.397949718547894626e+00 -3.244888481313317752e-01 -3.378573889614350900e+00
-1.258503227726300411e+00 3.932651832000165215e-01 -3.913370021193103288e+00
-3.394559878594321845e+00 -2.041515707048278117e+00 -2.547465725444587048e-01
2.892935564792388448e+00 2.349224645643214870e+00 8.605699798449901738e-01
-1.674078947976690712e-01 3.436500737181250820e+00 -1.697908822221400937e+00
1.541922581498810452e+00 1.484138671861362502e-01 -2.090638704469878206e+00
-7.237023230013510666e-01 -3.194580220544921190e+00 1.044702040361417117e+00
-3.183015661629204907e+00 3.026837644540015582e+00 3.219470008079156287e+00
2.037935632152587107e-01 1.334308895671519668e+00 3.693072815265082465e+00
4.007047242552030930e+00 3.341010579632895938e-01 1.298522085519271674e-01
-2.516351914280621216e+00 -3.612639941252809184e+00 -2.002368342592388384e+00
-3.585166279893752694e+00 3.153060670816743460e+00 1.395271913290234478e+00
-1.458208780190255904e+00 3.049929838020778661e+00 1.877215394514158753e+00
3.705157515453288752e+00 -5.543980096113653167e-01 -4.680821338111742363e-02
3.590588768315589707e+00 3.429882588101783814e+00 2.215505661930143422e+00
1.674518495683595010e+00 -3.112017733441380773e+00 -2.101092389053831777e+00
-3.337683964453280194e-01 -7.012591467715706406e-01 -2.013926162011698384e+00
-1.320047590528783399e+00 3.581499192380810825e+00 -1.811038673418970735e+00
3.983080502657210253e+00 1.515835290219783582e-01 -8.393741413685410491e-01
-7.393965762559281396e-01 -2.188190587688551236e+00 -3.853341752862154745e+00
2.205528061499630432e+00 -3.444107915187778257e+00 2.446400442996419372e-02
-2.727568449541128093e+00 -4.134872789135005111e-01 -2.969073372296637814e+00
-4.016619889457231807e+00 1.452775469089009786e+00 3.186746121553474254e+00
1.121523743726248856e+00 1.406902078340082740e+00 1.887919525477468330e+00
1.916192757042653350e+00 2.860920678221425817e+00 2.077430149836194673e+00
3.152019838674279928e+00 -3.299145616156608618e+00 -3.010535111469750724e+00
1.222462681427409104e+00 -2.569993726283825275e+00 -6.220593706868077222e-01
1.406058203176001387e+00 3.290849048467051619e-01 5.229206825996556285e-01
1.548293281291750478e+00 -4.016311970788980723e+00 -3.877258415437137451e+00
-1.900537690036646354e-01 -2.220022302050411511e+00 2.477446639175642229e+00
2.273893117720125367e+00 -3.415318929973514717e+00 -3.848552886037696741e+00
2.120208982339274684e+00 1.880278741055001701e+00 -6.858622419925828329e-01
2.165421124784306262e+00 -3.517247682633916628e-01 1.098998391200588731e+00
3.064419641114152881e+00 -1.729566872169740810e+00 2.213794804207107170e+00
-1.207680780277312627e+00 -3.156975569970612128e+00 2.935149501148211826e+00
-3.956763270308770952e+00 -2.628353208873153601e+00 -2.054857216192093716e+00
-2.153931692808753962e+00 8.779136406333543086e-01 2.862056718625164198e+00
1.629412072608830364e+00 3.403285639953774311e+00 3.905836646011335844e+00
-2.491548311441422747e+00 3.683538248052316888e+00 4.278217058395960004e-01
3.258607357985268571e+00 1.457488227674723857e+00 -3.369041589084859289e+00
-2.293067305116041066e+00 4.534240159327184716e-01 -2.151504468283595539e+00
-9.725040255661304700e-01 5.915696870386355499e-01 -2.096079610112939751e+00
3.659328849540158579e+00 3.077156091996946508e+00 4.528531163446632424e-01
4.803832693124442388e-01 -1.167989082158208181e+00 -2.045986320560172267e+00
3.621458372183944174e+00 -4.447561117975680212e-01 3.191086407314668083e+00
-3.912365671428214009e-01 2.539788649277907151e+00 -6.919498699738516612e-01
-1.303385404959389149e+00 -1.641099487490526920e+00 3.891427373899401410e+00
-1.823664024998048250e+00 1.620238368138152030e+00 1.808619831796174360e+00
-3.106275117562019794e+00 -3.706221898232778145e+00 -5.905081811022296068e-02
-1.222981260208644283e+00 3.024985142587236719e+00 3.151315341286146765e+00
-1.065058503951627156e+00 -2.377490081107440201e+00 -8.287739970923140298e-01
-6.560223392725048619e-01 3.323642139989290367e+00 3.067745572267748244e-01
1.034246393187033153e+00 2.076625894954730267e+00 3.156823809402193426e+00
3.155913873730662011e+00 7.898114081856575375e-01 -8.158984702054116189e-01
-2.334315284687937808e+00 -3.279829862426559384e+00 2.975160518719925484e+00
3.906794672510294220e+00 2.939166563537740640e+00 -1.034569204002876885e+00
-3.085686307510506765e+00 1.038028199943424434e+00 2.993696501766410112e+00
1.307845531315052101e+00 1.246076067578955948e+00 8.326298846477403481e-01
5.829223631051866361e-01 6.807030433418559401e-01 2.932585885426863825e+00
-8.541732470098782892e-01 -3.414879307884602921e-01 2.974970856080815906e+00
2.495844587978252260e+00 -3.124499224918256601e+00 3.057279531660054950e+00
-7.672754237286981693e-01 5.669889481704147860e-01 -6.749255986758633252e-01
5.802820554908345585e-01 3.275241534424099044e+00 1.507254594302057882e+00
5.767870423727519125e-01 -1.525669277436778604e-01 -1.600384352021475554e+00
4.032312621950366882e+00 1.172564777590354268e+00 1.633531140410280358e+00
4.522324654982660119e-01 -2.439496541000301555e+00 3.428983761836428279e+00
-1.598148702637137930e+00 1.892292416216534656e+00 3.907782294322170724e-01
-1.048941436805105598e-01 -2.560363796898433630e+00 -1.661723661980367917e+00
-6.164912557266337689e-01 -1.330502550640301429e+00 8.485431790436390731e-01
-3.655901073234983478e+00 -1.033758062704545289e+00 4.235656711205980640e-01
2.845488996503533485e+00 -4.058808128277001437e+00 3.794709098297250893e+00
2.422448146628332077e-01 -1.964845332247098675e+00 -3.428758285412492945e+00
2.519726236643722306e+00 -4.044223543106773455e+00 8.443590501548924321e-01
1.980514426326322797e+00 5.810865155458471154e-01 2.583678250388302455e+00
-1.621053624861954701e+00 2.361343794820087716e+00 2.463267582248696019e+00
-2.515668801705218893e+00 -2.642617599992002075e-01 -6.330952239020222194e-01
3.337655608315399203e+00 -4.003535294594501082e+00 -1.219500807341762583e+00
1.978274171802955061e+00 1.157191541356105358e+00 4.191427326655460667e-02
2.707505816895732220e+00 1.287491055708845034e+00 2.991694079360869285e+00
1.219707325687890531e+00 5.206859981101686907e-01 1.506377336817471990e+00
1.413792317007857902e+00 3.108446669967068754e+00 2.986551453558259794e+00
-2.849838815173789008e+00 1.364548732238764217e-01 3.543278891535373898e+00
-1.096337125379250432e+00 3.381121909472339482e+00 1.115180833475481803e+00
1.513872564673671928e+00 -1.297998842468033542e+00 -3.551902072267506538e-01
-1.841283532624011565e+00 2.821562766788548338e+00 6.998398205603874045e-01
-1.651766890359972262e+00 1.438479522790721277e-01 -5.241292538190518435e-01
-2.646398732077380522e+00 2.386244945503416037e+00 -3.736309290359802748e+00
-1.837765849511829641e+00 -2.315655723034326652e-01 -1.401733331965630880e+00
-1.878105337184938772e+00 2.607165042366621943e+00 -1.804913685709634841e+00
-2.783499769132955048e+00 -2.861956486645753195e+00 -6.480431335404653881e-01
-1.740258428256207246e+00 1.556174497387142308e+00 -2.687296764240859392e+00
-4.063280474280770882e+00 -4.102579194258249018e-01 1.053015841493414761e+00
1.319758302317925125e+00 2.604564995199447619e+00 -6.251309573423529109e-01
-3.296087235783487834e+00 2.548002304811547436e-01 -4.490721515219763815e-01
-2.946636300387285079e+00 1.247774544458762458e+00 -5.524847240831600725e-01
-1.529375592108523474e+00 -3.063767251709371031e+00 -3.068791536212183590e+00
-2.240345342135109163e+00 1.659781912622884548e+00 -1.761190438677263215e+00
-3.443308513814569150e+00 1.315040492163414010e+00 1.021975665709891734e+00
1.909767395499677667e+00 2.322149644017701409e+00 4.103725126651228905e+00
-1.499087609565318724e+00 -3.975677819892728504e+00 3.264579971597671548e+00
8.866858927383929334e-01 -4.641907786109419343e-01 6.172939992649697505e-01
-9.970496476734251878e-01 -3.984968268765749055e+00 -5.527382218983344364e-01
2.811358739765722703e+00 -8.175467334678560016e-01 6.510534488260863450e-02
-2.532705626016192646e+00 2.110417299125070478e+00 4.184984990798511217e-02
2.147353091796336599e+00 -1.673471206686686141e+00 -2.794353129912225064e+00
-1.831549659620871795e+00 3.348425872808078019e+00 -5.993217125037271498e-02
3.474727477274331733e+00 1.427706198547352257e+00 3.899037799278031624e+00
-1.618349251562730018e+00 -2.204916349405161125e+00 1.666899276393766893e+00
2.688313050094651491e+00 -3.813575443608555049e-02 -2.484304911026472329e+00
1.521768306635132850e-01 -3.000135150974984066e-01 2.598965720693785286e+00
-7.326214076340618053e-01 -5.454509398150355626e-01 3.956174732320818066e+00
-2.463011136893356934e+00 1.802265434034743263e+00 2.580414310380723997e+00
-3.337454738427741763e+00 2.816278495197908960e+00 -2.555249395663187206e-01
-6.580526443903117473e-02 2.244792977636105746e+00 3.439410842327251139e+00
1.802539593384917094e+00 1.389410679894552469e+00 3.216367759950533589e+00
-3.613240499171193942e+00 -1.317745903383668038e-01 2.978664290465543374e+00
-8.721116194887124085e-02 -3.456009147318122920e+00 -3.510519085647047177e+00
-2.135242105987793071e+00 -1.102090215432776965e+00 -1.167403709732219408e+00
-1.335500219158752166e+00 2.056553841477618327e+00 3.331473310355992812e+00
-2.194839573024010448e+00 -3.651268910622287311e+00 8.230589868037889723e-01
-2.508735563907181554e+00 -2.850349506355709828e+00 3.714297525647195508e-01
3.700293216581653777e+00 -3.690028863025717865e+00 2.455930327944487512e+00
3.557532140321739256e+00 -3.332907633284312610e+00 3.885360554450391746e+00
-2.997252877078234512e+00 8.382845002946808233e-01 2.794678770251229905e-01
2.883433969287302112e+00 3.349862254443526921e-01 3.064592699172653756e+00
-3.507049855333760568e+00 4.415335107434090745e-01 -4.023421941894937071e+00
9.790886611081975888e-01 -2.603084241314398639e+00 5.326402390614822790e-01
-2.339626022661378535e+00 2.178633922623937735e+00 1.196787896371606541e+00
4.054084304837553887e+00 3.341666131385945260e+00 3.943985842842062883e+00
-1.244194415829135369e+00 3.499395673331973100e+00 4.061641375283588928e+00
-3.956644501606371378e+00 -5.316087263568732846e-01 3.909281062846674537e+00
3.314484791023720955e+00 2.748104630830411566e+00 3.468405700461518748e+00
1.356786321604590118e+00 2.340912909849031109e+00 1.315451712313902455e+00
-9.574229180096294201e-01 -2.275446348412897002e-01 4.056316716790644983e-03
2.263224459255386289e+00 -8.495978411804840924e-01 -2.168080202655467748e+00
3.034378290163607161e+00 1.538850062211458480e+00 -2.404301274229831975e+00
3.799694716348683166e+00 -3.887329432880241686e+00 4.814526343082952686e-01
2.958606852982972324e+00 -1.185639387026734992e+00 3.514085124432623886e+00
-1.771554354011980692e+00 -3.163478812955053510e+00 1.977085131633834036e+00
-4.715832844687476433e-01 -2.215403867702244067e+00 -1.977642287608784855e-01
-3.332452768137078358e+00 4.098385918189295651e+00 -2.034303429469240143e+00
2.566170563565564056e+00 3.287426058292699071e+00 4.722683678420589448e-01
1.430916520783953150e+00 1.218739273194798356e+00 -1.621469007032734444e+00
-4.056695967479911680e+00 -2.916282130478940360e+00 -3.133811366498159945e+00
-2.962632737494673152e-01 4.049064124632647754e+00 9.611863962653837135e-01
-3.811403974417231666e+00 -3.894992543548189690e-01 2.047430716312111709e+00
-9.657999453964526415e-01 -1.939108272125305288e-01 1.856685566167201262e+00
2.154020648354403988e+00 9.013816835267912664e-01 -1.113287577121893079e+00
-2.341036721261487319e+00 -1.451255895268083185e+00 1.838094765526694374e+00
-3.709745091631160285e+00 2.552079477605440072e+00 6.000806261140647635e-01
-1.933151077253367323e+00 6.607835174179521598e-01 1.945126822254327426e+00
4.075076414565035776e+00 2.572990806903067806e+00 -2.006785425691258506e+00
2.327528006517276093e+00 3.418908220610659576e+00 -2.518966230871469314e+00
-3.219257168641382005e+00 -3.144389531430241469e+00 3.492244742568725524e+00
-4.667065767101773455e-01 3.020084670747187339e+00 1.684428924800813521e+00
-2.453194263600040337e-01 8.320596793129488855e-01 6.556336693205244703e-01
-3.167077445969436744e-01 -1.538696910017100850e+00 1.821511302077216898e+00
4.465222789421881555e-01 -1.168400450271868118e+00 -2.483503014743553283e-01
3.687858832340934701e+00 2.068390403027046354e+00 1.604380014548032474e+00
1.153951306209505034e+00 6.346794023844461174e-02 2.471534710635600263e+00
3.192648257141577961e+00 -2.562675796053767163e-01 7.730923418166535388e-01
3.807100676704255449e+00 1.814996477045255352e+00 7.134721256263373279e-01
-1.798855855290774963e+00 -3.138466470304122957e+00 -5.875316362379662261e-01
-1.204865187067976295e+00 -4.519270488836372723e-01 9.389460345560718402e-01
2.964760284185318007e+00 3.951579819078588240e+00 -2.434037602346698359e-01
-2.760343746168387291e+00 2.137844492170092592e-01 2.427285432763389039e+00
-2.482505617319926028e+00 2.839760740772431014e+00 2.569757105181258883e+00
-1.633620049334796764e+00 -3.766291301222445487e+00 -1.383609251297164722e+00
1.347767715571522640e+00 1.584644588003865540e+00 4.088126432917605690e+00
-1.453560315917223900e+00 1.777251769094024825e+00 -3.657160817449692125e+00
-1.469219553274843992e+00 1.049443599789334547e+00 -1.043561186372613941e-01
-3.431286601286865690e+00 -1.863835913373712128e+00 -1.623265675945074094e+00
-9.030767113318253214e-01 -3.194111746332333190e+00 -2.117949212998520903e+00
-1.470995556437179275e+00 -2.719034511813448241e+00 7.569621761654024006e-01
-2.962293750232941392e+00 -2.190500444689695403e+00 -2.714998794763402223e+00
4.369908177754767142e-01 -1.554512893233232218e-01 3.627076585089772376e+00
1.851489876651949640e+00 3.974655398567996656e+00 3.056513828891911810e+00
-2.576582133334809122e+00 -7.501259055468874060e-01 3.136713540090930064e+00
2.970554152848790874e+00 -1.152351601378142965e+00 -2.731998695747317463e+00
-2.790589643623368143e+00 -3.580194945177440413e+00 1.954231898404911183e+00
-3.085069473947906982e+00 -1.271721225984923098e+00 -8.010377691589757321e-01
-2.238910333190571311e+00 3.424264093352844984e+00 1.322681635344192141e+00
-2.799846914654454122e-01 2.457337710395250507e+00 -3.845648077936192344e+00
3.323018522046159440e+00 -2.015826290828033329e-01 1.723476684450870655e+00
-1.236677473840902985e+00 2.301597626581081357e+00 1.224463809445069939e+00
2.207811674149910086e+00 -9.268189809457265671e-01 4.047298356575351974e+00
2.021496621572505425e+00 2.492053491506076135e+00 1.495099494622724734e-01
2.341997082513032694e-02 -1.057700999133727837e+00 -2.890185432453267200e+00
-3.564428966841217239e+00 1.478913094996299193e+00 -2.967395593987703251e+00
2.621288865704731741e+00 -1.614332285568167435e+00 7.852506694775978069e-01
-2.977743614884176271e+00 3.585190050965510800e+00 -6.669958383939098567e-01
3.378489971782024703e+00 3.202777161409996687e+00 -2.904476563913882536e+00
1.627409143256916213e+00 3.549475059240960739e-01 -3.341036473719972477e+00
-1.243265757923437631e+00 2.573202480856034757e+00 -1.602917230013962413e-01
1.656152849212613631e+00 -2.754262129177048823e+00 2.560562995554847898e+00
-1.576901390562957250e-01 2.448524140234229041e+00 3.203623350550736104e-01
4.582834581450935807e-01 -4.083988927386155154e+00 1.876637263391908395e+00
-4.073971249285375684e+00 -5.292246922485348559e-01 -1.491049840844402397e+00
-3.263005341467250631e+00 3.141996559336910799e+00 -1.715791225068124870e+00
7.129573961628532519e-01 1.790604695880655406e+00 -2.368914275972174188e+00
-1.189103972436907242e+00 -1.270587153812196668e+00 1.635273020156374324e+00
3.719384648025787943e+00 -2.019174336640585210e+00 9.652213794726401952e-01
2.148968499903188611e+00 -1.874954164451307026e+00 3.333006810987105162e+00
4.662855927124405497e-03 1.019749433820035689e+00 -2.430222365388951644e+00
2.497319447679631210e+00 -1.029859709773426557e+00 2.623257533318346102e+00
-2.562324114358756955e+00 1.017294704444106357e-02 1.486096447568368450e+00
-3.510814624665106631e+00 3.581751011214588942e-01 9.544966711593446673e-01
-2.913330643841474998e+00 1.631086265410959246e+00 1.737475106092610799e+00
-3.573899268336499624e+00 1.702353108350207922e+00 -1.855424853418478071e+00
-1.104409955978276292e+00 1.580323470474421566e+00 -2.004447430455645218e+00
-2.136268666857393583e+00 -6.896844617620174756e-01 7.225986201602645487e-01
-1.238407207844997693e+00 -3.344493286020454814e+00 1.189430591788672720e-01
3.945811450418688082e+00 -3.682944221778180705e+00 -1.968514056044399219e+00
-1.563232657715731833e-01 1.493344252691567897e+00 -3.346512890475612068e+00
-2.535529546281939162e+00 1.076717529336467916e+00 3.816066770256778540e+00
-3.868298023736069347e+00 1.087299469940719465e+00 -8.903811288222409637e-01
-2.617556560903462892e-01 3.004992267176676349e-02 -2.529080846731431187e+00
3.212089151456303249e+00 -7.572853820749759768e-01 -1.893187023124295765e+00
