8.220706914434900980e+00   8.220706914434900980e+00   8.220706914434900980e+00
500
3.527726415694891760e+00 1.520829143239964987e+00 -1.145284151694782704e+00
-2.014533820498193073e+00 1.807730442308137953e+00 2.045646326464445330e-01
-1.506314456531954615e+00 -2.958405660295194028e+00 2.216772146189314618e+00
-1.495864681055324441e-01 -6.430762538738357126e-01 2.311676752703666793e+00
-1.405479162069412258e+00 -3.496299440606779108e+00 -2.989702674803293547e+00
3.340763680953916737e+00 -1.733872469093345581e+00 -9.172121083016971932e-01
3.728066179237881972e+00 3.458063238379560644e+00 -1.555560989500038183e+00
6.986629244536274319e-01 -3.232419532598961975e+00 3.992305855506671719e+00
3.391052760269057664e+00 2.368954575808742913e+00 -3.966622469458446432e+00
3.994344250497252613e+00 1.604620977347478883e+00 3.417018606582904905e+00
-4.539582288154886403e-01 2.331846484844882106e+00 -1.237244159711845093e+00
2.620175689707709754e+00 1.993207332154723455e+00 2.721696061392684385e+00
-2.533520829689133724e-01 -1.700181761850973583e+00 -6.932655851612911091e-01
1.729167939741689475e+00 2.701620844297932589e+00 1.904601197888362296e-01
-3.387327466769483486e+00 1.963188484458355587e+00 -4.011877404220056675e+00
-1.025356915205525299e+00 -3.646883997764893248e+00 -5.145432636246585201e-01
2.597145515049590347e-01 2.354925682366812989e+00 1.417881876564053512e+00
-3.907639903397137626e+00 -2.167657763056033193e+00 1.867644902603103896e+00
3.212438153015888087e+00 -9.966400622959378230e-01 -2.894518101042046432e+00
-2.468808731222557284e+00 -3.261313378794312268e+00 1.604454190832704352e+00
2.198289563448006412e+00 2.866240127994999387e+00 -1.202835607209749913e+00
-3.519584567041772249e+00 -1.172700619321163540e+00 1.428290391899810441e+00
4.595456641778901119e-01 2.469098486914370838e+00 -1.670336934571188037e+00
4.089275772167198397e+00 3.051514916991776349e+00 2.605581785004274842e+00
2.968212436912046392e+00 2.913289373035063967e+00 2.396796319592733759e+00
-1.518194588898064579e+00 -2.718462944408242876e+00 -3.924438411478339273e+00
3.867466212408069648e+00 1.480065830065755872e+00 -2.283779729633919064e+00
2.181430128401682378e+00 7.222931073207651265e-01 4.050907943534815203e+00
-1.878865787753696059e+00 7.604624171906617658e-01 -6.689671886383308230e-01
2.640738576958566730e-01 -2.594868071460915360e+00 -3.239540000600655834e+00
-2.429974931725933374e+00 -1.624541090959380929e+00 -2.065054143718229263e+00
3.913475633279512866e+00 1.793377488450002444e+00 5.462670333596728600e-01
2.789372152593653009e+00 6.637826778791338089e-01 -1.007357404584392713e+00
-2.129237311858664494e+00 1.928485985442656370e+00 -1.732911197244567658e+00
3.217493873501154678e+00 -9.349515350357255894e-01 3.344614040820502066e+00
-3.092702950619638180e+00 -1.014900612404469493e+00 -3.863879592659263729e+00
-8.002636853356472901e-01 1.229140198545253471e+00 3.993226138939014458e+00
-3.108053391647740860e+00 3.677132798623421461e-01 -2.948175670381719682e-01
-3.405320656710967953e+00 -4.200567035510150982e-01 -1.675735844617123327e+00
-9.765226101566170103e-01 6.133681422801299243e-01 -2.749999733305977578e+00
-9.357549743480795268e-01 1.685667569493042750e+00 -2.701436778316704146e+00
-3.549145802082432688e+00 -2.308706648443460629e+00 2.829692835231353953e+00
4.007329398209955151e+00 -4.395595298691773456e-01 -2.568403238943258060e+00
-3.625010263854918424e+00 -9.708859675017419977e-02 3.343957658242085462e-01
1.797937403030049452e+00 -1.050149170563666967e+00 -8.195024280486529200e-01
3.171239745172738989e+00 3.141522133493525271e+00 -3.292479085723103882e+00
2.903744934210266582e+00 -1.420500905680396553e+00 2.563273823640036753e+00
-2.781021388910169811e+00 -2.298982958631430762e+00 1.934497938875302747e+00
-3.920292849647079692e+00 2.750168944870360566e+00 -3.715066922036088570e+00
1.028895715558207691e+00 -8.289379911811716184e-01 4.006487179087223183e+00
-1.522792204578210296e+00 -1.694478244514565857e+00 2.813263214215113717e+00
-2.570661586568325330e+00 -4.939825286615441846e-01 -4.350007988281547333e-01
2.648494786221879949e+00 1.927593292374525591e+00 -1.890377872997581199e-01
1.885432671502155877e+00 -2.073015703071699800e+00 3.626939733426922441e+00
-2.332841056609805896e+00 -8.796186795756619214e-02 -2.071661570779128603e+00
-2.026600658606897198e+00 -2.873507802187970750e+00 -2.015388014740413070e+00
1.401860181661229499e+00 -5.915895115869342913e-01 2.897151709699401501e+00
-3.114755336260545349e+00 1.830385196638881329e+00 9.146270877349634842e-01
1.168087197005092781e+00 -2.747109223364700981e-01 7.950160845114481178e-01
-1.088039485446242960e+00 3.311774131405661681e+00 -3.200942905819708972e+00
-1.359651812348906530e+00 2.759530464645758574e+00 1.548239650731521255e+00
-6.218946812115545564e-01 -7.792483983565541283e-01 3.942527539203668496e+00
-3.124012787272657521e-01 2.728278883902765184e+00 2.439564308912684165e+00
-2.547266221664592489e+00 4.026997602925234787e+00 2.479696721730980435e+00
1.374508214474541745e+00 3.802088302264177155e+00 2.490867817821032393e+00
-2.692623223778334740e+00 3.573316918114161633e-01 -1.223910566993912319e+00
2.360109921287321388e-01 3.653506680695050690e+00 -3.198142456544256440e+00
-3.537496469449849634e+00 4.083264030102522035e+00 2.829649704834960477e+00
2.482703719336530224e+00 2.614678540141365470e+00 -2.732833745058778074e+00
2.988484838881288574e+00 1.152660344843400075e+00 3.196080362463421309e+00
-2.504683390941236931e-01 -4.096084173572247522e+00 5.168890795543807926e-01
-9.461898207847061482e-01 1.007775725852443349e+00 -1.045845001231646698e+00
8.649152506941705509e-02 -8.187146291595137626e-01 8.174273916914981397e-02
3.095410504754516179e+00 2.791661524177991849e-01 1.225001780022088038e+00
2.098629867024594808e-01 3.828871144987231467e+00 -2.567380537387789485e-01
2.202966775552068768e+00 -2.837189043162978486e+00 2.845387276581560876e+00
-8.812283267511362983e-02 -6.722174060791289429e-01 1.190240725300179436e+00
3.145754655599453109e+00 -2.594854941470277510e+00 -2.494974066221921749e+00
3.714661502114969149e+00 3.977140328528413260e+00 2.402070755853631390e+00
3.218780474068836384e+00 2.612901919067530443e+00 -8.607475820899962438e-01
5.060548985587959292e-01 9.420353685512203867e-01 1.101863595909408078e-01
-1.470365547036213694e-01 3.512939897659017596e+00 -2.119724990127436648e+00
2.404082522745918382e-01 2.162921217115746642e-01 2.737877167222636743e+00
-1.953410303045752583e+00 3.613328282900000410e+00 3.303303168542492063e+00
7.267211175615961860e-01 1.384645436282488262e+00 -3.255398482377291458e+00
1.160668768383638527e+00 -5.413270552775912847e-01 -3.137130438973105839e+00
1.864367894613899956e+00 -1.825212615713461162e+00 -8.645420330591351010e-02
3.206833364330890390e+00 2.161122278098993377e+00 -1.968257351835715818e+00
-1.832549574966190420e+00 -2.370854919084383727e+00 1.417967265211120598e+00
1.736237598695669959e+00 1.227812932030172277e+00 -3.381169395598131455e+00
4.080951229402097979e+00 7.899402928010512692e-01 -2.977275323132066553e+00
-1.106920320959299930e+00 -8.920231063402099814e-01 9.908701235773308413e-01
1.732939868544891349e+00 -3.118449473875354094e+00 3.912960257171944178e+00
5.962805924869830632e-01 1.401135690678550150e+00 -7.450710014726539265e-01
7.947673275616513600e-01 -1.009484582808195974e+00 1.528761287586806183e+00
-1.004273167145907752e+00 2.007512131603669037e+00 1.118426109864728790e+00
-3.231315715686422951e+00 3.900757187182379404e+00 -1.563774338997514723e+00
1.769100118284372192e+00 9.204234759628029949e-02 -1.070663299916691402e+00
3.488786756417213031e+00 -2.560029833684166700e+00 2.397871154147662054e+00
2.203841334266521290e+00 4.057681698438461382e+00 -1.351700820795507019e+00
-8.640146255191336611e-01 3.860798599505304018e+00 3.398549372550363046e+00
2.323105363238802568e+00 3.544517335329022689e+00 -2.690121577939059705e-01
-1.458489638415918499e+00 -7.436576138141507419e-01 -2.043665300266929385e+00
-1.113517822635043064e+00 -2.977899924840487156e+00 2.473839049106977550e-01
1.704922278515879963e+00 2.102945417380492454e+00 -5.987826474492923268e-01
3.186816964309867328e-02 -3.976851284755841487e+00 1.595559592137445470e+00
6.204666507869444070e-01 -2.689263946297532626e-01 -1.324927131654964452e+00
3.775718417315967024e+00 4.065391696580707759e+00 -2.514490316581580842e+00
-2.290391365910664945e+00 1.786028764507906486e+00 -2.931964286850112344e+00
3.041021047773922348e+00 -3.734505947034786111e+00 -1.955746435684326823e+00
4.782647209349801254e-01 -3.708927148712573008e+00 -1.444089870393618913e+00
2.008197132570558541e+00 -1.018551424359205759e+00 3.615732040005281700e+00
-1.413593167994015687e+00 -1.843953396849448367e+00 -2.203696447846633877e+00
1.925766819383292860e+00 1.430393796766328496e+00 3.265580852744992768e+00
-2.273240252886595592e+00 5.952272839597015919e-01 1.233877332785470404e+00
1.950249911639327038e+00 -2.265183112065817905e+00 -2.489168946871939347e+00
2.592656593933805098e+00 -2.612274082860804203e+00 -4.577862696456994063e-01
2.364761831987122420e+00 -2.959303505398955259e-01 -3.654989342506215211e-01
-3.128075476385943521e+00 2.586445888901356849e+00 -3.218209548738200532e+00
-2.157348220262512051e+00 -8.883824260787367422e-01 -1.372362146734697141e+00
-2.675287006852614002e+00 -6.759219827375576584e-01 1.765860401019848203e+00
-1.997546884382382926e+00 -2.276303606957625902e+00 -2.875746800705041739e+00
-6.387109854131292064e-01 -1.380991131391426041e+00 1.813910358407781587e+00
-2.880053426986630694e+00 -7.111928864653229709e-01 -2.651818134888530132e+00
-4.057967932668683275e+00 -3.722148763304351515e-01 3.760641377459696955e+00
1.854572470125462225e+00 -8.736086738236685800e-01 -1.836519355381973639e+00
-2.210816481502803743e+00 3.215919335748955277e+00 2.027548856657123366e+00
2.876499121766169509e-01 2.650324231801214125e+00 -6.068567606000946357e-01
1.376544096722904786e+00 2.511494385479678293e+00 3.655100036184205425e+00
1.100222218418843712e+00 8.296337356616704239e-01 2.684891696722519150e+00
-4.075129938622400472e-01 -1.532821883158777432e+00 2.863629832742581094e+00
3.320344374750671790e+00 -6.767372979914073605e-01 -1.834557303532276418e+00
-1.013891662980631825e+00 5.521350363116789284e-02 -3.664234710984829668e+00
-2.810524022762867169e+00 -9.246266420513082895e-01 3.211756519896993733e+00
-2.384609947216310921e+00 7.345123245647242616e-01 -3.270257122862339383e+00
6.917560259020304470e-01 3.477180413611356435e+00 5.944032206885880854e-01
4.347360654715540784e-01 2.132053026571854026e+00 -2.634191300992013485e+00
1.666116555149235456e-01 8.336980313236107554e-01 3.554461907736004456e+00
2.079572245862046920e+00 -5.945617833395528962e-01 -2.741866992943700509e+00
1.347007527781566294e+00 1.980067760722371839e-01 3.559202395560096654e+00
-3.681319012609388430e+00 -2.774102690143018357e+00 -4.031414808586275988e+00
1.782320715717659321e-01 -1.891964209594007240e+00 1.237522901317036128e+00
2.534824765097942745e-01 -7.071398144705385302e-01 3.255047088922910170e+00
2.690525921048440683e+00 -1.709356073384064478e+00 -1.824074753859073139e+00
1.430811858129215297e+00 2.875635104669804765e+00 1.829787153076603667e+00
1.218401494979232114e+00 -1.105239458406507141e-01 -2.121029161162601095e+00
-1.345435344463968175e+00 3.497345039001149569e+00 2.438034616835214052e+00
-3.905211317191998877e+00 -3.302423170347442039e+00 -3.951344761253506449e-02
1.897523064545487470e+00 -3.101617278965070335e-01 -3.849777259690571274e+00
-1.719421473842236869e+00 7.898595431902621922e-01 3.789899456007079781e+00
-3.412225716838914291e+00 -1.404714259182557212e+00 2.412280246083480684e+00
2.998551149297588481e+00 -4.015863622489600715e+00 -3.101391451374205577e+00
-6.347780912815810250e-01 2.709972765735011446e+00 4.940964710655357806e-01
2.680474485264740636e+00 3.576328117060914025e+00 -4.023807533786723845e+00
1.819954719878789318e+00 -1.252773894613234296e+00 -3.584525576628403876e+00
2.106821288031646588e+00 -1.176001225699070840e+00 1.724792504683360983e+00
6.582316233338023626e-01 -2.817019202530727906e+00 -6.843548755944284245e-01
-3.097666244333837499e-02 -1.573470134086840888e+00 3.982541958136655236e+00
-1.966197186601905456e+00 -1.187730088176633947e+00 -2.836528908121011217e+00
-1.997249729891229286e+00 -3.385083769756809247e+00 3.403575331345277899e+00
-4.070740788741421312e+00 1.410604844438299921e+00 1.518837285219386546e+00
-4.448095634715201752e-01 -2.818038948991449466e+00 -7.694068289610210831e-01
-6.206514070921385073e-01 3.450667582255208199e+00 1.314367327418057396e+00
-3.118778917122939642e+00 -3.054746079405163073e+00 3.406777449325877338e+00
4.496656854537209314e-01 -3.398122096389522007e+00 9.562154655585927143e-01
1.224587291732825545e+00 3.676726991959711643e+00 -1.338960147981868909e+00
6.889868634899397604e-01 -2.687354500103316113e+00 1.709680936354450509e+00
5.057630143435861703e-01 9.638207049479111110e-02 4.039188059907458772e+00
2.964875853436185871e+00 -1.919048890017781783e+00 3.430693054763906069e+00
-1.517956872106876465e-01 1.585810259731685878e-01 3.990282270436387724e-01
-3.933290008793137282e+00 4.846473578230096613e-01 3.252471829049075502e+00
-4.176288536106670946e-01 2.556428386114840023e+00 -2.226955493514701345e+00
7.748745880552501131e-01 -2.274604150062593089e+00 -2.398903740932304185e+00
8.990409164522333851e-02 3.434344414804289869e+00 -1.150401564851921243e+00
1.818457073807518087e+00 1.052458067607117576e+00 -1.507378437815135364e+00
-3.820794661042516083e+00 3.814923506162305689e+00 3.759226726680937603e+00
4.596088055031760655e-01 3.266592963841135511e+00 1.712389515069528523e+00
-3.903095829635200964e+00 -2.365855653693790028e+00 -1.763999151822443601e+00
1.232910170758927615e+00 1.241679524661206679e+00 4.039639129809495799e+00
-1.074087653018434230e+00 -1.275441911796679095e+00 -1.315837776734387177e+00
1.413770825791377472e+00 -4.095710384222550182e+00 -3.283962225907127941e+00
3.078372638188176413e+00 1.382106230990530316e+00 1.078611529894501597e+00
-3.614078240441068068e+00 -5.143752558122828278e-01 -6.221869638575227013e-01
-8.472436994296530521e-01 -2.214876145778740923e+00 2.293113496512581229e+00
4.087283442764464425e+00 -3.557339043023029390e+00 8.489695055861732342e-01
-2.182782360801342580e+00 2.757465049263354562e+00 -3.408289380859762741e+00
1.632536966629660080e+00 1.051256521276779099e-03 1.947257160558769407e+00
-2.874572700436194062e+00 -4.034131654016277935e+00 8.736180840085949750e-01
-8.949695251179597966e-01 -2.572240361568026046e+00 -2.992411391504194107e+00
2.100168384594828019e+00 2.880546832262713242e+00 1.058684571840198263e+00
9.870882737441318833e-01 -3.599979668458013649e+00 1.213826707497080160e-02
2.821380257120748691e+00 3.363631799031971070e+00 -1.981644968506580229e+00
-3.961250378697458885e+00 -1.101928258141049444e+00 5.180648838073641516e-01
3.621632995829597579e-02 -3.435982309162305626e+00 3.194248798891111463e+00
-2.977801242720186536e+00 -2.031141853548373177e+00 3.671464267542207782e+00
-3.705488794303333222e+00 1.985708402876206424e+00 -1.560062350140819731e+00
2.571522198399958548e+00 -2.139199093001282304e+00 6.642373646754181626e-01
2.597461769669081821e+00 -2.237926078438051469e+00 2.051677934324805275e+00
1.305664715947410404e+00 -3.529303207347636029e+00 3.121166397952725990e+00
-3.455839238094028154e+00 -2.416479725744285822e+00 6.007546423079375419e-02
-2.607338051443086960e-02 -3.257196472002231946e+00 4.026809126482681217e-02
-1.654805808119205635e+00 -1.450775612034808093e+00 1.795605260639001610e+00
3.947765188829352567e+00 -9.965025477691705769e-01 -3.713329536893021920e+00
-3.950120902493751363e+00 -1.554674241663885459e+00 -4.620332391675554540e-01
1.057377525451606015e+00 1.475891502293716906e+00 -2.134123295198993020e+00
-4.104320686272695085e+00 3.667640900486511590e+00 -3.408394086918208998e+00
-3.324591914915409951e+00 1.031026729123261543e+00 2.719259973479986048e+00
-3.720691016823820085e+00 -1.254354163279633561e+00 -2.939343728881751883e+00
-1.974970203772794974e+00 -7.914690629109703002e-01 2.504366057532788403e+00
3.026704006475018804e+00 3.295763991296560835e+00 8.852156740418892777e-01
-1.554402806912993817e+00 3.480182468081863156e+00 -2.217581449336444965e+00
3.416559493955853011e+00 2.893228270799970692e-01 2.659452216893179788e+00
-2.111676195442012460e+00 2.142618960756755175e+00 1.337783364682292309e+00
3.331690286629785280e+00 3.506170748427514638e+00 -5.976378131266869564e-01
1.132393590199409550e+00 1.639663696819609884e+00 6.485672473250618519e-02
2.228090584577888666e+00 5.531495470344551801e-01 2.657893149304531910e+00
-2.153334881478390361e+00 -2.301246922440511877e+00 3.164810237639093415e+00
-3.348455448309316296e+00 4.105405221460602050e+00 -2.817319481314216834e+00
-2.672779804167227380e-01 -2.155652073612905006e+00 1.695949442800263607e-01
-1.253504213167486170e-01 1.323124800191084471e+00 9.346638635892340341e-01
3.159375589194526324e-01 -1.344849348713456072e+00 -3.181787078870413676e+00
1.907184129975254550e+00 -1.605990340274791262e+00 2.732767559836312810e+00
-4.020127942919961228e+00 3.574939722156877941e+00 9.855017329527029357e-01
-1.799521410345052141e-02 5.167867266654836422e-01 -7.862944693084548131e-01
-9.463610864729802286e-01 -1.733439607665856697e+00 -3.770394397289678956e+00
-1.087147011504480121e+00 3.591574235066394838e+00 -1.298047396239831341e+00
-3.101080462163411600e+00 3.471164081998587836e-01 -2.656500488112326863e+00
-2.813485414065039603e+00 -4.048601940764453566e+00 3.508956054142021941e+00
-1.511235019420736236e+00 4.351314936616199058e-02 3.101511179804880669e+00
2.732005845522301968e+00 -2.953920145327577629e-01 -3.514094483073175734e+00
1.393450534663931872e+00 1.098550090869726992e+00 8.437118516317005934e-01
-1.581276415059513774e+00 2.411892150051962780e+00 -2.449110526477227712e+00
-2.572668902918201717e+00 2.670411491781847779e+00 3.988461890030088886e-01
-1.140732788137434728e+00 2.918097426299291364e+00 3.260295996041945976e+00
-1.433230964677573160e+00 1.265911790679617566e+00 -3.480844591704486124e+00
-3.542949134516447884e+00 3.961060451793353199e+00 8.200870852369369912e-02
-1.848555063814776966e+00 3.643216804871988401e+00 -1.797570410785883366e-01
3.990838605211166179e+00 1.765161721746147272e+00 -3.461025681154337175e+00
-2.508357069843577758e+00 -2.992099011154346400e+00 2.573777345407390893e+00
-2.428663433767720647e+00 -2.427219868434538075e+00 -2.612589128715703257e-01
-4.810451527693046514e-02 4.006592106793994468e+00 -4.092464986811496175e+00
6.709679755155023573e-02 -2.469128085952519314e+00 3.740476840249319146e+00
-1.749982419138703893e+00 -2.113410924678686131e-01 -3.046228690612863499e+00
7.480508762149924440e-01 -1.586796818153891397e+00 -6.392147765815592297e-02
-2.862370648935003370e+00 -2.485334991845737029e+00 -2.090133225211216139e+00
2.524554654239047125e+00 1.854633068723969158e+00 -1.268285988642344320e+00
-9.281794535499133803e-01 -2.292712014274393972e+00 -1.477083008750094795e+00
3.590076841268875718e+00 3.050743935520194405e+00 1.667088824105558142e+00
1.796595621954012234e+00 -2.769261292041994782e+00 2.554540840559690884e-01
3.868034650769226257e+00 -3.224645212581204401e+00 1.768920934193589423e+00
3.259882909837643616e+00 -4.008526570885844187e+00 1.377697076015961919e+00
-3.582086158849449475e+00 -1.829647283948374836e+00 -3.711226865972347522e+00
-9.972702672595123996e-01 -1.204097798887642234e+00 -1.150491794680551239e-01
1.294712722811030892e+00 1.912331010121285146e+00 2.508825609064791351e+00
1.040735885427813034e+00 -1.539192277225512218e+00 3.289531716333402134e+00
5.879500132675848922e-01 5.753842584583129804e-01 1.022418801521015386e+00
4.002618133712573467e+00 -6.486883605419602183e-01 2.629126692669192522e+00
2.191253089151848243e+00 3.743028113151558145e+00 -2.740780756446767441e+00
-1.210569056046727487e+00 -2.166283830082339268e+00 -3.832409740759264993e-01
-1.619065030372334402e+00 1.905968224382898146e+00 3.599010895425703627e+00
-2.219331754021075298e+00 -2.426648599552539975e-01 4.060084232267842097e+00
3.293519905887381860e+00 -1.481411882593104412e+00 9.018382876358207456e-01
6.713038248554791254e-01 3.030024638158534511e+00 2.716657893206180674e+00
-2.325508016335567696e+00 1.680168774093439676e+00 -7.976118669272570516e-01
-2.422013037838777638e+00 3.746753118276011651e+00 -3.264401393330767398e+00
-4.050694946184496104e+00 4.333355685310208982e-01 1.916917355742989937e+00
3.886946813013641755e+00 -4.380579547974130517e-01 1.188491558704254381e+00
-2.895110851297114651e-01 -2.957732758359035152e+00 1.889332134564798871e+00
9.792706630047309790e-01 9.748289780691851703e-02 -1.144405922092901762e-01
6.078474753519961249e-01 3.878235043671134807e+00 3.390776665993990857e+00
2.254400545336370243e+00 -3.859300090739742561e+00 -3.821832513175480006e+00
-1.770147834890779093e+00 2.679860476206116005e+00 -1.124256922367885991e+00
1.695679602265493413e+00 3.086420018482070482e+00 -2.104328345404963940e+00
-2.709917719744605602e+00 2.232995671619791844e-01 3.244798608136689744e+00
2.363015580890585721e+00 -5.683880297820336214e-01 2.545970962588149256e+00
1.410971987446495879e+00 2.100497333496180730e+00 -3.013976603201682369e+00
1.682377785167950668e+00 -2.595551893895998052e+00 -9.053173132725823580e-01
-3.002320629142649189e+00 -1.327470200111723120e+00 -1.070950075218079167e+00
3.521508183362860311e-01 2.314813782019407906e+00 3.279682519919523198e+00
7.966005205678429180e-01 3.275728578604319097e+00 -4.013106725854926893e+00
1.208257890654901523e+00 -1.276505838517414393e+00 -2.443707432126444257e+00
-3.046869632388253812e+00 -2.399814423016656484e+00 -1.132188893588523815e+00
-4.092960712581191984e+00 -3.506855012332030341e+00 3.495256719556095515e+00
2.358401320142600732e-01 -2.542549174957473568e+00 2.597906476201375714e+00
1.921867338931863456e+00 -2.582860322448817136e+00 1.372626596605890370e+00
1.224679701141444310e+00 1.975889137102692983e+00 1.429171562028250353e+00
2.633787858219426958e+00 -2.142580119437476061e+00 -3.348855491233388104e+00
-3.359041836014327487e+00 -3.349489207335454299e+00 -1.020521819478397818e+00
3.339118675551901116e+00 -2.564662176124805626e+00 -1.506196210453736084e+00
3.726066367719067074e+00 -1.573021473552323801e+00 -2.171720921989206854e+00
3.414183608655032565e+00 -3.244561235432458446e+00 -7.855029462179236033e-01
2.872772838401586259e+00 -3.223374586174846179e+00 1.715026933476129001e+00
2.142691210125509560e+00 4.202362893950997158e-01 8.987602607696143497e-01
-8.876990665048422047e-01 3.339046732180633303e-01 -2.537589840468740254e-01
-2.448398139688547914e+00 -1.530729490839510154e+00 1.148499723641766446e+00
-2.365817429985827280e-01 3.683216904635432165e+00 2.578554537817306702e+00
2.452230498653658941e+00 2.606344988186771072e+00 3.800823025149151491e+00
2.332584143239721186e+00 -3.729992026874936251e+00 3.322037244498262876e+00
2.342999596881815361e+00 -3.225584562016485801e+00 -2.861315703433589430e+00
1.317810565284835533e+00 -1.943794274433199298e+00 -1.668331187771110002e+00
-1.212872193440731605e+00 1.127278781386782835e+00 5.603120211170937726e-01
-1.858697009173005066e+00 -1.985668450405434049e+00 4.213296355650037461e-01
-3.880511763399913105e-01 2.041052104355126073e-01 1.500720670047127614e+00
-2.933407014648226951e+00 2.327706704876275179e+00 1.935408503720612128e+00
-1.201947354312620508e-01 -4.262771573831625749e-01 -3.557342983390129998e+00
7.129466488379686551e-01 -2.548779137927937199e+00 5.977693105101339333e-01
3.668012200331351114e+00 -1.449678389364618125e+00 1.867132040300324647e+00
3.422210450350129940e-01 1.635581492595571840e+00 3.983143690255741554e+00
-8.691595473922992809e-01 -3.823081541011696061e+00 2.076369395556638242e+00
-3.450201437931291082e+00 3.689184466932490469e+00 1.870876643268273298e+00
-2.920421070361271521e-01 -1.751117421901433380e+00 -2.443193292630821301e+00
4.762411638937024128e-01 2.284885254574112512e+00 4.837282415489641552e-01
-1.682942106793129611e+00 3.676988744806387377e+00 -3.957205885430310932e+00
-4.058719707409342625e+00 -4.061622099129143848e+00 -9.510864658681024153e-01
-1.040652083650704940e+00 -1.884083737522130653e+00 9.681651273983756800e-01
6.590644284817042120e-01 -1.320480382284474841e+00 -1.285826036328953093e+00
3.537559205627592185e+00 -2.321226984081057321e+00 1.059449777540857895e-01
2.163283337065797785e+00 -8.678250434180176942e-01 7.766474896609478762e-01
7.095034189078232023e-01 6.605034532318843077e-01 -1.603100535753546829e+00
-2.353035171279719950e+00 -4.003989922422109160e+00 -2.152243734031234812e+00
2.833567860607822730e+00 1.146220641905916438e+00 2.110265051066385844e+00
-6.472468109919055079e-01 2.681299016229660159e-01 3.555433960304428265e+00
-2.063904191201931582e+00 2.733589283265323466e+00 3.719093090529528745e+00
-3.799066279745542118e+00 2.554020328670459694e+00 1.362806553560678591e+00
3.673500166519153343e+00 2.821113553358218340e+00 -2.519019032506196965e+00
6.656521867005237292e-01 -7.264962755355747204e-02 1.744192581766421446e+00
2.213103719920549217e+00 1.729779125683388763e+00 7.573551413967130053e-01
-2.256823287381934939e+00 3.608657349130921954e+00 -1.201592751605163878e+00
3.763076466602747860e+00 4.402196002749617088e-02 -4.881347520610628266e-01
-1.946146137913630003e+00 3.295203407472378387e+00 8.462971440596493977e-01
2.734313593644137175e+00 1.097368666499574097e+00 -3.137541783960488662e+00
3.987789070219739607e+00 -3.316459232569854532e+00 -1.758837125115091826e+00
-2.995605999219855597e+00 3.125805278609596893e+00 -3.341789077576281519e-01
-2.434005202791044709e-01 1.176011854229688680e+00 2.704173564769097649e+00
-2.989668785818788255e+00 3.090656043016193788e+00 1.198114846086731911e+00
-1.826909941628338085e+00 4.437649016252984691e-01 2.111761080810239832e+00
2.869179583368697717e+00 -3.164722845491408698e+00 4.754850828457743983e-01
9.187637672710957659e-01 3.053645477460117608e+00 -2.748139641750682927e+00
2.320588653570422100e+00 2.090358948777357284e+00 1.743920930983421824e+00
-2.274742880821096769e+00 1.745758311411073738e+00 -3.882590426620566415e+00
3.204324494857806016e+00 1.319598102102057968e+00 -4.039214940324322711e+00
-3.869080131489563534e+00 2.604376850154555445e+00 3.437124650949401783e+00
2.501145494133320657e+00 1.586188037251368976e-01 -1.903865664981825967e+00
-3.743837402044646545e+00 -1.324231363551606755e+00 3.511856181312319691e+00
-1.976665333120048329e+00 -9.572147553050531776e-01 3.810462702610244445e-01
3.330337888247456579e+00 -3.099902924787462766e+00 -3.361692153568536678e+00
3.438980979555347872e+00 2.090785534547144664e+00 2.032700088673466077e+00
-7.612553081679840350e-01 -7.441159527932368345e-01 -2.854549292560288443e+00
-3.073911742745352171e+00 2.975823730872555473e+00 2.946951617392005396e+00
1.449282646728300650e+00 -3.283811484966662864e+00 2.121693049018257504e+00
-9.624918445958773050e-02 1.134157430139176137e+00 -2.542496663687169534e+00
-3.354115920247484173e+00 -3.223193284246579637e-02 1.390788687324423956e+00
3.848672636806931724e+00 -1.743263744323100495e+00 2.802413400708035685e+00
-1.575492334164136476e+00 -8.742002558412980129e-01 3.494260918646108216e+00
1.467670925292255957e+00 4.007216936347064440e+00 3.915746973316903468e+00
-2.388313331051303834e+00 1.180897721160458325e+00 2.998607216220302352e+00
3.218824102865856407e+00 1.968560588442170634e+00 -2.939918687864749192e+00
1.649149255465643060e+00 1.093278907363835373e+00 1.941679143215849779e+00
-2.799392524700525353e+00 2.651839441373477602e+00 -1.168863488941720874e+00
1.448565918680599252e+00 2.199100426959327503e+00 -1.608123372576352850e+00
3.475555082407606022e+00 2.607962645583864258e+00 2.403792725393808505e-01
3.384850628164060460e+00 -2.498735898018604740e+00 1.324546524285950655e+00
-3.446698155886843029e+00 1.657337349039721630e+00 -2.780559291696359292e+00
-8.486926342796816680e-01 2.951356871431438211e+00 -5.380597582348704000e-01
-1.206718628981128472e+00 2.293851501740783672e+00 2.405802618021515737e+00
-4.735660121109838694e-01 -3.748570568878368370e+00 -1.400131575337067114e+00
-6.343699696895738205e-01 2.089217688370462511e+00 3.272491658351149635e+00
2.574064257117095744e-01 1.890317432925020302e+00 2.338564074972590667e+00
3.827263261768037772e+00 1.230891033962278280e+00 2.518849032665124277e+00
2.958348747288901848e+00 9.961411493074227019e-01 -1.098926363568618753e-01
3.289828373285066387e+00 -3.492198237277003514e+00 2.875711674645495375e+00
-3.200757526779923534e+00 1.940552456707370643e+00 3.246679782232581246e+00
-3.040392316310299048e+00 -1.496498264906278575e+00 2.407160835222878215e-02
-3.291341358478304446e+00 -2.023742874428761329e+00 9.590120234317056624e-01
-2.846568289118078798e+00 -4.781313933899324353e-01 6.894797122427941405e-01
-3.962611988869001678e+00 -2.569527002889435252e+00 -7.733244548438941157e-01
4.412755472153986336e-01 -3.643263860933103615e+00 -3.327299508420071827e+00
-7.772924198388297956e-01 3.965222926594809127e-01 2.458246632298189294e+00
-2.846504025569643659e+00 2.801320764152996357e-01 2.209267353896330111e+00
-9.720993946881868464e-01 -3.146365406360938533e+00 -2.137198115642694241e+00
-7.536948495220913147e-02 1.392929423184330995e+00 -1.537018254592671829e+00
-2.035089273140166188e+00 -1.852938701639609054e+00 -4.087489516807464085e+00
-3.384101535377205927e+00 -3.170809588519478694e+00 2.205457509099989721e+00
-1.099249138307766493e+00 2.348502396875616238e+00 -3.934707877671662857e+00
-1.184083207927796755e+00 1.912416114904793796e+00 -5.054836807385234554e-01
1.693087334652144005e+00 -3.632890111251304788e+00 -2.204822104915156622e+00
-3.002160587440363848e+00 9.353551366057124561e-01 3.819986556122517474e+00
3.556369826986323091e+00 4.076482263268502493e+00 2.150682771771169621e-01
6.096215829124685959e-01 -3.807895330236452658e+00 2.401322142784867886e+00
1.869611553290715822e+00 8.502831477832274443e-01 -5.308192447882997128e-02
-1.661569873682666509e+00 -9.703500714598964905e-01 -3.746545466575847971e+00
1.200317400658426736e+00 -3.077169083163609375e+00 -2.855636255123095157e+00
-2.021184538167099198e+00 4.406121887898227507e-02 2.036159789317739388e-01
1.455647865947930830e+00 -3.385513491456900947e+00 1.011454249316953824e+00
3.265061776270516525e+00 3.328697800770587523e-01 3.919565847540232628e+00
-2.154096340885865324e+00 2.400366854926566429e+00 2.769186417040623738e+00
-3.977593960994120437e+00 1.066737053616489517e+00 -7.811819054597082812e-02
1.866229037807952018e+00 3.153622700023996916e+00 -3.593408930300401316e+00
-3.470397406791767558e+00 -2.937638678354443478e+00 1.175471794613021759e+00
-4.098624070417799636e+00 -1.190991875899565011e+00 -1.322319021433119968e+00
-2.935299895507418100e+00 2.296839000600289005e+00 -2.233682033221298546e+00
-2.349865714591090893e-01 1.750090823098264137e+00 -3.434580828380482842e+00
-3.054375512898278355e+00 1.254043383274727974e+00 1.735385386695716070e+00
1.098689241659739357e+00 -1.938265462750186519e+00 2.113570648070400182e+00
3.288240051881743398e+00 -3.801746049638288216e+00 -4.091972976849825194e+00
-3.969358571584154838e+00 -2.738349809831636339e+00 -2.846208594920171198e+00
-2.897205702713454123e+00 -3.627087870082331467e+00 -3.816911060790738386e+00
9.902935233276402571e-02 -2.235022807640592912e+00 -1.543502877954587849e+00
-1.785982820857522135e+00 1.107395568990844792e+00 -2.448318396944409336e+00
2.494288820404651830e+00 -1.447774524969925314e-01 3.503415255838363773e+00
9.817859949565841404e-01 -1.804590792999516635e+00 -3.821952311912348410e+00
-2.279718660846813627e+00 -2.911583746677635975e+00 6.444227718990889198e-01
-2.510645993015524269e+00 -2.678877387052629011e+00 -3.901918098481930386e+00
-1.925942870833888154e+00 -3.876753055836355544e-01 1.222364917384976213e+00
1.832410033097798596e+00 5.178705760344971543e-01 -2.737283688304525509e+00
1.785160085147482922e+00 -3.715648639869748582e+00 -5.453739204157996845e-01
-6.163387432466470583e-01 1.303851211876345007e+00 1.793794561354102646e+00
-1.869282038302672866e-01 2.979944527113227881e+00 3.851173675778137184e+00
-3.399398679779613630e+00 -1.508524287759302140e+00 -1.995292543992739587e+00
-2.983518005570401588e+00 -3.312981861821802987e+00 1.451796511935028733e-01
-1.624022757257602256e+00 1.363355093502701010e+00 1.809286613308227709e+00
-2.004606178610964573e+00 -3.587545769894956660e+00 -3.949079281728526403e-02
-3.787675906178377350e+00 6.457309278949022735e-01 -1.038303676107804829e+00
-2.693602311360241863e+00 1.079287833348129722e+00 2.785169062556969166e-01
1.159510270664282361e+00 3.797250971562223798e-01 -3.408508559006279359e+00
2.936724813766946163e+00 1.149188701713550698e+00 -1.992467349713569646e+00
-1.417715720644558974e+00 1.280673603822139350e+00 2.769543835996320702e+00
-1.575698782093081896e+00 4.079157681657048506e-01 -1.723116843718295321e+00
-3.336311373051383367e+00 2.034871851422627997e-01 -3.657760005024942807e+00
8.166026894626697841e-01 4.090752347360623098e+00 -2.266493539064537099e+00
-1.219299231954008134e+00 -3.568073054523153154e-01 1.944148774097216537e+00
3.960508751412800121e-01 9.944509064121739295e-01 1.879635931426545392e+00
3.636357128793433091e+00 -2.612899886714902475e+00 3.451882806989668317e+00
-5.704572963292464660e-01 3.323114222751000768e-01 -1.796064540035560153e+00
2.934023144176336473e+00 -1.387498457415553554e+00 -9.372967479374647026e-03
3.189760455708726905e+00 9.795327743724902003e-02 -2.659689501169412829e+00
-9.728970659073167271e-01 -2.192622317504727913e+00 3.502695141227259779e+00
-3.248870707213896480e+00 2.011372935474264878e+00 -2.097472927730907877e-01
-3.474047829431756718e+00 8.588755938508623178e-01 9.112904623941807669e-01
2.367559412027756771e+00 1.931329661663060193e+00 -3.652963197133033191e+00
6.511855747317444321e-01 2.365399134590991270e+00 -3.642390433562594065e+00
-1.269218198422889632e+00 -3.221152448750785879e+00 1.262798314190712867e+00
2.114469493283637203e+00 3.500820894903226677e+00 3.333374903255347910e+00
-3.815849255469204948e+00 2.080006798119817368e+00 2.399610640767488423e+00
-2.795947465829946132e+00 -4.080396349898018471e+00 -4.664013070628402202e-01
-6.158196210450862795e-02 7.714285978251149700e-01 -3.489768160376019779e+00
-2.339977385670549026e+00 -3.305421625815685438e+00 -1.074902331685647194e+00
-3.065482754418930700e+00 3.227663381728821612e+00 3.992207378411459562e+00
-1.417119431205588476e-01 -8.135337076402680001e-01 -1.855670068348138857e+00
-3.735431484706186023e+00 2.735332861362774537e+00 3.448752916626673382e-01
-3.777058648899289661e-01 1.354267734734805329e+00 -1.746559420174966792e-01
3.314394126979065547e+00 2.609007093907991237e+00 3.256441731376447990e+00
-3.395621794425919937e+00 9.901451789588207042e-01 -1.912973499585011838e+00
3.074680654902472554e+00 -5.148543360573780703e-01 1.909877045446494170e+00
1.428520393503228236e+00 -1.681445627352717187e+00 9.525739348008448459e-01
2.764451055675954727e+00 -3.840446170837749751e+00 -3.172187467936910532e-01
3.748504427095207703e+00 -3.266981923047432290e-03 -3.558435944049744393e+00
-2.567334299416542898e+00 3.203695425360594484e+00 -2.065921022174384447e+00
1.164662045474711860e+00 3.893809305465300241e+00 1.558548497020646240e+00
3.606297393266977735e+00 3.287842699548388481e+00 3.978171265331618578e+00
-1.479972361426629135e+00 -2.993997901216501334e-01 -7.195846721620539066e-01
1.027244638936744447e+00 -2.510276497812839569e+00 3.313921876722337956e+00
-1.126684245276609486e+00 1.797043622851391298e+00 -1.695051540425453362e+00
3.657921275010271422e+00 -2.130755749327334581e+00 -3.800059057722480649e+00
3.830172027376377741e+00 5.111271431661404963e-01 -1.851817220825708876e+00
2.336740167733891482e+00 -3.063358469089117797e+00 -1.564744367448823503e+00
2.282458419299178587e+00 -3.811548086570776039e+00 2.314290296451852136e+00
3.073919063719920963e+00 -4.582299977186357620e-01 4.230816812973192675e-01
-2.852314387651812666e+00 -2.959815334801597420e+00 -3.004655955061338979e+00
3.163027510630022077e-01 2.993363276383928517e-03 -2.660935844508076187e+00
-1.893495267132665250e+00 -2.359006372061898116e+00 -1.164156808932576226e+00
-5.207951994549739894e-01 -5.146767671278766887e-01 -8.748417986945754565e-01
-8.378001051064053462e-01 -3.140401743487078789e+00 2.954598019139657694e+00
2.108613698325634722e+00 1.632442171690997812e+00 -2.374519362284492896e+00
-1.377233274018462295e+00 -4.042716771846865065e+00 6.569427115613707402e-01
-1.621639564198523065e+00 2.699166507135639659e+00 8.425272010496856478e-02
2.270472002852221838e+00 -4.060002310625233868e+00 1.250845724852071905e+00
-1.066693320296046466e+00 1.656870717331717091e-01 7.764865957338413782e-01
2.762265889219806425e+00 -2.856313369202024610e+00 4.102452433645101593e+00
3.956108766032556456e+00 2.118518878321846266e+00 -5.137068861799143349e-01
-1.936750247206814102e+00 -3.558126228059572682e+00 -3.856568691167287621e+00
-1.493516680742801084e+00 -3.691172780684487176e+00 -1.465010523553252009e+00
1.171007203016223741e+00 3.305253982113978140e+00 -3.829591496793900429e-01
1.894957707613886599e+00 2.730926751414245235e+00 2.819494831910791532e+00
-3.937202735810008125e-01 -3.300345916909034116e+00 -3.812977881277589631e+00
-2.060624196310505862e+00 -1.523615953789215327e+00 -4.891686783608011901e-01
-1.672732865447202899e-01 2.716565418914656860e+00 -3.201103957193940364e+00
-3.744614660931045780e+00 3.027226324143864833e+00 -9.279183690813448404e-01
1.664817757025750744e+00 -2.454847112820693233e+00 -3.559696340135454218e+00
-3.551175079995299466e+00 3.200071603773436912e+00 -2.321603496196155358e+00
3.002226253404691736e+00 -1.311572859173279815e+00 -3.859669679450109303e+00
-3.202051086463017615e+00 -3.480556389505107262e+00 -2.049698119869241442e+00
-1.870912040549105093e+00 4.057580150147277465e+00 1.522289434668821606e+00
-2.734797993508600644e+00 -1.735572033843402417e+00 -3.306435100879232092e+00
-4.903926497200945533e-01 -2.706545868065541427e+00 9.057837638251264867e-01
-3.931333486518469922e+00 -3.551950128176271981e+00 -3.500000583721276204e+00
-3.885532111969517421e-01 -3.734990193399319036e+00 -2.754118174357776727e+00
3.083772077974404002e+00 3.735725334517827179e+00 3.107674863837730506e+00
2.311018759954781565e+00 3.498582942583165156e+00 1.966959866908303267e+00
-3.971184136780914198e+00 1.009223698470087971e+00 -4.066592811550213682e+00
