8.220706914434900980e+00   8.220706914434900980e+00   8.220706914434900980e+00
500
3.524182826398351676e+00 1.611450867275417975e+00 -6.850459235520044432e-01
-1.879589606440200233e+00 1.921783550806044794e+00 7.958785587711943998e-01
-1.849568679460491749e+00 -2.350428992340905410e+00 1.505450709290464095e+00
-7.644430358909531931e-02 -9.001170210780543579e-01 2.178663519432365359e+00
-2.361407543484626892e+00 -3.409016011080323594e+00 -2.964851018549426787e+00
3.845776699464156234e+00 -2.243551570635498926e+00 -1.194849409922307260e+00
3.890760981466251600e+00 3.616110189579229139e+00 -1.405351361197699323e+00
9.095714009026141245e-01 -3.515470211960329827e+00 3.977903738305277770e+00
3.495212679428501445e+00 2.694268369545160358e+00 4.089235833638831252e+00
3.699018327612327184e+00 2.082908056297394950e+00 3.742731876789226586e+00
-4.202814367243280502e-01 1.972780380777263476e+00 -1.308728953748695245e+00
2.447106175366315028e+00 2.358812972815012010e+00 2.570048165045795585e+00
-2.916755715343537503e-01 -2.052399276432554931e+00 -2.880610560064791881e-01
1.330430990348109299e+00 2.294239361782895337e+00 6.420712134193589105e-01
-3.417402830431452543e+00 1.913604717277317180e+00 -4.030465981351706084e+00
-1.450084266583141490e+00 -3.538139957525260115e+00 -3.501505851207998843e-01
4.393506988047768957e-01 1.720459216995452456e+00 1.310319161898721330e+00
-3.794312087496099384e+00 -2.329328123504200487e+00 2.137576339513876711e+00
3.320554260245926148e+00 -1.287539314854847738e+00 -2.916667952174427203e+00
-2.165910213326949663e+00 -3.006881936931917743e+00 1.896971548481264591e+00
2.229393551291054543e+00 2.841754576779275787e+00 -1.499681240311571351e+00
-3.475261489723554309e+00 -1.549673851609065123e+00 1.288905817395959996e+00
7.302203231766190017e-01 2.472423524689625562e+00 -1.296358312749627206e+00
3.738664906315969372e+00 2.458536297356674893e+00 3.111495427576256301e+00
2.468393676681786886e+00 2.715877457671301176e+00 2.659931129790089166e+00
-1.582232347664423777e+00 -1.590656980055511260e+00 -3.868973801756771191e+00
4.011685498729049115e+00 1.033441551647700463e+00 -2.329649243927485625e+00
2.858224059720281485e+00 1.033380718923814445e+00 3.730100150810518489e+00
-2.063164351550738296e+00 6.923115638740885425e-01 -3.355129226261862607e-01
1.134934579955945377e+00 -1.894113387073503851e+00 -3.206136123355481260e+00
-2.941161254065051356e+00 -1.777890646694066490e+00 -2.024387997619357282e+00
3.763041275643183692e+00 1.861954502123552624e+00 6.166803835806484724e-01
2.959677174357093765e+00 3.943619201895484094e-01 -9.944755513641668765e-01
-1.606222295430480118e+00 2.195949349946745954e+00 -1.836471770484310762e+00
3.216976827246262438e+00 -1.112888552746106541e+00 3.796336860648865663e+00
-3.032138296946332190e+00 -1.219880428592163613e+00 -3.733042113500438131e+00
-3.078144531880322443e-01 1.057145984842249087e+00 -4.032109013218239113e+00
-3.320354642438001491e+00 4.883398806374389944e-01 -3.768313504427327487e-01
-3.213323828186939846e+00 -9.508492959767578245e-01 -1.883578718690253728e+00
-1.537395007028977467e+00 1.039820830383903827e+00 -2.879145356913589637e+00
-7.414143373887752686e-01 1.853600114987440595e+00 -3.251697953031583932e+00
-3.255800014397119746e+00 -2.555669056919508186e+00 2.561286709072363887e+00
-3.786332576965409924e+00 -6.298139474258027670e-01 -2.913598317947502458e+00
-3.402526894766783272e+00 -1.473855827712502731e-01 6.704885971938030487e-01
1.830897453740658820e+00 -1.300361644145476836e+00 -1.694068671125791847e-01
3.089141540902275995e+00 3.020868646255950640e+00 -3.644430316642067957e+00
3.332433306284328989e+00 -1.599348089833464881e+00 2.252571598634265371e+00
-2.721563356536508049e+00 -2.553355321720739202e+00 1.480472390983431419e+00
3.901530803468478137e+00 2.623226143981954195e+00 -3.781311263425362945e+00
8.299378491638474964e-01 -1.068546590148421016e+00 -3.885804530050476657e+00
-1.656844533156249799e+00 -1.785813849018168753e+00 2.651048563953355863e+00
-2.538828715296935101e+00 -2.576879502021577339e-01 -4.824694842752219603e-01
2.503413138414222416e+00 2.137372772880854921e+00 -3.715196083210579592e-01
1.800941131444514065e+00 -2.168962939672377299e+00 4.000993002090742046e+00
-2.661916286220798789e+00 -1.879572154676372175e-01 -2.007488463523025679e+00
-2.070862448768055586e+00 -2.476184552864874711e+00 -1.647215445517731247e+00
1.523295838286825132e+00 -9.264806953823798708e-01 3.839276160361230428e+00
-2.720820398627633807e+00 1.497748524870522457e+00 8.107168202693617598e-01
4.053484338649198104e-01 -5.095421545808291597e-02 7.638850030819475112e-01
-1.487248027817585916e+00 2.844101535055970853e+00 -3.622524702172204680e+00
-1.654012108378913659e+00 2.627597787826176479e+00 1.729197088335873822e+00
-1.150227681178181305e+00 -6.216025928252171262e-01 3.479328830453481292e+00
-7.623471017387974114e-02 2.664425963918494844e+00 2.767757177035167881e+00
-2.684444421923007695e+00 -3.842224163142383908e+00 2.516918358444057979e+00
1.381696347895686294e+00 2.970434343531667576e+00 2.753874267399861520e+00
-3.145331463155125906e+00 -3.620136360569809475e-01 -1.836171858163830883e+00
6.385049028000189253e-01 3.742559777015025624e+00 -3.334855889284292552e+00
-3.821317029562161238e+00 4.098746900214910838e+00 3.170396373166621373e+00
2.338280039999974580e+00 2.761645371275198713e+00 -2.948335034420861422e+00
3.179023707160831158e+00 1.429821711247674099e+00 3.491024872150398917e+00
-8.025441864109144063e-01 -3.437918264431741644e+00 4.644375961199675995e-01
-8.919967588880506337e-01 1.207486924431042885e+00 -4.891697339346411377e-01
5.731543731436663514e-01 -3.646489228599246735e-01 3.288996818900888353e-01
3.076328177116092188e+00 3.194376706257148202e-01 1.776460529856298098e+00
8.445362750966289855e-01 3.532385444487347037e+00 -4.258627834102732823e-01
1.444011841985130884e+00 -2.703432518189116340e+00 2.519250424545721678e+00
1.640206775001381012e-01 -1.900840566520767827e-01 1.101589578441634742e+00
3.558292584323550667e+00 -2.762588431667612365e+00 -1.646762351769972765e+00
3.847067483774766483e+00 3.721245209877295235e+00 2.830606100497077282e+00
3.669161765287598520e+00 2.908525504359377845e+00 -8.188720725731890582e-01
1.512117122095954225e-01 7.534201965256293043e-01 3.299242185012487005e-01
-1.019592947643747971e+00 2.840726694023132826e+00 -1.977696441662704085e+00
5.118000865010555733e-01 2.435097420836592197e-01 3.101538822673707063e+00
-2.143824392243106391e+00 3.583636487772222434e+00 3.790142178980099974e+00
8.642526174722425791e-01 1.229212742734481667e+00 -3.698719534930333452e+00
9.576149541677010379e-01 -8.105845049332005559e-01 -3.536515917237665452e+00
1.748526201311762174e+00 -1.405323552458509262e+00 7.758322573564238600e-02
2.925706549361044573e+00 2.706141782265463203e+00 -2.075567160864066008e+00
-1.814000344974418866e+00 -2.442128060311766991e+00 8.969609681898411679e-01
1.166196390271307948e+00 1.140373100613297330e+00 -3.839814605810778492e+00
-3.944524153754736862e+00 1.060369447843105606e+00 -2.666792666878207374e+00
-9.266776401041525446e-01 -1.965708009085118446e+00 1.070338210116207556e+00
1.110876645329490708e+00 -3.391202037336605191e+00 3.826740518179316819e+00
5.625972870343510790e-01 1.680195614125352677e+00 -5.226969066936633102e-01
5.672442576430162253e-01 -5.963536990858301357e-01 9.260123910530992930e-01
-8.098485117597555849e-01 1.691888006419342005e+00 1.065124115678990346e+00
-3.573220066742977874e+00 3.375027150122990260e+00 -1.219642381986484336e+00
1.640630880422667248e+00 6.632770100803695446e-01 -1.258326360409114830e+00
3.519378296091178360e+00 -2.802191242109318470e+00 2.469038920498440426e+00
2.051802901836297099e+00 3.669007743512178177e+00 -1.964276820448623395e+00
-3.914022961060422134e-01 3.960828007375056803e+00 3.611214376499217060e+00
2.195403623128348247e+00 -3.958759033922734094e+00 -6.094869087567544863e-01
-1.970620403143991339e+00 -4.828054745790002489e-01 -1.960325260378475987e+00
-1.118319707676786123e+00 -2.977813636711118761e+00 3.478302479203225772e-01
1.245388941298943619e+00 1.859284347611089183e+00 -7.517151444112804004e-01
-3.815507191844300788e-02 -3.606212531839865232e+00 1.693646673824868554e+00
-2.313855876703728720e-01 1.596007084061417114e-01 -5.201291015694415876e-01
-3.869415337096616447e+00 -3.573338322839269221e+00 -2.292936471843834756e+00
-2.458151192547861186e+00 1.575841106541783443e+00 -2.702712336664846671e+00
3.213237900332812647e+00 3.930747452591946800e+00 -1.518574257116572346e+00
2.072351344502741388e-01 3.598709525160393774e+00 -1.376810337054009903e+00
2.370051472358863265e+00 -7.167250194850478540e-01 3.801641411816421456e+00
-1.573807267520467956e+00 -1.538731083596029503e+00 -1.668005417110362876e+00
2.063279407709172730e+00 1.047310347921423412e+00 3.626102864688264926e+00
-2.262464442843229673e+00 4.867589130077326076e-01 9.740308088551630217e-01
1.972071811508249395e+00 -2.429255736205914395e+00 -2.480545014286295924e+00
2.918532795328570906e+00 -2.076562768442026918e+00 -1.730907577944596765e-01
2.011256047722524087e+00 5.259268919276021137e-01 4.251688732942389415e-02
-3.475965033790976655e+00 2.623722837572330491e+00 -3.356508657180934829e+00
-2.151907229075143313e+00 -1.143658013693090059e+00 -1.212949267674989562e+00
-3.003504849215690164e+00 -1.057193264618703221e+00 1.590275185521507151e+00
-2.554703476052310407e+00 -2.715653940790674348e+00 -2.705793861801229827e+00
-6.722701042768213231e-01 -2.037609016101537662e+00 1.766079414850345586e+00
-3.086740238089661581e+00 -8.745928720362998732e-01 -2.491698118807057050e+00
4.015584884671196342e+00 -1.628481012525553606e-01 4.018170308313341543e+00
1.885900073621600503e+00 -1.660335279888211168e+00 -1.690982848646755743e+00
-1.838789873895427807e+00 3.997007504313395465e+00 2.040099427167167523e+00
3.982121410829116415e-01 2.383900956511951996e+00 -4.887118725375166894e-01
1.931260639547708102e+00 3.013769432658297553e+00 3.631770155974277436e+00
1.162419051499834710e+00 5.961017258892565840e-01 3.105522818751961456e+00
6.287177594477391662e-02 -1.874613292705966883e+00 2.944337118741148007e+00
2.976705868973052116e+00 -9.097062910229141153e-01 -2.612408689531154682e+00
-9.754901256551709032e-01 4.020387887383047865e-01 -3.337028859215009913e+00
-3.027687804875300426e+00 -5.843526977201811690e-01 3.373476232949947917e+00
-2.205387539618101300e+00 7.244901883736482029e-01 -3.164693146789294698e+00
2.746636194715126322e-01 -3.953660838407662137e+00 8.394526002154467648e-01
6.892096776050999907e-01 2.443159129709246091e+00 -2.710073908827524747e+00
6.745459107302735902e-01 1.203964547036044719e+00 3.343536101358678625e+00
2.297307848049615853e+00 -4.635417356398463529e-01 -2.574160835989291130e+00
1.303132320284705825e+00 6.870864904185179922e-01 3.411633049227142056e+00
-3.625527903751385672e+00 -2.601620021489249979e+00 -3.896378007913352981e+00
2.313082235669395026e-01 -2.617151369462025645e+00 1.371498346175757055e+00
4.590695738691754624e-01 -4.835516175176519105e-01 3.614794627675363525e+00
2.642614150114761973e+00 -1.656746372064783257e+00 -2.205099014183986572e+00
1.823498664560015747e+00 2.709969822820653018e+00 1.894124184422564694e+00
1.096517037708479636e+00 -4.918683067137469972e-02 -1.903520231372266780e+00
-1.221353301583824269e+00 3.092984816416810556e+00 2.423438540289751586e+00
-3.764841106295392148e+00 -2.906841811890124028e+00 -1.433360486983705218e-01
1.568090985427163853e+00 -4.542422729631196421e-01 3.959397305164952030e+00
-1.985271091230537355e+00 6.231039710270367404e-01 3.971080250333568262e+00
-3.536664358513362139e+00 -1.654483029054314880e+00 1.804193695897886363e+00
2.810694457871246499e+00 -3.814831730788804887e+00 -3.333057401513266793e+00
-2.687478282998502777e-01 2.455257925591666002e+00 5.632619167286180284e-01
2.383875517588379900e+00 3.752077216324522180e+00 -3.855787976290593555e+00
1.235471245339144097e+00 -7.903639858508411109e-01 -4.038184546155433097e+00
1.938153760982480378e+00 -1.215874296622120099e+00 1.313026034371130857e+00
4.713209505253972975e-01 -3.153127881743931216e+00 -7.527153974485306653e-01
4.066598596452911663e-01 -1.681608057168785475e+00 3.764221044327710430e+00
-2.651031788158098923e+00 -4.664060737447782157e-01 -2.896175971798327531e+00
-1.885188419394848269e+00 -3.160537966977597257e+00 3.145038765962870020e+00
3.861840787378014284e+00 1.582243069293745252e+00 1.479299069466206040e+00
-6.092689276339601223e-01 -2.317011301086380204e+00 -4.266736358810170326e-01
2.899950669146683646e-02 2.760877742363104126e+00 7.175668691540957322e-01
-2.907310730991306880e+00 -2.638721014046681468e+00 3.326706990328955449e+00
1.141743243459489715e-01 -2.940055847735126182e+00 1.480355462221789153e+00
1.488590806887627682e+00 2.656102763558156887e+00 -1.324002832236581551e+00
4.733727771503947745e-01 -2.652825690148193694e+00 1.694881858537553798e+00
4.451897883634816089e-01 2.999421326280572453e-01 3.716785965224639554e+00
2.667198640160492129e+00 -2.014988453816638714e+00 4.056348091869629968e+00
2.425528331736499094e-04 2.186324072736487434e-01 5.708564096674132449e-01
-4.010539949485702138e+00 3.946886958747567453e-01 3.628506597676643963e+00
-3.784273345862258775e-02 2.199508066739789491e+00 -2.617126773972390463e+00
1.184842700974293173e-01 -2.708165440752477338e+00 -2.297177075158657100e+00
4.931231414519823275e-01 3.230288347959271000e+00 -1.210598472361785971e+00
1.055080128785304883e+00 1.474788714337816220e+00 -1.319525333563328573e+00
-4.107654350412217603e+00 3.322829164954112180e+00 3.614248577885032621e+00
5.622382326399729680e-01 3.485656021668157578e+00 2.450094850964786186e+00
-3.755709100236912956e+00 -1.893108781738202184e+00 -1.040043573937578847e+00
9.704761687520138125e-01 1.189104463579159887e+00 -3.877765933654877539e+00
-1.552321277894399554e+00 -1.490527922636899483e+00 -1.360918255631588636e+00
1.716040310073804642e+00 4.024714246609224055e+00 -3.636944071161337000e+00
2.799961873274121160e+00 1.712012860419371618e+00 1.315496099307141842e+00
-3.728752974684859112e+00 -4.701731239495347547e-01 -1.586652545477173770e-01
-5.563864203760924276e-01 -1.822487131875359712e+00 2.442060705035460355e+00
-3.959592854698901654e+00 -3.946238441954815990e+00 1.076977522041102198e+00
-2.295563659655595945e+00 2.442736918707199667e+00 -3.041491109350595412e+00
1.313810950106741426e+00 5.230512135690374570e-02 2.075265110712257943e+00
-3.054437890853497706e+00 -3.571166421809858882e+00 8.494858261205672223e-01
-9.315110452849689748e-01 -1.862625692204475270e+00 -3.265689129195415763e+00
2.431319684032660522e+00 2.360688449511106679e+00 1.367287269799620564e+00
1.502172792979717952e+00 -3.675473793120620059e+00 1.003180961457957737e-01
2.416179447244044987e+00 2.900743517452196940e+00 -2.002533318221436431e+00
-3.758880254030303902e+00 -1.452577815583743659e+00 2.097978401944200211e-01
3.559827269006624606e-01 -3.832808025304514032e+00 3.048030552485709421e+00
-3.465813644332753185e+00 -2.138328435221601431e+00 3.615313352087863308e+00
-3.110774680934985437e+00 2.276093810286828223e+00 -1.149120094298367922e+00
1.978440029415956314e+00 -2.539531789306229470e+00 1.947689805050544232e-01
1.977096901173408749e+00 -2.097156461799016824e+00 1.914210318510582765e+00
1.324578729068518257e+00 -3.684871162308835046e+00 2.764597118815003807e+00
-3.137781774923069644e+00 -2.580919037993837595e+00 2.116641020916594229e-01
9.673427698110201312e-02 -3.318054428271813627e+00 3.261842057754585911e-01
-2.118209205471525358e+00 -1.687891985197947919e+00 1.730109869873468709e+00
-4.098246000839403713e+00 -1.653545227013371921e+00 -3.578358590802391603e+00
-3.623597945574025037e+00 -1.420845155016401407e+00 -5.493104410077257471e-01
9.524845507647513587e-01 2.011704030224923834e+00 -2.298808976718589747e+00
3.891087632163348964e+00 3.846385647833097110e+00 -3.168362038982131867e+00
-3.070427124135004959e+00 9.605217630405881168e-01 2.826493208489849085e+00
-3.729144783629106730e+00 -1.380930313380166696e+00 -2.671030802876855237e+00
-1.596312740268938324e+00 2.840315925876051306e-01 2.949679328946642531e+00
2.863351135936162972e+00 3.295869346671382427e+00 8.533968737409484140e-01
-1.416773115996443178e+00 2.902528693829861339e+00 -2.172704969554969168e+00
3.331118116682501018e+00 5.113456938236546900e-01 2.492187190164198540e+00
-1.984257546189874821e+00 1.937570849983818677e+00 1.367418400891359909e+00
3.711126762880273322e+00 3.668848808212297197e+00 -5.505359215728378164e-01
8.265350396929603827e-01 1.736301086426586204e+00 4.178878613280367915e-01
2.182124850904496594e+00 4.806389653168608445e-01 3.047051153174490601e+00
-2.180887341586831507e+00 -2.632212935290805689e+00 3.128210893005581639e+00
-3.445647661488457025e+00 -3.668702744550370820e+00 -3.084309050741135483e+00
-4.502408238028575704e-01 -2.228213801957070306e+00 5.513941016706734866e-01
3.074368260249974449e-01 1.207620971386064168e+00 1.191544018004243810e+00
3.884679800579184938e-01 -1.537745894135010394e+00 -3.582111146617611652e+00
2.537655175597986812e+00 -1.545115411281499318e+00 2.694649258779990841e+00
-3.489977407842492774e+00 3.612828363467154968e+00 3.102424543622986364e-01
-3.362502741801259853e-01 2.113014635549350095e-01 -1.313860246809937515e-01
-1.375452211003458380e+00 -1.140720778529917601e+00 -3.950233199429250774e+00
-1.400023007969143141e+00 3.984324156373823644e+00 -1.038993562588324648e+00
-3.089284557719845115e+00 2.902549831053930496e-01 -2.921700735125673187e+00
-3.196221507840723675e+00 3.652472648143712863e+00 4.063179339976347393e+00
-1.509975457393230025e+00 -1.993546689848461062e-01 3.840492484198000600e+00
3.105110594731421703e+00 -4.455731072340837207e-01 -3.828349976597269055e+00
9.968432432802307730e-01 1.334837368635962918e+00 8.906195003024954815e-01
-1.547588320218203251e+00 2.686175942017844598e+00 -3.320030554013236213e+00
-2.773132025580314242e+00 2.757930247806221313e+00 4.060335593612989236e-01
-9.870624635114645384e-01 2.796983709591849276e+00 3.304468550969423379e+00
-1.997937229774006784e+00 1.408183298655220295e+00 -3.935488043968157879e+00
-3.525853842322161480e+00 4.010754716559989497e+00 -2.994754136506878606e-01
-1.890758361101894103e+00 -4.013660379727413741e+00 -4.570678058056996118e-01
3.934903417456240504e+00 1.643952858293850294e+00 -3.849413054053348215e+00
-2.763939967325825808e+00 -2.819053074413760740e+00 2.939730471079148533e+00
-2.408239237123054099e+00 -2.627077860642804907e+00 -4.517708373510483377e-01
4.055598777246577913e-01 -3.981583891601200964e+00 3.489071777619818349e+00
6.616780201945290374e-01 -2.343125716584457674e+00 3.996373105374811718e+00
-1.954870217273806166e+00 -6.661304664979213197e-02 -3.526484584387084453e+00
4.451066444737362127e-01 -1.859600829668296429e+00 4.772497469380490021e-01
-2.877825188005245671e+00 -2.483303654107137159e+00 -1.427809563380226132e+00
2.456179428932787179e+00 2.481849482405005691e+00 -1.495737163417241389e+00
-1.215884219173563041e+00 -1.924437124011036282e+00 -1.335809628845003427e+00
3.665532674593798390e+00 3.298216324703684865e+00 2.002230289516894413e+00
1.549979643755948544e+00 -3.428170800761189518e+00 1.563657426129440031e-01
-3.932873005810940015e+00 -3.057531864218824946e+00 1.469538208570825732e+00
3.665039679642615678e+00 4.047401957181624432e+00 1.564079742860448929e+00
-3.795247573683058651e+00 -1.654272280921027960e+00 -3.981341085102773736e+00
-8.101095548443167926e-01 -1.442937038604239719e+00 2.722748146674114009e-02
2.005722286849433544e+00 2.014656352080184565e+00 2.050108427013184187e+00
7.805463840042013990e-01 -1.699507764100852247e+00 2.765731463147456992e+00
2.189066034767579716e-01 7.539684135744867399e-01 9.881191917975729044e-01
3.418129437475002863e+00 -2.312270805360125137e-01 2.800439098047002862e+00
2.185172084161708828e+00 4.055465731404101604e+00 -2.718638578842846432e+00
-8.944472048176204115e-01 -2.485577928521025992e+00 -7.652478165937723897e-01
-1.283178379708406425e+00 2.147753102520932877e+00 3.347472055286613291e+00
-1.703596178248552251e+00 -2.535364998505419409e-01 3.990319739430567836e+00
3.881343104015457346e+00 -1.825178386460569735e+00 7.408248111597346419e-01
5.309448141540840105e-01 3.248358860358098177e+00 2.905016908030936484e+00
-1.925482256667877756e+00 1.702102264242883800e+00 -8.554582129785781586e-01
-2.619342824263600544e+00 3.300695294703434257e+00 -3.446080944808739499e+00
3.973943938866784542e+00 1.219600238373522050e+00 1.573992168363487654e+00
-3.959696479112157608e+00 -4.511489810211170015e-01 1.190082251164213067e+00
-3.298128614607692688e-01 -3.089675940477278893e+00 1.622237312215913940e+00
1.250531950310944218e+00 1.967999903133225426e-01 -1.535156565735830148e-01
5.067749320092136411e-01 3.640227564294814755e+00 3.606409751267360519e+00
2.018323945073317915e+00 -3.758184362422352986e+00 -3.706896896216383297e+00
-1.341196023323994790e+00 2.844025615210463265e+00 -1.688981657875337383e+00
1.942309164932814136e+00 2.990890590052932563e+00 -2.474037717943309733e+00
-2.665146074899352069e+00 1.710990289027766731e-01 3.388721626309034729e+00
2.840216177713555279e+00 -5.938306425449576542e-01 2.839100667831110147e+00
1.394232624275674848e+00 2.505159475145879000e+00 -3.173975954157475243e+00
2.016451418655513361e+00 -3.042815358827236860e+00 -7.693240431568174609e-01
-3.444147014285559472e+00 -1.567903189921571405e+00 -8.490924669058662611e-01
1.155702235717397108e-01 2.450858493101736091e+00 2.988274750375205180e+00
5.828149502714821129e-01 3.417590113213615055e+00 4.028440345790929911e+00
1.172617011066066084e+00 -1.744558626164033122e+00 -2.977245710803130940e+00
-2.984496081067043782e+00 -2.037883035442912494e+00 -1.024269449961652478e+00
3.919220637508467942e+00 -3.854695486419172479e+00 3.921014932131898778e+00
4.216226657837346403e-01 -2.822812893194552419e+00 3.023110747981298640e+00
1.548567428121579770e+00 -2.108207493350711115e+00 1.803608424899305174e+00
1.169893327803024574e+00 1.880060979720456604e+00 1.571003746548708335e+00
2.856231039626592860e+00 -2.528524736407024687e+00 -3.639373356930110770e+00
-2.701855391482113955e+00 -3.142928735476223423e+00 -1.397427611863070851e+00
3.456219687210417835e+00 -2.179614921421767715e+00 -1.369509272445292192e+00
-4.034298397225791533e+00 -1.219159713994994121e+00 -2.679725864166166982e+00
3.683227482250520879e+00 -3.039654315465842860e+00 -1.116536217042470858e+00
2.758505122508259966e+00 -3.509139426262184891e+00 2.134542955012803667e+00
1.441061918660759611e+00 5.426450888739131617e-01 1.304449822322680363e+00
-6.532044935862039159e-01 1.607761737602143026e-01 1.901191418137856276e-02
-2.202038793838570374e+00 -1.733551226919677113e+00 1.497563981788062382e+00
2.169174898798718054e-01 -4.007801039139926580e+00 2.719117008630210108e+00
2.564808527910437785e+00 2.859929714609578788e+00 -4.105187067129727474e+00
2.123550765593410272e+00 -3.780024418989772261e+00 3.384810137217478587e+00
2.334288989456829277e+00 -2.933157359270858855e+00 -3.250928701185996861e+00
1.820352344480290485e+00 -2.190520220344200020e+00 -1.893973619049774904e+00
-7.268026524521187248e-01 1.193589612006418443e+00 1.253806884751479611e+00
-1.838151987421786426e+00 -2.283061910924624183e+00 2.053018613072354892e-01
-5.964455944745983978e-02 2.948762178542597701e-01 9.666823840486693520e-01
-2.935225044973667430e+00 2.387667639763924488e+00 1.723713625576805075e+00
-4.303313231186790822e-02 -3.875333008038980287e-01 -3.418295373683449156e+00
1.022733869866850887e+00 -2.895034709941943785e+00 5.971061190545736697e-01
3.772920144330519587e+00 -1.277163786148990621e+00 1.747260928778387346e+00
2.787566566095910914e-01 1.658931153497743338e+00 3.806549759266566912e+00
-2.095701512136210198e-01 -3.981604338670843291e+00 2.291071984540970163e+00
-3.692760011128147113e+00 3.582632224393337950e+00 1.297440903715881166e+00
-3.612276739896426170e-01 -1.396826165545463017e+00 -2.928166811811462100e+00
4.450031284984867219e-01 2.139996767531554767e+00 9.734593163498586055e-01
-1.741686085372051718e+00 3.818574870721994863e+00 -3.786585446464571625e+00
4.093209343153343838e+00 4.062507672102888989e+00 -3.468489781815010109e-01
-4.674652630909137963e-01 -2.720678524147343680e+00 1.054499588571178537e+00
1.262673203103408026e+00 -1.829007829062262891e+00 -1.554437545514983476e+00
-4.036110155958348322e+00 -2.834613008561646552e+00 3.281603256009665293e-01
1.290869773001887655e+00 -1.066454536187742663e+00 6.975709598199975048e-01
1.621227312981534663e-01 3.290773080366303782e-01 -1.409865694414093484e+00
-2.480549665661914815e+00 -4.033881601982258758e+00 -1.880873533857957414e+00
2.946725014011314148e+00 1.465850218199097776e+00 1.860823945495355680e+00
-8.259855786761680640e-01 5.124776901918610683e-01 3.199636934941704425e+00
-1.735811968079670198e+00 2.989441360768429590e+00 3.535816131413906049e+00
-3.803725694761390219e+00 2.504893256072369123e+00 8.897647098606199512e-01
3.619218257194034116e+00 2.786013245596285159e+00 -3.093685537461293933e+00
3.901915830937812690e-01 6.687156808483554760e-02 1.630196074243341231e+00
2.415601606742082019e+00 1.936255831550411255e+00 1.475086107386150092e+00
-2.618902346528205083e+00 3.193271983459437635e+00 -1.026912741369304438e+00
-4.071981908791016735e+00 8.806667104301602045e-01 -5.932311829170133777e-01
-1.859014833672303801e+00 3.045004177836689419e+00 1.372535859144905501e+00
3.427821676691331643e+00 1.298088903620245649e+00 -3.423714441364952510e+00
-3.910390692906772880e+00 -3.269917872299048067e+00 -1.540369781219644407e+00
-3.760546981260206589e+00 3.769778474711142469e+00 -3.151547564303195936e-01
-3.416909761413463587e-01 1.567166958752356676e+00 2.738617397017517607e+00
-2.472792906140345082e+00 2.991495050062792149e+00 1.464472470637711243e+00
-1.274967776621770410e+00 7.092692393618125202e-01 1.927921341386938270e+00
3.950814125053157877e+00 -2.886460949237334983e+00 6.664862120575021365e-01
1.227983950427576465e+00 3.170263675157855676e+00 -3.003766034056595036e+00
2.475974393354452463e+00 2.161383256610265313e+00 1.678545590463311754e+00
-2.477290524937052041e+00 2.162518768799288171e+00 -4.079257962026666462e+00
3.322845587016387103e+00 1.473939464787535236e+00 3.562215772646566858e+00
-4.023027240773602742e+00 2.923755294042281516e+00 3.979813697457633914e+00
2.839047899319982804e+00 -4.093596108601705308e-01 -2.483730342981237627e+00
-3.947844714787140941e+00 -1.435450872925918109e+00 3.762312953625399192e+00
-1.849022666632763823e+00 -1.244933852207829705e+00 9.129127240673283739e-01
3.189197422214177013e+00 -2.849065875537457604e+00 -3.578153210203411483e+00
3.219486606929593098e+00 2.275890613484551572e+00 1.529845788463572331e+00
-5.891425321731657005e-01 -8.000165060556352348e-01 -3.191201556108302029e+00
-2.504239956481712159e+00 3.131756156237220701e+00 2.493330405886691192e+00
1.200127441291775510e+00 -3.022618782265027892e+00 2.007315555916883376e+00
-2.823364935874499437e-01 8.780432678925204071e-01 -2.985211371235851452e+00
-3.135958832062660129e+00 -2.159592128231621264e-02 1.338613753929569050e+00
-3.758156723646134623e+00 -1.982119770272722459e+00 2.889430572707161637e+00
-1.933422268261825838e+00 -6.768871208442804877e-01 3.077036345580402177e+00
1.886899747699627428e+00 4.020597123943636220e+00 -4.052248330172539603e+00
-2.352621868408716121e+00 8.777767275142457359e-01 3.230587725176866432e+00
2.846389727822414173e+00 2.804804949413379767e+00 -2.388773448487632400e+00
2.141634614268359993e+00 1.341859687039571369e+00 2.216308917763714081e+00
-2.762799072978524340e+00 2.508192638294652888e+00 -8.187240186237111361e-01
1.397053916998501899e+00 2.151343670298516031e+00 -2.071147090524820822e+00
3.316959727372562394e+00 2.252709820056261858e+00 3.341622809436160524e-01
2.713984768889702526e+00 -2.456391707394960822e+00 1.442860255717113516e+00
-2.904434041384007514e+00 1.544551991092122822e+00 -2.961456334846367611e+00
-7.882125719271045883e-01 2.722738458588063626e+00 2.663621424059339771e-01
-1.248326312253226655e+00 2.396676075503970438e+00 2.515685529563744360e+00
-4.695894050111572016e-01 -4.038337242027539631e+00 -1.138783379829944264e+00
-3.876883498720665733e-01 2.104524664166696812e+00 3.373933680830116355e+00
9.020215402031026009e-02 2.211040807952172393e+00 2.489708081358254166e+00
3.541169514152374465e+00 1.447365892430785950e+00 2.077293350366519853e+00
2.474463666041493148e+00 9.834354497985761112e-01 -1.887668193664048255e-01
3.445270610044891324e+00 -3.644285888240150761e+00 3.393743975121389145e+00
-3.603677556573900986e+00 1.929550405349797826e+00 3.420325265650551838e+00
-2.672791217908446981e+00 -2.201755344407783088e+00 9.533793203505058766e-03
-3.226194947610763197e+00 -2.278963659496694660e+00 7.959429522749279506e-01
-2.775080732884552148e+00 -6.432141863298931200e-03 8.583364309996047714e-01
4.095728069957224271e+00 -2.925821440848426214e+00 -6.311940912866583764e-01
4.604457348958347351e-01 -3.907023472559418842e+00 -3.654450457659172091e+00
-1.172270047188621600e+00 6.667782822733320236e-01 2.483175074665788351e+00
-2.029710994541014557e+00 1.889478763492949687e-01 1.972727290066457195e+00
-9.878785464015715778e-01 -2.761855329852411778e+00 -1.828892228081800519e+00
-3.559233158153303489e-02 1.423647825381492149e+00 -7.749866319257808778e-01
-2.408883889076472773e+00 -1.606145223748887796e+00 -4.088019018360920853e+00
-3.198022330782744227e+00 -3.972814446435497970e+00 2.542820384953047519e+00
-1.063844100704973927e+00 2.157180668820005476e+00 -3.729255505764103251e+00
-1.457847003273193165e+00 1.866003927482925207e+00 -7.126523714198665371e-02
1.979634397100637155e+00 -3.960811974852608497e+00 -2.480829515205389413e+00
-2.963465983592942443e+00 5.807075368472036647e-01 -3.661865381734051628e+00
3.829924741538243804e+00 3.782733471843310546e+00 6.737478284144519103e-01
5.390120487809719751e-01 -3.923729828239659323e+00 2.502705270060638476e+00
1.471765263424507308e+00 8.520530301754682956e-01 3.891477601919222651e-01
-1.350566697684773221e+00 -9.490108591600707744e-01 -3.962335564338411498e+00
1.700879928838685995e+00 -3.617999051584849912e+00 -2.918607091674620069e+00
-2.182448504151605739e+00 5.578448070953964666e-02 1.718065636419477682e-01
1.092610205158659920e+00 -3.898973873769322029e+00 1.265267243899271588e+00
3.324978419608521474e+00 6.450703195016022073e-01 3.895910336981675659e+00
-1.920914009048878546e+00 1.877498813338456252e+00 2.021047790944557665e+00
-3.963795978465146419e+00 1.599969157243483542e+00 1.549772554337636443e-01
2.139411631730786745e+00 3.142428448450413470e+00 -3.460451557726835325e+00
-3.349373796283567017e+00 -3.009036488095995221e+00 5.992787862897017703e-01
3.605650079276057074e+00 -1.994830332649826676e+00 -1.710060003759322100e+00
-2.999178308491646128e+00 2.682289380097079068e+00 -1.368535058412619465e+00
2.781428103786566797e-01 1.603699820518761809e+00 -3.697233899628110887e+00
-3.250176436901461852e+00 1.150017710852751174e+00 1.941079013059340275e+00
8.788203754514425370e-01 -2.139795969795437180e+00 2.245620735121580225e+00
3.464565692945423159e+00 -3.927845895578612190e+00 3.899450985319591556e+00
-3.959690589091535262e+00 -2.375566875244750076e+00 -2.981370811871293824e+00
-2.623359537139172915e+00 -3.368842632699023731e+00 -3.551558807742342783e+00
-5.616684396656721479e-01 -2.463045845978863113e+00 -1.335120646796416066e+00
-1.549580615673735284e+00 1.270289210335276975e+00 -2.532030493770599300e+00
2.239532790259855410e+00 -6.456761632374995175e-02 3.468173170714556441e+00
1.444052844500698374e+00 -1.505759132797663158e+00 4.072873987345540847e+00
-2.021588476676891233e+00 -3.193796982979586474e+00 8.954157240175254495e-01
-2.719642792658698571e+00 -3.057972181421739766e+00 -3.668567945595286872e+00
-2.097520276820288743e+00 -6.694962816854016507e-02 9.759703560012770174e-01
1.738796640071425204e+00 6.729150789210475159e-01 -2.436648442221033939e+00
2.018450238672419239e+00 -3.654400475412439508e+00 -2.013670739542367527e-01
-5.635781047844364844e-01 1.164295005724997001e+00 1.834308758105529291e+00
-2.441580735522337620e-02 3.601277122536217234e+00 -4.109558158715649334e+00
-3.376412360063756335e+00 -1.408430268772685512e+00 -2.077684580172016737e+00
-2.855831474247531254e+00 -3.459931682378410756e+00 5.185226669410889500e-01
-1.787233092264421730e+00 1.442451215671601616e+00 1.693888583893954802e+00
-1.512249662553974972e+00 -3.372152139439507756e+00 3.153621253342587805e-01
-3.529127671417295886e+00 5.199523582383113185e-01 -1.140593572090402352e+00
-2.595958667269727904e+00 6.385943227325324711e-01 4.675478342049502190e-01
7.610328052089060380e-01 5.920997052893086643e-01 -3.767603547294349209e+00
2.675173163967687007e+00 8.830763538273266322e-01 -2.307259683407834050e+00
-9.433491729888361377e-01 1.926862666951811187e+00 2.760391375410337300e+00
-1.596591455598222131e+00 1.919211926410122893e-01 -1.713899581203018219e+00
-3.612706604933986210e+00 -3.465626964848154690e-01 3.879419134414459958e+00
1.096870673563473231e+00 3.991203939348855201e+00 -2.667211604844290651e+00
-1.241696448891554283e+00 -1.071593323268944964e+00 1.591750190332908765e+00
2.501746659543530038e-01 7.051540188326133052e-01 1.776502975424859132e+00
3.944704974975004053e+00 -2.400030093485471472e+00 3.393480309894861602e+00
-6.226522267808888289e-01 1.161767076382295594e+00 -2.363910561482962525e+00
2.557923967431220635e+00 -1.486320625528054773e+00 4.404636439192711334e-02
3.140240789165000379e+00 3.579327599497100776e-02 -2.443792457323218148e+00
-2.950662085993709938e-01 -1.920088818453530299e+00 -3.819843794833665651e+00
-2.900656018713587248e+00 1.971129748043209728e+00 -1.149910362580682938e-01
-3.193642444599599894e+00 6.916807325320371014e-01 1.561295287999822368e-01
3.008971112002194914e+00 2.265562418136557010e+00 -3.807311877353295237e+00
7.310744454657045477e-01 2.286236583825623558e+00 -3.545763190935969256e+00
-9.509409786798999065e-01 -3.068586591910432482e+00 1.165525600185991939e+00
2.488468172142885848e+00 3.851072174519285962e+00 2.345543756953042180e+00
4.030113059708791745e+00 2.023280975283153982e+00 2.026052171137551206e+00
-3.476888209147825926e+00 -3.652236962841940215e+00 -3.351793504848613603e-01
-2.502031863305664849e-02 4.582409977757359587e-01 -3.409249046174664510e+00
-2.594586141338808716e+00 -3.067116155077562301e+00 -6.558068115315337510e-01
-2.971096334997302524e+00 3.202321223404370087e+00 -3.882809770070644095e+00
-1.090437988521433255e+00 -6.439378661931267622e-01 -1.372351572483716531e+00
-3.391281686520150718e+00 3.330385306316946625e+00 9.476456176166219159e-01
-3.059676141502686297e-01 1.721514411594901928e+00 -1.475894297747958328e-01
2.895673237146405121e+00 2.882772586812644811e+00 3.195611485131000684e+00
-3.838122786115302443e+00 9.722240627448304195e-01 -1.756389546737270990e+00
3.547063204148963589e+00 -7.688373743579387520e-01 1.815888304113150165e+00
1.317265892134818595e+00 -1.830224246617440986e+00 8.436681915587426195e-01
2.642515577078681677e+00 -3.900312989284892673e+00 -3.763359480279350189e-01
3.948018295870602490e+00 -4.590599406122140014e-01 -3.532843494611881852e+00
-2.912425632973284273e+00 3.062253737330121073e+00 -1.797498178081779585e+00
1.566151976571550586e+00 3.356228741149203554e+00 1.554026890830846774e+00
3.631996807238432545e+00 3.221333145672744536e+00 -4.110051444441267243e+00
-1.815104226432420198e+00 -2.962501660557683159e-01 -1.043247345162756856e+00
1.212960915699743847e+00 -2.944262106013447511e+00 3.376243358223767643e+00
-6.007277349436661584e-01 1.669401132601412652e+00 -1.981478003051776682e+00
3.788085785009369211e+00 -2.661833014781056495e+00 -3.421446628334916529e+00
-3.916045040640277808e+00 -1.468814457338376289e-01 -1.878400054145945353e+00
1.925122405511285217e+00 -2.305491053689461722e+00 -2.189460287313433895e+00
1.967721477639455818e+00 -4.031892719109059442e+00 2.435530555388632834e+00
2.908514550780544550e+00 -9.327284575588091764e-01 5.722788511764554942e-01
-3.018821404418878807e+00 -3.172579008244461374e+00 -3.069496262710783796e+00
3.900607429266536585e-01 -9.013798228516537447e-01 -2.587776224162809058e+00
-2.306723773571902392e+00 -2.239950023933686474e+00 -9.103300027885241619e-01
-5.794699784645740426e-01 -8.506837263790809067e-02 -6.842219250747281212e-01
-7.795199994439049318e-01 -3.972846809670340651e+00 3.254188760195281027e+00
1.342332893942137506e+00 1.774033067209896952e+00 -2.171961437199493083e+00
-1.627352512701520482e+00 -3.612393404663019059e+00 1.059038285225652576e+00
-1.924435915444673517e+00 3.248305301140001156e+00 4.078091644425392293e-01
2.123351534499145821e+00 3.176256396395347625e+00 1.581352450873160231e+00
-1.221079585121641831e+00 1.343471327081508515e-01 2.263730042404482612e-01
2.387822412190207633e+00 -2.780311583862202340e+00 -3.836564806179513010e+00
-4.073002185398384434e+00 2.378409628523037611e+00 -5.780582691025812903e-01
-1.802741550692826156e+00 4.058375317981201214e+00 -3.470836735859194722e+00
-2.032905181115509663e+00 -3.806213665805749713e+00 -8.517377257921050493e-01
8.365499117204289181e-01 3.160514725535266134e+00 -4.391080855306617181e-01
1.748310629871476118e+00 2.870562359892673054e+00 2.378160490460016874e+00
-7.446797031794628596e-01 -2.673280373607192395e+00 -3.372774406657558899e+00
-1.979910794215759218e+00 -1.992379961069650651e+00 -3.182930814387540108e-01
-3.965702391671632188e-01 3.059398389857618916e+00 -3.119292822306899637e+00
3.928567199711943569e+00 3.167604807379867715e+00 -5.815241695752376705e-01
1.634562475866845777e+00 -2.317693094858021219e+00 -3.706719813869327140e+00
-2.752088506533224344e+00 3.384684606153854691e+00 -2.263312454305757448e+00
3.233736851346670438e+00 -1.790486277204752064e+00 -3.232606768330133384e+00
-3.085548952040008786e+00 -3.296688741471799577e+00 -2.281739872306403072e+00
-1.889711306751964415e+00 -3.284760598215785254e+00 1.697235373197653940e+00
-2.976749506029177095e+00 -2.240575795932543191e+00 -3.419038976980215416e+00
-2.401567775151778328e-01 -2.971107393632283600e+00 1.346688058013911560e+00
-4.094571817441044814e+00 -3.310303354448258073e+00 -3.941468936501102416e+00
-2.893772215667117509e-01 -3.090350142583478288e+00 -2.393776549918718466e+00
3.243425291536158994e+00 3.437921409600256162e+00 3.309374742999861230e+00
2.216701447388591539e+00 3.378025589612964730e+00 1.974732680130994567e+00
4.076028974698517438e+00 9.236529412121674554e-01 4.010659403651221311e+00
