8.220706914434900980e+00   8.220706914434900980e+00   8.220706914434900980e+00
500
-2.198275567948208664e+00 8.378555567370125079e-01 -2.128467330440989791e+00
2.403155524693197098e-01 2.315491323787112865e+00 -3.208968163169149346e+00
-1.017671017440451964e+00 -7.988560202071136318e-02 1.818578799146951808e-01
3.747456033995943070e+00 -2.090951569655428166e+00 3.849061839946788410e+00
2.654377867658554990e+00 3.091920318870503559e-01 -3.503243608818660260e+00
-6.258014220492623680e-01 1.649994954641773148e+00 -3.454977942655228063e+00
1.012009106317363294e+00 -3.246481348788520016e+00 2.381510283388819982e+00
-8.110060164353830592e-01 -1.095428711299289537e+00 3.524384271976641614e+00
1.878221582095462860e+00 -2.852624941389941604e+00 9.929143204422444802e-01
7.294994582665175198e-01 9.248430145779659162e-01 1.771969725994940514e+00
4.911597102336868748e-01 3.840711321735939432e+00 1.530561973482736704e+00
-1.438542618361007497e+00 -2.574956414878338151e+00 2.565185305954865491e+00
-6.126966123625608995e-01 1.081160330977013473e-01 1.154450661402678824e+00
-2.557595399988031648e+00 4.361208915287405063e-01 3.967476615582823385e+00
-3.113442312682050517e+00 -2.244931307853040015e-01 -3.734402900383077206e+00
-2.406469529954420317e+00 1.364690649294214131e+00 -4.046687390995664657e+00
4.642700500293305277e-01 -2.123015776577629854e+00 2.704761665966827877e+00
3.392066324324410909e-01 -3.291194595477499707e+00 7.988814026892934739e-02
3.857327948646652516e+00 3.019794774303230955e+00 3.388765161961139416e+00
-2.360174903002498326e+00 -1.680245309535815412e+00 1.187888813532204102e+00
-3.214077183382208158e+00 -6.544484261310450357e-01 -9.938744861829612587e-01
3.857028259897763878e+00 -2.868117116423972046e+00 2.226751508285787384e+00
2.801092315212182271e+00 -2.369007146558304022e+00 2.273199814816828201e+00
6.259896269896001453e-01 -9.381809462609187467e-01 -1.233665164233921363e+00
-1.090253818362858729e+00 -2.107895008118653379e+00 3.686594787710194332e+00
7.655874638090307549e-01 1.198623070409810643e+00 3.289468596705608761e+00
1.458236156979615394e+00 2.075589994458930221e+00 -1.238694377079189390e+00
2.351683809974208783e-01 -9.013166790821603991e-01 1.425547703623672557e+00
-3.737106553075456028e-01 -2.751224288744686497e+00 2.722173569513588465e+00
1.321579021253018293e+00 5.101102762594759144e-01 1.014319337485110495e+00
2.762875883963848422e-01 2.181073066518086190e+00 7.867933020485673445e-01
3.301302441841870383e+00 -5.500789330894816365e-01 -2.834729561746374582e+00
-1.341512768933816879e+00 4.044172416523524660e+00 4.032386252229006374e+00
-1.724022378419979074e+00 2.221415110870452292e+00 3.547471814479445040e+00
9.160940860726451973e-01 2.947692430084228654e+00 1.147549150082951996e+00
1.708200367776657291e+00 -8.213901307802508045e-01 -1.468614646048335803e+00
-7.551061761683881546e-01 2.167650963665839647e+00 3.864910311602943960e+00
-3.277893202481771073e+00 2.756096432767161541e+00 2.555252368698625265e+00
-3.158748154494162907e+00 -2.309392268321088793e+00 3.956897466699051069e+00
1.968587182275207237e+00 2.962175352025325115e+00 -1.578174519958808864e+00
-3.992861008925056243e+00 2.429170704570345229e+00 1.790834812477363425e+00
7.763668618262500321e-01 3.747545265254028202e+00 -6.970222669003819371e-01
-1.480451205769328649e+00 3.672292131295646023e+00 3.082130054156158039e+00
3.769039032439086778e+00 1.010315850830501905e+00 -4.912960773212509125e-01
7.876321228794441742e-01 2.024896521739905975e+00 1.745603134490143704e+00
3.210749724820577633e+00 3.495122817541156834e+00 2.227904191038140080e+00
-2.709237979315832767e+00 1.256301806847115454e-01 -1.254181654409004754e+00
-8.856478426333771470e-01 -3.120109549898064660e+00 -2.562688293864173961e+00
3.608322298366079650e+00 -7.182014067918783828e-01 3.033018603134017610e+00
1.635613809539963937e+00 -4.033717637841846226e+00 9.989347529831674177e-02
2.410226952580338811e+00 -2.954786169541668839e-01 -2.243034664673600798e+00
-3.891221203032062093e+00 4.757354075499977686e-01 1.850986627355114544e+00
-2.808886193481781923e+00 -4.373146663912947374e-01 3.392763992953312879e+00
-3.725300867077622424e+00 -1.614616661863976566e+00 3.433953108031896573e+00
-3.066138866482360781e-01 1.098085793222123074e+00 3.559750802729792607e+00
-2.415802484117570259e+00 1.262990571938640061e+00 3.167491004287049883e+00
-2.426613209910427393e+00 -2.693641448962217355e-01 9.975024395215911222e-01
8.750343287301025619e-01 1.342947707398893575e+00 9.304641722955189209e-01
-2.309914179863906014e+00 2.954221816900960973e-01 2.889824721677447972e+00
2.688575428750535234e+00 -2.846889883159727241e-01 2.807940872504227858e+00
-3.129069291012493537e+00 -3.274347887905024179e-01 7.364508865620442157e-02
3.328281808817890486e+00 2.645553605514912920e+00 1.675368762886813911e+00
-2.651164885640428182e+00 8.606348169287117988e-01 -5.173275819647527030e-01
-2.496389597106021263e+00 -2.681303656678280412e+00 -1.781928224376909453e+00
8.697679466247172642e-03 2.374428577917420957e-01 3.969865900149681881e+00
2.477719089557713250e+00 1.323916950806404147e+00 2.485068594310550161e+00
1.460466009404428833e+00 -1.685692048858932868e+00 1.570023504435253292e+00
-8.313141812807539610e-01 -2.027548627613900978e-01 4.020020788908952980e+00
-3.045932027299155909e+00 -2.084846528924011011e+00 5.511665543825886582e-01
-2.499150192466168097e+00 3.385911377023421043e+00 -2.555733794355119493e+00
2.393859023362888028e+00 1.797866440833173707e+00 -1.158700756889651462e+00
2.542909595747060880e+00 1.465484709371353889e+00 5.991702861553076520e-01
2.958181212665552007e+00 -1.812080961758159248e+00 -1.138850177365852812e+00
-3.227859199292895109e+00 -3.818636868767502968e+00 6.753810710030681008e-01
-2.326976559610228090e+00 -3.716372543052651078e+00 -3.405780738402869101e+00
3.988042348263503456e+00 1.132879033669063951e+00 -1.617427564646827021e+00
-4.956480096396086443e-01 3.459346689889773785e+00 -3.534158773875521131e+00
-3.138264992320425883e-01 2.896275282800424122e+00 -2.738810309401834342e+00
2.599436111969970487e+00 3.762289677867083348e+00 -3.520690768247136226e+00
3.093828926975344285e+00 2.360875042964387660e+00 -2.354252267652062969e+00
-3.195438438303666029e+00 1.187007800048385242e+00 -2.081549589895545616e+00
1.910848882822337336e+00 -5.653446159178469044e-01 -4.060232668640290754e+00
2.656559352463617518e+00 -3.494049019133980583e+00 6.595178788114726132e-01
-1.524939047923513646e+00 -6.910971762226659765e-01 -2.561908947603869446e+00
-6.808739170492228432e-01 -3.828443853693878740e+00 1.412023352117194180e-02
-1.909905890039473864e+00 3.180681106539551717e+00 3.804673119499902612e+00
-1.758813389082787726e+00 -4.104956062264597527e+00 -2.604085830229173393e+00
3.462348918748413329e+00 -2.278152723867668872e+00 -3.242764546392952862e+00
3.948979590633924008e+00 -3.728845410914729097e+00 -4.099930648473680606e+00
-4.065149439642490314e+00 1.483585579106656338e+00 -2.771479409739682875e+00
3.353949817046184556e+00 -2.242387873026234768e+00 -2.138889631552849391e+00
4.468802598022041939e-01 -2.673940376556536602e+00 -1.404505892474679163e+00
-2.926230965433286535e+00 -1.249176137770244832e+00 2.862929243667204471e+00
-3.092738913178911364e+00 -1.368156036014868571e+00 -1.797907238123165108e+00
-2.680444377843519632e+00 1.612678350125080540e+00 6.353108394685162974e-01
5.325054336348482575e-01 1.094714832274366723e+00 1.081876951734271342e-01
-3.872511970173018625e+00 -1.193610831791533489e+00 2.382272005502090728e+00
-2.644372471129629587e-01 -3.826602119952891901e+00 3.601923531889225316e+00
1.445665308255321246e+00 3.861164936335138353e+00 -1.554705528624351407e+00
-3.528379000339437188e-01 -3.311070960131372143e+00 -1.767891100941059168e+00
-5.129326132064462307e-01 3.868510843394057375e+00 2.895527818341249393e+00
-7.722631834140915030e-01 -1.431405283295635433e+00 -2.354873764606634889e+00
3.196473217879035378e+00 7.225117273425262221e-01 2.680860422507853169e+00
7.493084879611009441e-01 2.939183408149254717e+00 1.042637328613622433e-01
-1.168015639622370427e+00 -3.850676971561340256e+00 -8.661434194585956314e-01
3.497069614085838829e+00 -3.471565762160047086e-01 3.117906259097655286e-02
1.439217829384643321e-01 -3.026926805691240396e+00 1.926814423560535783e+00
1.196607009273677580e+00 2.712523285646258664e+00 -2.219353584183056505e+00
3.299540044161733743e+00 -2.629354648258898308e+00 1.415622452767637984e+00
3.318173597719631829e+00 3.746272600848954859e+00 -4.100534935318053797e+00
6.148136822875770457e-01 -2.079530655576648790e-01 -6.627305185523294506e-01
3.589467933932288357e+00 -8.285749956901934665e-02 1.173926733486362339e+00
-2.000164145867955767e+00 -2.221012034265388846e-01 -1.825301334740466075e+00
4.730499065400042141e-02 -8.123081225793977733e-01 -2.295152044008696102e+00
1.641364126128392220e+00 2.362500543146607956e+00 1.479249944991765320e+00
-3.397337070751614174e+00 8.532188528118763715e-01 -3.406120230065939669e+00
2.610832729164705324e+00 4.094616488312753155e+00 -2.602078976660304743e+00
-1.851434627827264423e+00 -2.994502465524824686e+00 -2.662899316997811905e+00
-3.713794356753401082e+00 3.547559456046288417e+00 2.784694467085670588e+00
-2.321440981543617887e+00 -4.341331265965869268e-01 2.145357940382044859e+00
3.371441284355300994e+00 1.749564221638876926e+00 2.230579411042475257e+00
2.578067905742029264e+00 6.867160324113196213e-01 -1.139228634124252126e+00
-3.956137297940141850e-02 3.195071926061959222e-01 -1.720434660045015995e-01
3.488275191840564116e+00 -3.034687577486115728e+00 -1.488432811952107970e+00
-3.923262566907549598e+00 -3.857716103499386318e+00 3.180936652793839414e+00
2.504177509590565176e+00 -1.255936577280325261e+00 2.733481797079862385e+00
2.581469870497727470e+00 1.979130347568549109e+00 1.550444134762111847e+00
-1.666693510284949775e-01 -3.770344236476456778e+00 1.009198433834632924e+00
-2.599618434700113667e+00 2.624587932696360593e+00 -3.866885405038177570e+00
-9.298152280466476238e-02 1.386519716942589797e+00 -2.066549569492499128e+00
3.431465459676118712e+00 2.291881326868513646e+00 -1.329523847267842118e+00
-3.871939946492619189e+00 -3.455165187662288417e+00 -3.087874700046459253e+00
2.337260911176256784e+00 2.930444075580379781e+00 2.108334714237307228e+00
-3.817284092142005480e+00 3.588472838642159601e+00 -2.383444450441639439e+00
-3.762414530002567314e+00 1.461124580916476789e+00 8.824314842286407057e-01
2.461755676459581377e+00 -3.389792165320922646e+00 -3.334139813359723981e+00
4.082341366792703319e-01 3.490792908439545261e+00 -1.822196907026401913e+00
-2.411074055462554711e+00 -2.881191931646984727e+00 2.234854912211995170e+00
1.936650595857364321e+00 2.161500475803336263e-01 3.668248326750449095e+00
2.883380140110649581e+00 -1.530732935340393785e+00 5.704678593775207585e-01
-7.135766485815417948e-01 -3.081224521312102560e+00 3.983815183096884205e+00
-3.226208428286117424e+00 -3.586229462403633939e+00 3.834588176171788820e+00
-9.305843984815997949e-02 7.825876515353775709e-01 -1.253380326192718330e+00
-4.042533028394908357e+00 -7.304117919671349046e-02 -3.468352622782018724e+00
-2.048010441740959031e+00 -1.306568931697616565e+00 -1.923979796522299779e+00
4.015505625274076174e+00 -3.901832249957213339e+00 5.617584858860810160e-01
3.910044960039825490e+00 -2.110081072249182732e+00 -1.385234799404892803e+00
-2.042390108398345561e+00 -7.606387782002222986e-01 4.082219187302008834e+00
-2.052978054022602361e+00 -3.146556429933323962e+00 -9.568745767956660098e-01
-2.160547073751160063e+00 -1.125449490396213781e+00 -3.013420810180745257e-01
-4.066809478384968202e+00 -3.711629646097000634e+00 -1.196713232292718976e+00
1.793678358322261079e+00 2.511500133828139969e+00 -3.073188861103153258e+00
-3.638825920327927843e+00 -7.043564878322468026e-01 -2.455706687896913376e+00
9.862482674881055678e-01 2.210601695341416206e-01 3.689901202287473758e+00
-1.217676971923772111e+00 -3.995813783451644952e-01 -3.371256781880419773e+00
7.381859164026045583e-01 1.183448938885277135e+00 -1.496243337375459559e+00
9.598631476853528577e-01 -3.491109283372131777e+00 -7.301033665889532509e-01
-3.310475106514139121e+00 2.440567623360317295e+00 3.143942178011909783e-01
6.115629431925159176e-01 -1.049048045874725776e+00 -6.387158246607481382e-02
-1.887363623491474351e+00 7.008162114135616516e-01 -1.132424802716072376e+00
-1.250910705328275752e+00 2.828275823200661065e+00 2.688343552933763814e+00
9.599672956038295402e-01 -1.550768542292533914e+00 6.824512890873877247e-01
3.170319719812995096e+00 -9.984419352872182518e-01 1.838613301530235278e+00
-3.119494558286886488e+00 3.501952325526658694e+00 6.388475711286868419e-01
9.090822115751682198e-01 -5.769735400791271840e-02 2.783020814886407734e-01
9.980875170171963351e-01 4.022233719484588077e-01 -3.483908849000992625e+00
-3.342276036662857663e+00 -2.257029887420340941e+00 1.538531804973926720e+00
9.022538847019220265e-01 -1.347748143109641861e+00 3.263665562482036986e+00
-2.323214742725382642e+00 2.896177951834975950e+00 6.038375777402661404e-01
4.094005700015969751e+00 2.190196377033491792e+00 2.765370338061110100e+00
-1.487691328016775172e+00 3.948612937955323088e-01 -2.662218930957589880e+00
3.289444979327120211e-01 -5.168936024700186982e-01 3.298005479059594514e+00
2.807440910093430109e+00 -4.045731262723029076e+00 -9.273190690027575123e-01
-1.125427679563185235e+00 -4.093937033192448283e+00 -1.803908771196323091e+00
8.341644089563251541e-01 3.876273228088719325e+00 5.500134691107725349e-01
1.670739665934493079e+00 -3.458436291662001505e+00 3.735197158482665980e+00
-1.442271840411564199e+00 -3.488147006330949651e+00 2.086986210046041457e+00
3.187756038656780699e+00 2.319305266862276227e+00 3.152864397539109742e+00
6.831945973815461981e-01 -1.613849777748967318e+00 -1.834346446095832306e+00
1.006481635055661350e+00 -3.066216227300596397e+00 -2.969109230464932470e+00
2.119504876954427658e-02 -2.157565662094619974e+00 -5.677613332860951267e-01
-3.157562910906847264e+00 -3.015858561953256078e+00 -3.615674042766512830e+00
-3.002071389353927700e+00 9.139412331300612591e-01 2.353132143748690730e+00
-3.125924526847979834e+00 -1.177847723767204258e+00 -4.065560597749565019e+00
-1.383488573960687473e+00 -7.842142684824207066e-01 7.487668179281168346e-01
1.776710488409425581e+00 -1.028232565917121394e-01 -2.920686172399730385e+00
-6.863187550261508341e-02 3.169480243725661062e+00 8.805848872157726603e-01
6.478604641929458507e-01 3.513574668294831671e+00 -2.777093207346470471e+00
-3.020068773893004543e+00 -1.418739956309636563e+00 1.939604722244192336e+00
3.504630663771728383e+00 -3.605315094246050567e+00 1.340399295095063170e+00
-1.505752809586794028e+00 -2.955230028130854780e+00 3.543858952526622641e+00
-8.998240914102139110e-01 1.123808611718597028e+00 1.536061631791526327e+00
1.694254299730026503e+00 -4.047633130396516954e+00 -3.264624652850493636e+00
-3.569389694461629903e-01 -2.758443839293773792e+00 1.112585234692306191e+00
1.214815919895360974e+00 -1.348896381977384706e+00 -3.896691412651743569e+00
2.528507142233063387e+00 -2.672419222759062851e+00 -1.589004782375558644e+00
1.337296581236820936e+00 2.149763477833288583e+00 5.819704148245080644e-01
-4.098142812379491851e+00 2.850671427024391580e+00 -3.915315399211927616e+00
2.314997540849831115e+00 -3.075736763085044956e+00 -3.762056312724923468e-01
1.864650347551979115e+00 -2.858605437558195295e+00 -2.362665030436585933e+00
7.988914831404738681e-01 -2.287351526205618324e+00 3.619519020799682352e+00
2.719809612837706503e+00 2.636422938357731560e+00 7.205544575284348330e-01
-1.535480114211766001e+00 1.417392465590748829e+00 -2.923182058481266221e+00
1.016637805363596936e+00 1.749265088821669201e+00 -2.285072257475132318e+00
-1.823322406753070668e+00 2.289702032663848197e+00 1.025666694891934488e-01
-3.095539402702401244e+00 -4.050052714686415811e+00 -2.794101909319302468e+00
5.817255449966319825e-01 -3.702683067273315309e+00 -2.429323565181372047e+00
1.956327684394486788e+00 -2.869233293080174718e+00 2.146049046244871583e+00
-1.750298689042988631e-01 3.796334770324617747e+00 -8.798211634754110611e-01
-4.275222666680473238e-01 -1.773865542398326722e+00 1.848290653859059551e+00
2.362806821592116080e+00 -3.634702261482368968e+00 -1.762583996758645632e+00
2.946878664028447670e+00 -1.683195320340471479e+00 -3.915777925756678268e+00
-8.545945817338821415e-01 -6.838199481780992128e-01 -1.673217173396123636e+00
1.697227739347570763e+00 -6.769534830471772846e-01 3.089367738223338655e+00
7.450540993673459012e-01 -3.237951706796020623e+00 -3.957033615265677540e+00
1.479861907591100589e+00 2.554404566807340515e+00 2.454767377221971802e+00
-9.162033856530726883e-01 -4.008433800967366345e+00 -3.179658821721405459e+00
-2.774293145929731530e+00 2.149326818955521912e+00 3.096449557023435162e+00
-5.421375055278856436e-01 -2.746190663894100048e+00 1.703887019114126988e-01
-2.892543811938606435e+00 -2.990224796364537418e+00 3.020890951315287065e+00
-9.872627617961092783e-01 -1.455599504750399564e+00 -5.996538647755569329e-01
-1.983025054911110141e+00 2.627048459238782829e+00 -2.919842711763787957e+00
-3.118983394213494353e+00 7.017448102922952957e-01 4.428654421282877673e-01
-2.603765183103717185e+00 -7.296727444363872994e-01 -2.448962353804328806e+00
-1.818872045918609459e-01 3.414494923801680404e+00 2.103999131070570794e+00
1.115180707697280837e+00 -2.284310699024906022e+00 -2.399449309722745838e+00
-2.066334077313100703e+00 1.009008788925642858e-01 1.089613643639515683e-01
-3.341025704252622130e+00 3.248014375953348409e+00 -3.188866210373812571e+00
-1.796355078479810796e+00 3.656252179779527989e+00 1.895941592497927264e+00
-1.571720251750360120e+00 3.450015031744650074e+00 -4.465997228105248601e-02
-2.021258686314698905e-01 -1.478813575361609622e+00 -1.372201597686006025e+00
-2.258500584581126791e+00 3.046268379290725026e+00 2.867754771782457190e+00
-3.343110904366375369e+00 3.183582671092995309e+00 1.478166678570935311e+00
3.482683202390040922e+00 3.919051764260403914e+00 3.072672056913040795e+00
1.460124705313931681e+00 1.355859261926473769e+00 2.224662624413678014e+00
-2.802600711501426756e-01 1.368758780727666879e+00 7.104645802397275833e-01
-3.225880428505534692e+00 3.534903405343723826e+00 -8.782450691536266563e-01
1.113787013616841293e+00 3.093491366691190514e+00 -3.557678736205310166e+00
-6.554697157111555317e-01 -2.919959807177002098e+00 -8.659864306681825941e-01
-1.287872935844948941e-01 -1.899958291195470217e+00 3.551669486868044956e+00
-3.118689722178610069e+00 1.425198750990476770e-01 -2.219014860350929652e+00
1.518223781743593515e+00 2.056371875317767883e-01 1.918693898278856835e+00
1.250318499661120741e+00 -2.444823313644032492e+00 -3.796525064091059942e+00
-3.590898256127849741e+00 -1.205794848612870229e+00 6.338516019407222091e-01
-1.729826991728117269e+00 3.450521382211900190e-01 -3.798691637819740397e+00
-1.427013524402054756e+00 -3.284458641112201871e+00 9.975436466921068224e-01
-2.014165106034035535e+00 -1.912802774840771658e+00 2.124191192946921269e+00
2.961967270227352511e+00 2.770485013355029058e-01 3.611001666891515249e+00
-2.063079993801712586e+00 -3.574388583702172273e+00 3.037245617771004103e+00
-6.501571575552543558e-02 -5.546782345394466462e-01 5.481242281003193551e-01
-2.560095186249643273e+00 2.984368545897622127e+00 1.964934440562319251e+00
3.037266465735366960e+00 -2.755616846860327041e+00 3.752452650029931558e+00
1.389939864910209932e+00 -2.790709522152800659e+00 -1.064050615869581995e-01
1.762238292978128396e+00 1.400302675902110328e-01 -1.964064717032986129e-01
-3.527635529475058096e+00 2.150428024068865795e+00 -3.444321757841926512e+00
3.833903738275346473e+00 -1.284977287665348245e+00 -2.119616347806573486e+00
3.543841656976060683e+00 2.053605851664174420e+00 -3.358691151981298084e+00
-2.256898091783272609e+00 2.629017044397718550e+00 -1.522363925414606634e+00
2.440776550031687364e+00 1.764582571983813519e+00 3.454854920567947296e+00
1.018471526266260918e+00 1.940740963508660100e+00 -2.788879636978259802e-01
4.909500601427284616e-01 -2.060730259371570394e+00 1.697938076553324960e+00
1.009276368755693598e+00 -5.760577609763891660e-01 2.212372752065977277e+00
3.986759490705819697e+00 2.518924678319046651e-01 3.190055721182248227e+00
1.920057417128756772e+00 -8.791563612066398692e-01 1.985555088387207068e+00
3.236664530205117796e+00 -2.663655917934263151e+00 -5.054674647948199651e-01
-1.067454458370993509e+00 5.130754239290398200e-01 -5.653409225910502878e-01
3.353640321050497697e+00 -3.938186671917933701e+00 -1.781250692696256799e+00
-2.719177157436480474e+00 3.647920838306669911e+00 -4.019853079658139983e+00
-3.885748573159216179e-01 2.908237294701403020e+00 3.143970032090368960e+00
-3.074684865683851687e+00 3.101647556739034250e+00 3.475963204529987305e+00
-8.776082037058694496e-01 2.866552461998886248e+00 1.688093656146198773e+00
-3.599125851423614630e-01 -2.716191903072125768e+00 -3.368441236824447849e+00
-3.701904613774485320e+00 -1.873496289954467153e+00 -3.522267365308415332e+00
1.356597216453431676e+00 -3.089165762189225006e+00 -1.564129428393273402e+00
1.604046551940223386e+00 1.144311463403272278e+00 4.025710795917071927e+00
-1.141750337177382724e+00 2.277111353636795954e+00 -5.846424965196030943e-01
-2.346796954508348243e+00 -2.737927824560283163e+00 3.703786832539632812e+00
1.788738960814966417e+00 1.214314318852967034e+00 -1.623486399034188121e+00
3.588927659471750520e+00 3.328908200802369599e+00 -1.094151013442644871e+00
2.016554155594919295e-01 -2.674467989803069212e+00 -2.513734928234578003e+00
3.633116219690617044e+00 -3.978457802091324602e+00 -2.760798567196865339e+00
3.200169573604696005e+00 -1.669889255449063858e+00 3.190440887815029214e+00
9.803645925603234890e-01 -1.485150918088378402e+00 -2.961868623128531830e+00
3.083105160839981096e+00 3.627141024892729160e+00 -2.476207533296957974e-01
1.667385332834897538e+00 1.164349032993498678e+00 -2.748030251692665238e-03
-3.974724202350105262e+00 2.560409669083462347e+00 -2.620638861798071151e+00
-2.844804588407330304e+00 -3.013654152089606519e+00 1.046464006286716542e+00
-9.849881230763166684e-01 1.373648508967832083e+00 -1.016284505329391852e+00
-2.791075400974701859e-01 4.005572913308138361e+00 -2.434761043119427537e+00
1.601543747788429783e-01 3.619804378827200075e+00 4.015783895117492897e+00
-3.745092520966500693e+00 3.658375392185837072e+00 3.918964945884027884e+00
3.682480053675352583e+00 3.409645094706111657e+00 -3.334938441553985999e+00
9.062934204890755741e-01 -3.175580730586831102e+00 9.207397864785555885e-01
2.721335932483759379e+00 3.504321956652152625e+00 -1.674328154003998259e+00
-3.356327838828712995e+00 1.420936300144011843e+00 -1.063071257703786632e+00
-2.709447141227823153e-01 1.314266753824115730e+00 -3.712712831722420059e-01
-7.033227786105676893e-01 -7.614982285789768657e-01 1.666257669853282275e+00
2.505499014460259577e+00 -2.556274730357142033e+00 -2.938418883157203787e+00
2.675427556876550650e+00 1.036766457952644549e+00 1.505783965181845874e+00
-4.907284766550005228e-01 3.212079457837873075e+00 -1.784270188883895658e+00
-1.017879135987835415e+00 2.794441763622904085e-01 -1.639024002674296820e+00
-3.453353282449008521e+00 -2.873214887446247978e+00 -1.586584701846270651e+00
1.500456891079152477e+00 1.820113425456605594e+00 3.123999084658693803e+00
-6.778730731885058702e-01 2.003410308460784606e+00 2.878021235848363890e+00
2.482809875570326508e+00 3.748190644886631784e+00 4.715010278196247739e-01
-2.376588496549433049e+00 9.708963389601543703e-01 -3.084956338795418862e+00
1.778266230122377944e+00 1.366562544987769412e+00 1.304688817818815849e+00
-4.444449855853501719e-01 -3.820187726068564160e+00 2.077717136431647571e+00
-9.032992726718824805e-02 2.234169670020239806e+00 -1.388909539802141158e-01
-2.019940367986953866e+00 -1.974517552411775734e+00 -2.685635934868175312e+00
-2.724385362501324792e+00 -3.845669349216155108e+00 -7.586997096605615498e-01
1.990634673313470993e+00 2.056234643925167749e+00 -2.183929664306532015e+00
-1.894045914374032469e+00 3.478771145093951578e+00 -3.469180523016118123e+00
1.863450659708333124e+00 3.357059996704175653e+00 -2.540898316691051928e+00
2.700737027392184686e+00 4.018608739106752203e+00 1.426201780454448231e+00
-1.094188286538356980e+00 1.004818155281679726e+00 3.129423101164344745e-01
1.230695042346308110e-01 -2.940818512727737755e+00 3.609525727602076017e+00
-1.304666016264543815e+00 -1.876099443529053445e+00 5.139782153243837026e-01
2.553167024198270241e+00 -4.042026939850521750e+00 2.537373262880069813e+00
2.155921480052948258e+00 -1.044255799343698943e+00 -3.068194167320910992e+00
2.736705950213478289e-01 1.730261710753984161e+00 2.566684867429341210e+00
-3.429967549282318284e+00 4.056467697678661111e+00 1.806951299633291264e+00
-3.525586751881761405e+00 -3.577692068075347454e+00 -3.343811260185066692e-01
-3.421385401216716193e+00 9.116843133825474066e-01 3.645993710222267037e+00
-1.736167285450328057e+00 -1.445057082686593608e+00 3.179517546878350309e+00
2.819002268095824881e-01 4.628540355465918243e-01 9.808798880917390939e-01
-2.469041149654376710e+00 -2.101520972560644296e+00 2.983631199310111892e+00
-9.363070324983752135e-01 1.456964590118866587e-01 2.384778027687713298e+00
-5.117940262583325906e-01 3.228908686935958450e+00 3.562668374167375640e-03
6.689440789341876137e-01 -5.081922414497649365e-01 -3.744228605191661341e+00
-1.158158642951479633e+00 4.064213189491560740e+00 1.291128458986517291e+00
1.884809600344544478e+00 -1.601826616271406989e+00 -2.090081175411923731e+00
-1.374677399806227829e-01 1.759723210471070054e+00 1.632340568040194340e+00
1.243320367458892850e+00 -5.935188272944286192e-01 1.254702300545732507e+00
1.681364237895695002e+00 -3.827479108826360665e+00 1.468845022664460265e+00
6.489168409276057092e-01 2.552970046260727432e+00 -9.729614131671212585e-01
-3.894654494443168691e+00 -2.909184986803766471e+00 3.410234826405403652e+00
3.381488833535449601e+00 1.411185695126619066e+00 3.487675797591641924e+00
1.335160323073241728e-01 -6.308709271503207261e-02 1.986200929522083269e+00
9.681952863131345621e-01 7.001438219680302666e-01 -6.640208482045315552e-01
-3.200342710614315855e+00 1.885298471633943151e+00 2.184617013984030631e+00
1.551169976033381914e+00 3.138723765289294754e+00 -6.667952175006695015e-01
1.889169582600378927e+00 -3.751677750198035177e+00 -8.576767079970933905e-01
4.041423645818914778e+00 5.373671983007900499e-01 4.828928063937938941e-01
3.121289885373419448e+00 -3.137161428542596830e+00 -2.468872981098674035e+00
1.260261130845351518e+00 3.838505464251444010e+00 4.014726541800789583e+00
-2.620278993104343535e+00 8.523035225449575591e-01 1.315091135608676076e+00
-4.057691597419613494e+00 1.174261370321270981e+00 2.787526495268626281e+00
6.842500619630784708e-01 2.458924548679812805e+00 3.138674229715244568e+00
-2.797730459778692946e+00 -1.349584499933950577e+00 -3.174692343145481654e+00
-2.240428999392327647e+00 3.910790637655198854e+00 -1.760031634091856700e+00
-8.301083977227248223e-01 -1.791753392992226468e+00 2.739687439789059376e+00
1.203113231414991269e+00 5.949624581144433710e-01 -2.350958880109813798e+00
-2.570991419449120574e+00 -3.790291416615788833e+00 1.581291601912033329e+00
3.964688034419261431e+00 3.275599756863016854e+00 6.127941304301759429e-01
2.412103708373375621e+00 -2.101635228576306691e+00 -2.637278449323793295e-01
-2.099602309242392550e+00 3.457601795224863661e+00 -8.058676958989319239e-01
2.789801803660537427e+00 3.336222667100177119e+00 3.370896882571615016e+00
7.041889044011260257e-01 4.087920021382245750e+00 -3.546043710106009605e+00
-1.346755856777152260e+00 1.275137701355223419e+00 4.001088912345311499e+00
-3.432623183287065949e+00 -3.568008391556811154e-01 1.379491433402451062e+00
9.758410703560438382e-01 -2.327280305384384629e-01 -1.845548708143756489e+00
-2.171848598970493316e-01 8.560373765246878097e-01 2.187282849004085872e+00
-4.071153379994478350e+00 1.974923580212370355e+00 3.892923212778416797e+00
-2.925560150002031179e-01 2.749615017921695159e+00 -9.707621915528166223e-01
3.408283555751342675e+00 -2.489288723064348730e-01 -1.888856557014128468e+00
2.854204844949884912e+00 -1.435186478261759158e+00 -2.481282357319435139e+00
-2.776533638050624031e+00 1.857363947776429436e+00 -3.598957453687700037e-01
-8.653281044406914146e-01 2.147711751004516501e+00 -1.654766704050528947e+00
6.434027320808756445e-03 1.897881193873698358e-01 -3.183363664732769660e+00
-3.501400467265220584e+00 -3.437687424899545707e+00 2.452040874057274333e+00
3.841568794242458562e+00 3.481567046867735993e+00 1.573145469851190859e+00
1.877344605904889718e+00 -1.674374485483959951e+00 3.676517843993223345e+00
-9.613501318484112268e-01 -3.523499579115195512e+00 3.045844881617407740e+00
3.403657710447821394e+00 3.366852975644737622e+00 -2.412445232227450553e+00
4.067957339356714996e+00 1.890690504823725915e+00 5.732177947369151982e-02
-2.326020060910835241e+00 -4.907539466752968565e-02 -3.108832668502807373e+00
1.594874033231839849e+00 -3.785962664438412784e+00 -2.385818886533781491e+00
2.549276023976246308e-01 -1.243869917214342147e+00 4.104918570456084659e+00
-3.258215161697180839e+00 2.952367091063201165e+00 -1.916717834122162900e+00
-2.699233720821396787e+00 3.960562540740630411e+00 2.635877146306053298e+00
1.680671614073616926e-01 1.039111436235206964e+00 -3.731641172793026762e+00
-2.451268073336575704e+00 -2.839385737986634961e+00 9.277531484204168399e-02
-4.965916997350161011e-01 -6.802029019408893928e-01 2.664825073982148851e+00
-1.347827487989698758e+00 -3.215354245681385059e+00 -3.528483260871753568e+00
-1.500445061445818906e+00 -2.870243393849032376e+00 -2.083505448189044151e-01
1.873829333834631905e+00 2.871063208271043443e+00 2.470491562812818509e-01
3.338836657640475103e+00 -3.292864215898844815e+00 -3.435289525132507293e+00
3.880274205812952015e+00 -1.763025398474599159e+00 -3.878755129710687588e-01
9.157078564111220675e-01 -5.340616751215688796e-01 -2.751313664144907634e+00
3.373648204643240334e+00 -4.148080943702024959e-01 -3.896473243889956528e+00
1.494108119968490245e-02 -3.585793666069390984e+00 -3.235379160220594574e+00
3.150938421323694172e+00 1.751755693309192008e+00 -3.419539454132652367e-01
-7.694952923782155674e-01 2.230595194738243858e+00 9.442391858009917538e-01
-1.022208744521059032e+00 -2.261008585307715535e+00 -2.958451469882855900e+00
1.510652143807727166e+00 6.091636601706141851e-01 2.886175722164979085e+00
2.641771550954874037e+00 1.236419884328656682e+00 -3.849195350381662717e+00
6.725827203542595889e-01 3.022988305927475139e+00 2.252748434317585424e+00
-1.720152119399888768e+00 -2.380109268007671308e-01 -8.380579538868613287e-01
-1.428086958719801514e+00 1.255974157099548405e+00 2.871591352258493490e+00
1.934741720674338250e+00 3.311924358718774108e+00 1.077382435297894681e+00
-3.775926672934536210e+00 2.094847500304086729e+00 -1.704603362807116662e+00
2.782478930420086094e+00 -8.826338266317675929e-01 3.649679805178853265e+00
-2.875242581260463171e-01 -1.645562900133126227e+00 8.361078257454670482e-01
4.061943910153124060e-01 -3.712515005086787667e+00 -1.480131836103233400e+00
2.451471906548411184e+00 -2.110542317718163918e+00 1.311898138927802604e+00
-8.098468182736462406e-01 5.966443043066755880e-01 -3.599095927785743498e+00
1.890425221972372727e+00 -1.939673142177596565e+00 -3.346536043412432271e+00
-6.135962457957127025e-01 -2.387556553119958014e-01 -2.570076207248527034e+00
-7.001290242962189270e-01 8.663279332028429591e-01 -2.642875046815014617e+00
-3.734464376653090945e+00 2.965058595276100384e+00 -3.029706710023449268e-01
1.634862802712131247e+00 2.240139834915666928e+00 -4.070575703398690237e+00
-3.152708224543748106e+00 2.250819970278198578e+00 1.274068494887536485e+00
-4.037415709257581753e+00 1.432402635527723289e+00 1.873160805524857864e+00
-3.400568035772292497e+00 -2.727969393119946684e-01 2.522208775367746014e+00
1.191026995147686646e-01 3.634043045945216655e-01 -2.220441215401006918e+00
-2.642803801127737273e+00 1.975727531247443158e+00 -2.876639189353777049e+00
-1.556229975073037286e+00 -1.988423671011351201e+00 -1.322729429498561426e+00
3.788831592558954853e+00 8.059877667353435582e-01 -3.960172240246452979e+00
7.714208032158147432e-01 -3.628804458085055806e+00 3.251777462147707354e+00
2.101606357603029274e+00 2.597068986893647846e+00 3.180308091323905906e+00
-3.931056078766132167e+00 -2.513297370363899219e+00 -2.623096756944176988e+00
2.635653431323435214e+00 -3.824824461323274694e+00 3.802942095188123428e+00
4.035476398142512355e-01 -2.352788585273387856e+00 3.530834116406431078e-01
2.522058071971015725e+00 -3.318276888552760262e-01 -8.150492174985334293e-01
-3.220736986031680904e-01 -7.860388151176683769e-01 -3.414341101332636796e+00
-1.268948147424783235e+00 -2.274611444151803941e+00 1.567700381177976388e+00
2.890730980377049786e+00 1.356414074939975567e+00 -2.070662778056181264e+00
2.771225781943347233e+00 5.043221467640655042e-01 5.029837797245992892e-01
9.080275297748174879e-02 -1.717615783093939363e+00 -2.641858066414823014e+00
4.899371075614951110e-01 3.425459389505831620e+00 3.153237937204870001e+00
-2.323896310964791656e+00 1.973659286640650157e+00 1.693444380166412522e+00
2.124884140773141361e+00 -8.505643555168136416e-01 2.733304635949365680e-01
-3.445781000172169151e+00 -1.934384374590212508e+00 -1.056424368351604581e+00
2.700167076563646518e+00 2.846630743784972495e+00 -7.442389713317993927e-01
5.200732489869178687e-01 1.843276729584717222e+00 4.056061871484089032e+00
2.729953723210577721e+00 1.406244729379609870e-01 1.939440580561098582e+00
-1.653304342519938075e+00 1.603111148470473646e+00 9.293342592953349746e-01
1.523060483799626996e-01 2.414157218962786011e+00 -1.955664387219060441e+00
-2.293353697885821774e+00 1.684162801557916644e+00 -1.274596420643025585e+00
-1.554095381330667269e+00 3.926738442634449822e-01 1.001191189026812367e+00
8.899247909000740364e-01 -1.893372264380619008e+00 -9.239906054555789838e-01
-1.288705014625896705e+00 1.302665644569120706e+00 -1.942852450067428460e+00
-4.282296979192648512e-03 -2.192022149441882339e-01 -1.406883677200362559e+00
-3.011604657056007550e+00 -2.088706770304276983e+00 -2.493674168638137623e+00
4.058111383023343066e+00 3.859386671799949209e+00 -3.093914920807775415e-01
1.425454941443132340e+00 -2.603004156102122657e+00 2.970182920774477431e+00
-1.422043309252452703e+00 1.862043285147760630e+00 2.039578485117368167e+00
-1.294179052865475077e+00 3.038418695569125028e+00 -1.252962690056880435e+00
3.326992061231245135e+00 -3.631821503932243012e+00 -1.348184669502059951e-01
2.251774641572371394e+00 -2.860378646268972314e-01 1.128789381555814986e+00
3.890157258661515627e+00 2.754543684432220890e-02 -9.093913504437898254e-01
-6.224404584152043451e-01 -5.265425462320763028e-01 -6.817697948042524825e-01
-3.865807177296969321e+00 -2.880500563719258444e+00 2.610169553646237706e-01
-1.270655409595044638e+00 2.951518641871881510e+00 -2.290225960151883289e+00
-3.583341313695275865e+00 5.232048247775860084e-01 -4.885985655970385144e-01
3.823236132483116112e+00 -3.915781664132829576e+00 2.238724909236915916e+00
-9.386537367421914357e-01 2.643592087768976917e+00 -3.441479908325849824e+00
3.291411394070888008e+00 -3.306629981988183253e+00 2.912754334581300508e+00
1.615101278773594995e+00 -3.966369041706102827e+00 2.785721654833059890e+00
-5.375631435469279129e-01 -2.257861504138366726e+00 -1.832178700657489445e+00
-1.408858757032925624e+00 -2.919036572893978221e+00 -1.754903153596617527e+00
7.445031002631510297e-01 4.036034759897055402e+00 2.448598794342190743e+00
-3.274848500669349960e+00 -2.662090499484399242e+00 -4.872633666951293741e-01
-3.719287303748489926e+00 -3.230640413395645449e+00 1.515753553933283149e+00
-2.701073360220880737e+00 2.850514518335689917e+00 -4.047152979552336993e-01
-1.769111011773695452e+00 -4.762312050818577891e-01 3.135139668996175910e+00
-1.407256197149344246e+00 -1.053308223352359851e+00 2.267246779162004344e+00
2.306539081310615913e+00 -3.066103642130341367e+00 3.030473519036309682e+00
-2.141156803472761272e+00 -2.578492554765197564e+00 -3.519463990079587212e+00
-1.852713776729514317e+00 1.281335325594953334e+00 -2.701001818198514037e-01
-1.146746485084046530e+00 4.551213231652246338e-01 3.335521245857456574e+00
-1.045741544337177586e+00 3.230445364071723890e+00 7.808514730896338740e-01
-3.678000940339112734e+00 -2.289573004315236027e+00 2.607842300838072891e+00
2.764848645293476626e+00 2.775670054786597785e+00 -3.290248933849894364e+00
-1.959841606885539766e+00 -1.678383456416622455e+00 -3.862271611168951679e+00
-2.895641245465802260e+00 -3.126516300771932322e+00 -2.615340837490701453e+00
-1.898236818541490623e+00 -3.847829609351577140e+00 -1.435658413199604466e-01
3.811759521774338855e-01 1.382867410301987565e+00 -2.921890355432772868e+00
-3.153946074959746770e+00 -3.922806811760783496e+00 -1.744999935364007548e+00
-1.728956749233460766e+00 2.038062082155241317e+00 -3.727509192563259521e+00
1.626592049014849328e+00 -1.391280921732739762e+00 -4.783276427058131275e-01
2.110346772146328043e+00 2.071988763489474472e+00 -1.366112854268781707e-01
2.934897886389322696e-01 -2.121807929923907654e+00 -3.568202436931706245e+00
2.030497377183020813e+00 3.141103291700157119e+00 4.071811994352747988e+00
3.452306836221517905e+00 -9.891294733034143860e-01 -1.162520211869137343e+00
-4.080624933997133219e+00 -2.812891906828113964e+00 -3.828990847638855666e+00
2.962273161741266203e-01 -1.227808803861719200e+00 2.457264610387311254e+00
2.144486372016134013e+00 9.188617081284267130e-01 -2.701860451509852545e+00
-1.185613691697632976e+00 -1.371445475325004049e+00 -3.315663182440940826e+00
1.774421096608842507e+00 2.037127800979341152e-01 -1.438591122997329164e+00
3.335451600424930607e+00 -2.757382782314801162e+00 4.817930683504020317e-01
-2.066775173076471184e+00 3.985582733943993095e+00 8.530652412405850260e-01
3.580928965236772843e+00 4.635324010945084394e-01 -2.646026534907810035e+00
3.814397092624242980e+00 -1.852764049888201425e+00 1.614970847221599781e+00
-1.091494345497266705e-02 2.711641082853548657e+00 4.048244786183615496e+00
1.404087034327776928e+00 3.536925722657946469e+00 1.855999174533442542e+00
3.436958029941232340e+00 2.707850287061112304e+00 -1.283639018183405089e-02
1.322587449844392804e+00 1.366139496166662415e+00 -3.261037432188870877e+00
-1.772517227800704420e+00 2.775683208067913021e+00 1.384622012398236679e+00
