8.220706914434900980e+00   8.220706914434900980e+00   8.220706914434900980e+00
500
-2.238766061524144479e+00 3.501133736307806110e+00 -1.431317045642718000e+00
1.878645782744132076e+00 -1.773098409252501284e+00 1.406762287659199417e+00
-3.529014777244179335e+00 -3.473137538529326385e+00 2.509218344111607379e+00
-2.750538533067289904e-01 2.229460813010817333e+00 1.241415542839999109e+00
1.610822469951375346e+00 -6.227509212214127343e-01 -1.056749931758617311e+00
3.424834206055332952e+00 -3.533648884886062547e+00 1.364001820659538788e+00
-2.836080535043376649e+00 4.050030914784630731e+00 3.037410198531793615e+00
-4.068409810258025949e+00 -1.485051636961693955e+00 3.111893057850351418e+00
1.021128809459184605e+00 -3.577340204359825027e+00 -2.588902207458550819e+00
-1.923256188967843006e+00 2.489206166463265646e+00 -3.023634957814880675e+00
3.047362000028885909e+00 4.310965950347898645e-01 4.412625311377668669e-02
-1.870452605144114377e+00 1.224360720254508816e+00 8.863775861463277783e-01
-1.897351654779412256e+00 -3.679406398231339637e-01 2.608716692332983200e+00
2.691033273248660151e+00 7.807513320162792758e-02 -1.125816302746737385e+00
4.121989817604369555e-01 2.838675851812965778e+00 -1.003112467076562542e+00
2.231871957593901667e-01 -1.319696431560668959e+00 2.707921198761694015e+00
-1.201678950606631213e+00 -3.065686406450111701e+00 -4.080011806552490405e+00
-2.412458722580979487e+00 2.261230874033446803e+00 3.479531910679908080e+00
-2.244489115645128263e-01 4.101957653030317452e+00 -9.646604918127564821e-01
2.158749659874859894e+00 3.866130807009624970e+00 2.027805426839390801e+00
-3.271280151589536778e-01 -2.856564200487342386e+00 3.930635663354825393e+00
1.584211384581703408e+00 -8.232609440901209608e-01 2.355827913918182137e+00
-2.681704315889330115e+00 -1.586651763397724846e+00 -3.442071010243090257e+00
-1.393424737841623129e+00 3.102436619544309160e+00 -2.685300686068341047e+00
1.690398225359080187e-01 -1.881244606875859926e+00 -2.286626046302045800e+00
-4.064296118134260283e+00 -2.906673763826131740e+00 7.016135519669186582e-01
1.623159127691307324e+00 -3.430291521855492576e+00 3.174120612030617128e+00
6.906425345074601596e-01 -1.940579800569704139e+00 -1.369997251799736748e+00
-6.890058635377037666e-01 1.644266721094419736e+00 3.972380468277566745e+00
-7.590797459933120717e-01 3.174532992216146265e+00 -3.450377500523055474e+00
-1.387663543750231154e+00 -2.819367193216590906e-01 -2.193024699290531565e+00
4.016315773880101858e+00 -2.626401527297576255e+00 3.222027224805253276e+00
-1.872429605451942258e+00 -4.077220059401815533e+00 -2.478408857682055544e+00
-1.935864188672952846e+00 -6.054989159291280787e-01 1.723597429226673139e+00
-3.893460715661043015e+00 -2.611370194340350448e+00 -1.062078563852789870e+00
3.444225240501696206e+00 -2.322161615925080635e+00 -2.466558578164786297e+00
1.476993696015850954e+00 -3.774146361672015448e+00 7.450586877182151513e-01
5.337093373448734690e-01 1.853958799549689784e+00 1.078042373710381474e+00
-2.687706813745621037e+00 1.425115645872177428e+00 -3.534319670863807605e+00
2.475016105579018522e+00 1.527527018907449241e+00 4.070969301040270771e+00
2.668304653533473125e+00 2.043293618435352954e+00 -1.405964066668359269e+00
5.278477267846433119e-01 3.135546062220727848e+00 -3.173861567359379521e+00
7.635018754193350077e-01 2.600997452397913801e+00 2.294281338017745142e+00
1.207766433931965366e+00 2.077423697142417147e+00 -1.584999834890291392e+00
-1.136648739695195420e+00 8.626621053864891309e-01 -3.094667258135499921e+00
2.034687647416794309e+00 -2.103364308240751157e+00 -3.634316053781134315e+00
2.310911048887722696e+00 -3.453682168269069042e+00 2.118109180668097835e+00
2.459252051720429488e+00 -2.735604109164573750e+00 -1.492942312851364361e+00
1.370248389451394155e+00 -1.023329264233861613e+00 1.268289797692361498e+00
-7.418824201026114062e-01 -1.207066699376505570e+00 -1.306017854182272453e+00
-2.519589122158280681e+00 -3.729749608617330736e+00 3.858937336150137121e+00
1.160510841144137828e+00 -2.530744024783846857e+00 1.715461416971853614e+00
3.018274533895670686e-01 -4.011557762833612095e+00 3.746586282731118267e+00
3.877987847816697364e+00 -3.958692160215890876e+00 -3.382080091972735847e+00
-6.451478553811864636e-01 -1.193537090633251196e+00 -1.625308173987383698e-01
8.611922239477749486e-01 -2.271711603608927099e+00 2.549495958435119114e+00
-3.996716471987556751e+00 -4.024293219840693325e+00 3.869614108659315210e+00
2.047813589513770793e+00 -2.208948931804147531e+00 -7.009115399028753579e-01
1.102940089356425402e+00 -3.498776430358922163e+00 -4.229087254211148506e-01
3.167545687075373095e+00 -9.393535114006963394e-01 -9.029383838314848365e-01
-1.592905429330320199e+00 -8.829766703421066953e-01 3.380313277847431852e+00
5.016338139345979386e-01 2.724250745668497231e-01 -3.010928644265124188e+00
-3.510193915593128988e+00 1.721490376562198610e-01 -2.399395805702277951e+00
-2.109987645668134792e+00 2.264571135641322841e-01 4.792546418170609557e-01
-2.952702149630552331e+00 -3.019035690112781278e-01 3.773137870630682844e-01
1.947007809330423056e+00 1.315563306292595991e+00 -3.083703146817657004e+00
-1.726416074944435053e+00 2.337859390167676965e-01 3.469826544845916683e+00
7.785300979873882588e-01 7.380346571223357355e-01 -3.780797690247706733e+00
8.958552563905830546e-02 3.336719631507448991e+00 -2.936054976514832493e-01
-3.359244485517618450e+00 -2.300493128285964861e+00 1.269624222788588996e+00
1.230686696809772107e-01 2.525860139695411011e+00 -1.813271722202352221e+00
1.993663306428265225e-01 1.540689282531276794e+00 -1.619419149797249213e+00
6.525448900517264450e-01 -4.079119772285954681e+00 -3.278602843823340773e+00
2.343991778342022325e+00 1.151898973587064390e+00 1.794914311112786987e+00
-3.658595779578978635e-01 -2.973185759035300801e+00 3.067407550974357466e+00
2.910865042156795202e+00 6.313473086353447172e-01 1.282959828607823871e+00
2.832316326337598777e+00 2.700513687277332764e+00 2.465323722504965787e+00
3.850870092757526564e+00 2.237339284198018419e+00 -8.870168581603206370e-02
-2.008678428031990482e+00 -4.008531812036420838e+00 -2.478679418861790551e-01
3.719655746759314319e+00 1.719226826114080287e-01 -2.681801615150301021e+00
-2.899095676656526788e+00 3.975543049171636145e+00 1.175702625563924242e+00
2.900769959475960391e+00 -2.624315228921108023e+00 -6.255352131650113723e-01
-1.524561800548299040e+00 -1.798440629770314825e+00 9.235235939640623615e-01
-3.428623255796006131e+00 -3.414662675192746022e+00 -1.000699616124612001e+00
-4.445900845904837140e-01 -2.747404306771274562e+00 -3.052993558846580857e+00
-3.545815331829234029e+00 3.602899527646558742e+00 3.896393069561938649e-01
-1.940423963481844982e+00 -4.060509158659217022e+00 2.525926853136029493e+00
6.792347837781342879e-02 -2.651317683228181732e+00 1.581420469784496907e+00
2.612339231520261595e+00 -1.040716533330385829e+00 1.648465874417920141e+00
-5.700467815764626023e-01 3.960962144681729136e+00 3.540909599585795764e+00
-4.032530591091462391e+00 -2.818209976067758582e+00 1.796081974672035786e+00
1.042741392889184882e+00 2.678149172941121314e+00 -4.077551512828474500e+00
-2.344051631051597528e+00 -2.306720732294897491e+00 3.663207647027679759e+00
3.118493874777182651e+00 -3.758457554649696775e-02 3.882100176753961129e+00
-3.220978724397529636e+00 3.022672075856445595e+00 -3.950202278324052685e+00
3.360952089773470597e+00 4.311728997019567133e-01 2.261281276787554972e+00
2.475982510917030144e+00 3.101809646289851674e+00 4.041755200675896553e+00
3.402063494673348010e-01 -2.424623699770181329e+00 -7.398952179226784276e-01
-4.076454171615925048e+00 3.880855810643503379e+00 -5.826845590265102848e-01
-1.347915225916333837e+00 -1.483756622473597853e+00 -7.683261993815142521e-01
-1.460666290425714164e+00 -2.493098492388409859e+00 3.480044434351591942e+00
2.804864198881774406e+00 -1.207096812025282073e+00 -3.574694728573809321e+00
9.335284528963972983e-01 3.644903569903748419e+00 -2.295069895215526401e+00
1.002843982982223547e+00 1.068682366429631880e+00 -2.051405412211345369e-01
-2.601688339663589034e+00 -2.386253565841537139e+00 2.826019011525649827e+00
3.541165673809735015e+00 1.289510565528115160e+00 -1.555102776791728036e-01
2.104326130403926798e-01 -3.037974230748138549e+00 -2.443389305987568871e+00
1.876075497547701643e+00 3.909496845158918710e+00 -6.041536633315064408e-01
-1.006098862180146297e-01 -6.145975841785331628e-01 3.738430448281480079e-01
-3.600518690451970372e+00 1.961650449097307014e+00 -7.040038348572104088e-01
-1.456663491543620959e+00 1.076842560631209311e+00 -1.308580355707768206e+00
-1.557343381394814763e+00 -1.377975801585959115e+00 -2.020299712155376515e+00
1.621764440507110772e+00 -2.201075235769276883e+00 -1.984437677013010992e+00
3.571361197914571517e-01 -1.297601442516804982e+00 3.833572708060029033e+00
3.822304522525221238e+00 5.403504813371680093e-01 3.409379015050846728e+00
1.517976774145636698e+00 5.034860825688506347e-01 3.669707351543460838e+00
2.736279563150113781e+00 3.611993796722193562e+00 2.887255235107129003e+00
1.829520094251656737e+00 -1.777144852816937126e+00 2.415359894285996845e+00
-1.187589917515325943e+00 5.138939022681026092e-01 9.420010616834487704e-01
-6.450107811582586059e-01 1.644878237031691448e+00 -2.023211347245839897e-01
3.699558173222312618e+00 8.601542618182920208e-01 8.332710026972818262e-01
3.072301039139090140e+00 -2.714564019354676283e+00 -3.773761069077146590e+00
2.968578983000538241e+00 2.609211717468378655e+00 -4.359123522093972247e-01
8.420743586861898500e-01 5.476961403338320711e-01 -1.112851092872505498e+00
-2.819628169839755394e+00 2.393306915269244772e+00 -1.114470736629747050e+00
-2.703916396500436026e+00 1.310358959622102359e+00 -2.572024498136645132e+00
2.037305432024543173e+00 1.620237571547559208e+00 -2.183913067757778492e+00
-1.965596682880358159e+00 -2.155004792778751010e+00 -1.015600701270688022e+00
-2.558124405740625384e+00 -3.880626987861052868e+00 -9.840578176414798151e-01
-4.101326336820220853e+00 2.586089146616895817e+00 2.387664182649708255e+00
8.501761639966920470e-01 -1.457409551426137817e+00 5.584352079965251292e-01
3.846344042004980146e+00 1.992018568937627743e+00 -2.844873590147304121e+00
1.264443094162457593e+00 -1.990404894589846041e+00 3.443570909325265994e+00
-8.405871082151525897e-01 2.472547759616323226e+00 -2.148155569030048451e+00
1.159038626468152255e+00 3.123281414296110281e+00 -1.458741549796642278e+00
1.537005636035783107e+00 -1.614710487590417021e+00 -1.300124724894410111e+00
2.966378205520674438e+00 3.098381997916802355e+00 1.470719928695072065e+00
-3.215290122611620838e+00 -3.143412778718888578e+00 -2.521368606991693184e+00
2.020726822069661477e+00 1.865077965903808810e+00 2.390249801237360749e+00
-6.920462446671481471e-01 1.461314590733886032e+00 -1.151469233118635138e+00
3.579230786235915840e+00 -1.060957671308939920e+00 2.394461138978853043e+00
7.559976268946856370e-01 3.858825141749790522e+00 -7.451824239420294926e-01
-6.635987594975509274e-02 -1.590311635204916252e+00 -9.035592215116864390e-01
-2.428655922932202227e+00 -3.426763583963989390e+00 -3.348426065017511721e+00
-3.174716004240194067e+00 -1.362513080911415209e+00 2.392447468829599799e+00
1.626064883723993049e+00 1.688795510350689921e-01 -5.732025024830893489e-01
-2.440708255536236937e+00 -1.632795444704918442e+00 9.628755657583637495e-01
-9.106371178790367837e-01 -3.247788400955576638e+00 -1.083883773401977280e+00
3.008071895065775436e+00 7.411602967655570584e-01 -1.973252972019606366e+00
-1.348421363962087227e+00 4.022297587949426934e+00 5.397297191982872722e-01
3.740890896485653094e+00 2.457623368849453538e+00 -3.844951886276376740e+00
-3.221870881233215300e-01 3.012756178267105511e+00 2.612386706524998381e+00
3.904755516462593334e+00 -1.566201480212784158e+00 -1.014196514714349240e+00
1.214520097188922926e-01 1.023378858098674682e+00 -6.194057402441665028e-01
-8.499992408477141659e-01 -2.533781329808145188e-01 -1.443593727164013574e+00
-3.963430099221433078e+00 -1.452577758138209996e+00 -2.986507585615532534e+00
-2.295598931825750810e+00 6.814003685010985301e-01 -1.137441273575336753e+00
3.580498799790214459e+00 -1.120699554228319572e+00 1.453143752008382528e+00
-1.546800575714556203e+00 4.064086325213875917e+00 1.567558789296099597e+00
1.037134088622530204e+00 -1.505562840038509043e+00 2.154594376009101975e+00
2.562006366487058262e+00 -1.545538612633791331e+00 -4.825876630874889606e-01
-2.505039056000113451e+00 -1.600849429423037096e+00 -1.957794856975924924e+00
1.975963510696169823e-01 -1.201027577436736271e-02 -4.919921150684140598e-01
2.165028904207522586e+00 1.508427207346261012e+00 9.237328132860344043e-01
-3.380913860959188444e+00 -1.284675520413069538e+00 -4.046625281885625647e+00
1.741472724858201593e+00 -1.918826599352811968e+00 3.717368795383818592e-01
-3.741971125413601773e-01 -3.697933984489252701e+00 4.631740976166356938e-02
-2.144384230253956747e-02 -1.953858197669431584e+00 5.118490997975354562e-01
2.622590005861201945e+00 6.527509268117958063e-01 -3.659207050471387390e+00
2.970379265434916150e+00 2.789831441687915525e+00 -1.970579446173631677e+00
6.362372339201540772e-01 -6.275449094655316529e-01 1.681743618058656686e+00
3.820083243770933112e-01 1.955806134524548545e+00 -4.509679872802643819e-01
-6.494503825844502032e-01 4.030231610413917309e+00 2.114386806465346158e+00
-7.484344377484085653e-01 2.241805391023367289e+00 -3.053519833186124188e+00
-2.808281523576249272e-01 3.931734869491378959e+00 -2.599820532807894047e+00
1.833700403876924012e+00 -3.084070515861414563e+00 -3.035272714046528097e+00
-1.779250955324301220e+00 -7.447437058863631831e-01 -3.754074313254257778e+00
3.879460794054595763e+00 3.489204817751179188e+00 -1.908278832213459841e+00
3.878317019284521994e+00 -2.242732618084102292e+00 2.492634952075599042e+00
5.615238404797440186e-01 -1.884424299021378646e+00 1.406814403699127025e+00
4.055549913564024500e+00 -1.576174484046013458e+00 -5.782541396005363987e-02
2.438368974922365595e+00 -2.383922535841436208e+00 2.324568378467921193e+00
1.112154090080731406e+00 2.692626174196307343e+00 -2.334974524926735739e+00
-1.689671747953608527e+00 -1.803644966650518100e+00 -3.530002167310001049e+00
1.303225085335973088e-01 -2.931433975738217512e+00 5.666666341151288533e-01
-2.681902649917564219e+00 2.404057189110174964e+00 -2.312691199982822354e+00
2.948778491743517360e+00 -2.304734699031468992e+00 3.120108261567317687e+00
2.157038706410172035e-02 -3.818305835769521650e+00 2.886436299149074625e+00
2.373314349805786705e+00 -3.586456776667869661e+00 -8.991409197626258898e-01
1.377040081020671547e+00 -3.975345407072802928e+00 -1.440611889276483648e+00
3.127590248329841227e+00 -3.159791500932684460e+00 -2.045003979270969108e+00
-4.505215741184780132e-02 -3.130401556934897300e+00 -4.608483870475396649e-01
-3.475136369865879704e+00 -3.335098224211970219e+00 -3.849820953086046327e+00
3.242812710163771595e+00 1.374355864307790442e+00 2.104204880883392192e+00
-2.663186365591565963e+00 3.628668170212692612e+00 2.044941993314361550e+00
3.434060100062285570e-01 -3.919987571910747981e+00 -1.795858136898246249e+00
2.927223862390556430e+00 1.363139495740926410e+00 4.561562937018544539e-01
3.147509244123658956e+00 -2.890256762659009659e+00 2.170832828120348612e+00
-2.215720092423307530e-01 5.149781330670351043e-01 -1.446367351123664102e+00
1.218940592935720213e+00 -3.495602135605612837e+00 1.929621645104155903e+00
1.523819863954740006e+00 3.973802922552866157e+00 -2.990889760203247594e+00
-3.803623617630930376e+00 1.420953262641730497e+00 1.437941214827210268e-01
2.205848887006481629e+00 3.289866052008300290e+00 -1.481318578182248435e+00
8.086857368434394733e-01 -3.187869141286608254e+00 2.893615112823554547e+00
3.814593654926371258e+00 -2.546964495383751803e+00 -2.822180420639411880e-01
1.351673442120784552e+00 -8.480650473088280350e-01 -2.004269158527387962e+00
-1.451451585468480632e+00 1.162704444650668245e+00 3.384989518788430907e+00
-1.481603409947361394e+00 3.547485074915639913e+00 -8.741092109349211103e-01
-3.823152662315763006e+00 -1.819688698154519058e+00 1.943312199228126147e+00
1.107741187068891575e+00 -1.995883940139118851e+00 -2.760781053476452307e+00
-2.190410219001537317e+00 3.361738279949249009e+00 3.820999981346789198e+00
-1.486038785567534992e+00 -2.166637708283965846e+00 -5.218346818250988589e-02
2.078860699745463947e+00 -3.338567854944821667e-01 3.226254950724193105e+00
-8.645814267620516302e-01 -8.531792134206185318e-01 -2.645657713850652737e+00
-2.285678030988723464e+00 3.313450990095388793e+00 -2.385967553041046685e+00
3.668968860948253585e+00 5.138200142486974986e-01 -3.666251955469959078e+00
-3.844339897377075488e+00 3.406231326707211071e+00 -3.226739697504989568e+00
-1.679678966528415529e+00 -2.290317355400529831e+00 2.646096911029566456e+00
-2.594703129799502239e+00 -2.491783599488928580e+00 1.827430755489083847e+00
-1.246112149590728801e+00 4.086778134083055569e+00 -3.204899208679742095e+00
2.207363123796876714e+00 3.890626144520374474e+00 -3.655540525825589970e+00
-8.753363940035607804e-01 -2.016298948003742986e+00 -1.711457337534006751e+00
1.665210506201924845e-01 -4.934178814775865285e-01 -3.712307190122986711e+00
1.629758459470938003e+00 -1.070969180977731305e+00 -3.266739248759331637e+00
3.065276166191943652e+00 -1.992883549839468138e+00 -3.226771486868858840e+00
-3.897666696573518497e-01 5.955836090560410190e-01 -3.964308454931321890e+00
-2.653549220436016487e+00 -1.444155588940656987e+00 6.575450077560113238e-02
-3.915108678841228596e+00 2.365286891497433430e+00 3.531061091847877531e+00
-3.422690134250709448e+00 2.261931831408551474e+00 1.414407219101390778e+00
8.138812823855664513e-01 -2.770798308453036540e+00 -3.232945962135844731e+00
-2.427657145343023348e+00 2.575900890158052681e-01 -3.729859595692437857e+00
-2.294800022689001739e+00 -2.532610066667320137e+00 -3.735034129477756704e+00
7.849424179407401558e-01 1.691188473766060740e+00 -3.276171809417224967e+00
-2.415664903776290728e+00 -2.677356048879663053e+00 -1.666727304594770143e+00
-1.278732683076515997e+00 4.996510610874052571e-01 2.635481523879657395e+00
4.084591037648718226e-01 3.250716951871766014e+00 3.197122718447236167e+00
2.338300084130904288e+00 -1.209305644791050849e+00 -1.262452114191802366e+00
-1.647330396300542121e+00 -3.909332007034405532e+00 -4.080576504086205425e+00
2.124145393120300263e+00 -2.295054182416725042e-01 8.620972071324244090e-02
5.765379729809965159e-01 -3.863501017342748423e+00 2.772959880737249083e-01
2.388104388121225607e+00 2.237186610014587629e+00 3.251681190963065848e+00
2.438225209780320313e+00 -7.386539950569323554e-02 2.052958702566019866e+00
3.395045332377526481e+00 -2.265213398113251841e+00 -1.463564465398927483e+00
-8.705119995087541307e-01 1.535180744452953494e+00 1.539645707164155164e+00
7.768947645409135516e-01 3.576830415885265069e+00 -4.055012426041909812e+00
-7.340399150266820882e-01 -1.935788976974703313e-01 -3.305299130993749834e+00
-5.851880529457568203e-01 7.576579802682098519e-01 2.045978071257041897e+00
-7.984632749077057445e-01 -1.520659739493729790e+00 -3.236252045308826375e+00
1.303794419859520826e+00 -3.145872442364046506e+00 4.053497937813884455e+00
-1.498622144185008942e+00 2.573079315744412732e+00 4.061466184800288204e+00
-1.846357972062658559e-01 -5.655514407260233689e-01 1.344306779742981073e+00
-3.782483726111867117e+00 4.010696007434720656e+00 1.808482787394920299e+00
-8.391790876773588259e-01 -2.829612855425006401e+00 2.108519135448741366e+00
2.589636916128708943e+00 2.603914696835594178e+00 -3.220732489736001902e+00
-1.994935680313300042e+00 3.446817533905676356e+00 -3.480085501700106221e+00
3.156264451960906214e+00 4.086179808321158902e+00 -2.496130779778675812e+00
-2.969683345609004821e+00 -1.634232060860696611e+00 3.367940153580213369e+00
4.556648465015839533e-01 -3.161816787369291948e+00 3.823148415042695980e+00
-3.506238262643705639e+00 -2.477588616953200429e+00 2.555050524215360053e+00
8.646951370658472191e-01 -5.717378909024263267e-01 -2.853563033651909997e+00
-1.535912144675745106e+00 -1.249590557143944070e+00 1.731255354228624643e-01
-3.623801345622487347e+00 1.688496769222239902e+00 -3.991014719555912915e+00
1.406859260086722685e+00 3.505652644688501685e+00 1.902884153679750834e-01
1.430193999592706433e+00 -5.571438114027141841e-01 4.086033357524284426e+00
-2.125459193122644308e+00 1.620869243220492528e+00 -7.458550635706425735e-01
-3.714562102111411690e+00 -2.053594965026287689e+00 3.839193486036242220e+00
1.185737326885035081e+00 1.965194229811871862e+00 1.690576080445269358e-01
3.507885990665426945e+00 -2.137087472734989557e+00 3.825098607168833986e+00
2.329651620735458728e+00 -3.864773424387962564e+00 -2.044672220337591551e+00
2.071554075837495290e+00 -2.688892813317525388e+00 8.469946686191850427e-01
9.683231440074395735e-01 3.939356797249343956e+00 2.867917490036896666e+00
-3.772589095282904648e+00 3.788197895730403442e+00 2.980071554460885341e+00
-1.246465742138536115e+00 2.816512433792359271e+00 -1.135967948325933952e+00
-2.617184911499769395e+00 8.394232255331951498e-01 1.094740214719967408e+00
3.557079778008965576e+00 3.844320331151520609e+00 3.211657118393313581e+00
3.584966694742275806e+00 1.967402632353924430e+00 -9.299314369369522382e-01
2.698449237479016438e-01 4.042045179810192512e-01 1.970616331279505307e+00
-3.372926204459212762e+00 7.654458686550318358e-01 1.876432018654035527e+00
3.661339606268570357e+00 1.303079376607893192e+00 -1.579024059572280425e+00
3.387650922521405317e+00 1.892413887771600578e+00 2.859859172052725551e+00
1.957317109971680402e+00 -2.671282799463453816e+00 3.744953167571374752e+00
3.072172226999993150e+00 -2.970567400650115264e+00 2.819583413449101572e-01
2.397949718547894626e+00 -3.244888481313317752e-01 -3.378573889614350900e+00
-1.309449443217406639e+00 3.413792623490544687e-01 -3.874810356815055368e+00
-3.385850270513687033e+00 -2.049391390023320714e+00 -4.288034093928425050e-01
2.952601716324063208e+00 2.283341361648877132e+00 8.532598587133632950e-01
-3.099621765590182543e-01 3.452224858433563082e+00 -1.714931349910121083e+00
1.544840837646795473e+00 2.011038805925977058e-01 -2.052025312462993245e+00
-6.568797152928179672e-01 -3.186690948053903849e+00 1.133738485267378415e+00
-3.131814241226299256e+00 3.001171709866967685e+00 3.291355555214398265e+00
3.119786691384831556e-01 1.426044190861379235e+00 3.772622462815267141e+00
3.975021709234208611e+00 3.963246969260133534e-01 1.357545981699614102e-01
-2.477636893849859412e+00 -3.584117643560841060e+00 -1.905876699858699341e+00
-3.585166279893752694e+00 3.153060670816743460e+00 1.395271913290234478e+00
-1.460021432136458408e+00 3.010915982145930148e+00 1.857417740546986273e+00
3.701999618487255450e+00 -5.603380777281160574e-01 -6.099964234761767745e-02
3.587309585290886726e+00 3.485356934869947132e+00 2.110038946191472142e+00
1.674518495683595010e+00 -3.112017733441380773e+00 -2.101092389053831777e+00
-2.718515447258064710e-01 -7.104088559994102825e-01 -1.976179038465140758e+00
-1.245644657548286238e+00 3.433933529057058731e+00 -1.835788633202395381e+00
4.039882450754125998e+00 2.730391324440165635e-01 -7.909669499512602675e-01
-7.898857923574917894e-01 -2.246884608163750574e+00 -3.844468508917787464e+00
2.038523043853546657e+00 -3.310378710387953394e+00 5.260988959082640859e-02
-2.830308560867206058e+00 -5.277435016969249659e-01 -3.004915670037776376e+00
-3.956304809320823512e+00 1.373040375905078214e+00 3.254160302805324090e+00
1.191119156046610783e+00 1.293140697195243050e+00 1.883828324363765239e+00
1.854193561344596564e+00 2.892349229828708790e+00 2.220950646540657214e+00
3.102523711735222900e+00 -3.243242695432241973e+00 -3.024583218133682472e+00
1.222462681427409104e+00 -2.569993726283825275e+00 -6.220593706868077222e-01
1.366669850868477365e+00 3.799906978009668923e-01 5.074517726629952374e-01
1.388720711426032262e+00 -4.014857894339866284e+00 -3.963851926943935844e+00
-1.352945283674625854e-01 -2.263897937914000291e+00 2.530748203016599085e+00
2.273893117720125367e+00 -3.415318929973514717e+00 -3.848552886037696741e+00
2.127012093714973684e+00 1.887059119700807086e+00 -6.858683141880971279e-01
2.104413859822058974e+00 -4.739740670192828520e-01 1.077976782813110157e+00
3.064419641114152881e+00 -1.729566872169740810e+00 2.213794804207107170e+00
-1.242936517477939873e+00 -3.181075626113474719e+00 3.026355444662981231e+00
-3.983201003707884880e+00 -2.569463251309015206e+00 -2.011244680761756332e+00
-2.150054855126667164e+00 8.432503130318392826e-01 2.904293042614170428e+00
1.613918459798448390e+00 3.459375312991360918e+00 3.809274907913647201e+00
-2.592878900114580887e+00 3.647044901215258594e+00 2.946492377306186849e-01
3.393403481077827966e+00 1.405505916816854217e+00 -3.457103242411002419e+00
-2.468031980929227043e+00 4.187900588172565608e-01 -2.173878192280753296e+00
-1.002152201085248162e+00 6.072731663612975783e-01 -2.105394012484449462e+00
3.716309678464901012e+00 3.108503826380453194e+00 5.166678935663217009e-01
5.192934241439878251e-01 -1.042568791647775495e+00 -2.017080585277319926e+00
3.654127344764109164e+00 -5.325272761029042901e-01 3.246228660776552921e+00
-4.312833489255114006e-01 2.635661075650983065e+00 -7.102673341910206162e-01
-1.242819165505936851e+00 -1.656834386608428300e+00 3.821616771716885186e+00
-1.763131031500985824e+00 1.623814395997460247e+00 1.822285524209249719e+00
-3.225415678392842267e+00 -3.651281757055136801e+00 2.511122871227295869e-02
-1.106432100122047180e+00 3.124854653830208662e+00 3.168652833943785829e+00
-9.914190188380253010e-01 -2.364761430712917889e+00 -8.425147449925808329e-01
-6.419324053238318895e-01 3.256950350198091648e+00 2.736091484512544469e-01
9.664449723854265928e-01 2.144115744064459150e+00 3.233920417139718229e+00
3.198927660804524287e+00 8.297127006977573771e-01 -8.843762927497316184e-01
-2.280547556630900363e+00 -3.271400439161876506e+00 2.886689713455929951e+00
3.983769102928072403e+00 2.906475806986317245e+00 -1.000247893796411214e+00
-3.087718817909598901e+00 1.072520797663241154e+00 3.019530226802386252e+00
1.266793546445286189e+00 1.285316385974857756e+00 8.219190772465305717e-01
6.026665459161697491e-01 6.150191421220434496e-01 3.059998937748022119e+00
-7.292458660076424071e-01 -2.558471393946044614e-01 2.962511248784640561e+00
2.466550366876908207e+00 -3.018333431925887655e+00 3.045774599600296284e+00
-7.899223542609906668e-01 6.123742640036922147e-01 -6.037907210644528622e-01
5.661329494022740993e-01 3.229827556866854632e+00 1.565085099634559329e+00
5.248739828823613118e-01 -1.849690702100645900e-01 -1.599076487728755547e+00
4.054386671316393631e+00 1.112747841684839756e+00 1.670525092348837948e+00
5.015049150851147441e-01 -2.446631287757181639e+00 3.399527880235156729e+00
-1.570626595560680405e+00 1.895615236716815311e+00 3.150867418109328799e-01
1.627874439017383545e-02 -2.560053438555899064e+00 -1.644486777948388267e+00
-6.157640389813877624e-01 -1.379390746904155085e+00 7.821027390753882980e-01
-3.667449369678895010e+00 -9.592295776166400723e-01 3.956566989771103104e-01
2.840151543665621059e+00 -4.012827363316512574e+00 3.883753960105190917e+00
2.847274475636386581e-01 -1.975389890819224892e+00 -3.275513603111276151e+00
2.504998540425120268e+00 -3.977964098560401673e+00 9.100365722096593890e-01
1.959466201076087488e+00 5.860984059458014261e-01 2.583023028586903358e+00
-1.627780598704033466e+00 2.366342088362396012e+00 2.537883585235531037e+00
-2.535177113364279311e+00 -3.328624070740118790e-01 -5.670357586881724643e-01
3.214403253842071262e+00 -3.961059765320951609e+00 -1.197484921416149817e+00
2.079444234849556761e+00 1.025909754612575941e+00 1.284327776160815518e-02
2.698490468181511392e+00 1.232242074974109647e+00 3.040406705967637624e+00
1.085225709008637907e+00 4.048929131199497933e-01 1.399397996412498291e+00
1.392267699871977182e+00 3.027842459632514416e+00 2.996701064165421702e+00
-2.787982179022852058e+00 6.502936700009814830e-02 3.555691494251932205e+00
-1.096337125379250432e+00 3.381121909472339482e+00 1.115180833475481803e+00
1.513872564673671928e+00 -1.297998842468033542e+00 -3.551902072267506538e-01
-1.852965284779447552e+00 2.814646672375329395e+00 7.626218897045238254e-01
-1.644302377964806938e+00 1.410472711345367447e-01 -4.336225442731626023e-01
-2.586276758123911446e+00 2.331820378028335305e+00 -3.723339918789026814e+00
-1.848313314667045404e+00 -2.082869771898427091e-01 -1.453560707415328057e+00
-1.952453905245130850e+00 2.532310037195893315e+00 -1.646415596225458522e+00
-2.760874386405267167e+00 -2.773055496091382022e+00 -6.589670264708579195e-01
-1.763613213138671698e+00 1.618048578632574674e+00 -2.666577558072638077e+00
-4.021783798134797472e+00 -4.475966878842299601e-01 1.072452322465990093e+00
1.333733432811301522e+00 2.530180316944196761e+00 -6.154183884174250219e-01
-3.328580021093053176e+00 2.592744632957179607e-01 -3.675610033724090453e-01
-3.034186426784083235e+00 1.208139040556041044e+00 -5.546565128809062273e-01
-1.417508268341122424e+00 -3.113851290148208495e+00 -3.124090836472426691e+00
-2.096096319066524938e+00 1.627954826279065292e+00 -1.778969988989167472e+00
-3.381719072445723118e+00 1.280128481944180718e+00 1.074468198287214626e+00
1.909767395499677667e+00 2.322149644017701409e+00 4.103725126651228905e+00
-1.440923839800353656e+00 -3.944156863035163774e+00 3.311232656687694842e+00
9.735058193066092880e-01 -4.867964680915146669e-01 6.126630063909145330e-01
-9.970496476734251878e-01 -3.984968268765749055e+00 -5.527382218983344364e-01
2.808073155071052263e+00 -8.361493072357508716e-01 4.016672964851881328e-02
-2.441635174459670932e+00 2.310295454881011512e+00 -5.416929992259741228e-02
2.058904286412400531e+00 -1.704582420344845639e+00 -2.725737876673986371e+00
-1.717009380056571555e+00 3.307952437116618238e+00 -1.552186432489826434e-02
3.516576239718921748e+00 1.547550230001702998e+00 3.783169924795675154e+00
-1.645399849327437547e+00 -2.241930301282875959e+00 1.744700544952971333e+00
2.727919921383242130e+00 -2.015310791070012292e-02 -2.520479225979184612e+00
2.066149768502440198e-01 -3.301558878000198094e-01 2.595888077734624932e+00
-7.036905247405338404e-01 -4.894509114621029000e-01 3.905871208035154307e+00
-2.401523238696546603e+00 1.784257614668969705e+00 2.550777148205542133e+00
-3.331143717389484671e+00 2.761851945017290699e+00 -2.689140808322580956e-01
1.947234839206979373e-02 2.300665945495138143e+00 3.402483024607994899e+00
1.773835593784393039e+00 1.376052399633916457e+00 3.177613666190303832e+00
-3.460961991818108263e+00 -9.842092323453027758e-02 2.792045430555235352e+00
-3.868555577117516187e-03 -3.453447962628603651e+00 -3.576808505288048501e+00
-2.135242105987793071e+00 -1.102090215432776965e+00 -1.167403709732219408e+00
-1.367696141136394816e+00 2.035375380787350696e+00 3.337092538666644348e+00
-2.155671885307363311e+00 -3.717060349685823883e+00 7.506811883458912593e-01
-2.382996963651971889e+00 -2.867189545323889810e+00 3.087684672498802185e-01
3.722033468427542680e+00 -3.691720424307787685e+00 2.464827584951922557e+00
3.606751087558137225e+00 -3.219972870527154196e+00 3.834550671279450373e+00
-2.997252877078234512e+00 8.382845002946808233e-01 2.794678770251229905e-01
2.883433969287302112e+00 3.349862254443526921e-01 3.064592699172653756e+00
-3.564256438502460878e+00 3.944405424156709472e-01 -3.926555475702366405e+00
1.057377995935018911e+00 -2.575294931166347556e+00 5.587865717087251438e-01
-2.339626022661378535e+00 2.178633922623937735e+00 1.196787896371606541e+00
4.054307137687231055e+00 3.280982648005656088e+00 3.876572627052383258e+00
-1.244194415829135369e+00 3.499395673331973100e+00 4.061641375283588928e+00
-3.862087859083750185e+00 -4.372576063117462608e-01 3.957455548444138493e+00
3.229201214638909079e+00 2.847415088296635144e+00 3.509592750059247201e+00
1.303975263391075945e+00 2.469518874393990870e+00 1.426559746698390585e+00
-9.438817526568421545e-01 -3.075892567622922069e-01 2.287491906472616590e-03
2.235968506597557859e+00 -8.507413744776416431e-01 -2.110146841677015939e+00
3.223125335153269155e+00 1.645580806092994619e+00 -2.273451982443611907e+00
3.714317951543888441e+00 -3.897665870602279981e+00 2.477988583840100845e-01
2.901377743166849932e+00 -1.225077297694108225e+00 3.442422743495521242e+00
-1.826713732799159384e+00 -3.240223568321385805e+00 1.954953951720872718e+00
-3.998386749167012755e-01 -2.181900751328004429e+00 -2.261568144957709914e-01
-3.395028024626071339e+00 -4.002212909155432818e+00 -2.054464729700028691e+00
2.574979821567000116e+00 3.248506542193697388e+00 3.938688592829150403e-01
1.435120390067503360e+00 1.156393015887750231e+00 -1.655964448676617184e+00
-4.056695967479911680e+00 -2.916282130478940360e+00 -3.133811366498159945e+00
-3.104815404171069604e-01 4.104407642590629735e+00 1.003580949659096833e+00
-3.884009598145570674e+00 -5.689019200089717732e-01 2.045769144199096168e+00
-1.111297818000381410e+00 -7.056757188667592273e-02 1.771538926305114448e+00
2.184247680366321109e+00 9.910124428759774506e-01 -1.115277064960547238e+00
-2.334702135385576138e+00 -1.407250387133621494e+00 1.918558953010016666e+00
-3.709745091631160285e+00 2.552079477605440072e+00 6.000806261140647635e-01
-1.877192160513170283e+00 7.126714227526455003e-01 1.890872681646471820e+00
-3.813536972531472280e+00 2.493752174075032801e+00 -2.319467413640091458e+00
2.336849680558763076e+00 3.432479709802326084e+00 -2.634452690335930658e+00
-3.201943016620787841e+00 -3.089008617269580093e+00 3.427762454924027313e+00
-5.253549297294476395e-01 2.978690424659374614e+00 1.696142616663006253e+00
-8.968562869937518611e-02 9.051755569200300444e-01 5.334195604243255895e-01
-2.475672403283686873e-01 -1.472126518126143369e+00 1.762941652220660460e+00
4.465222789421881555e-01 -1.168400450271868118e+00 -2.483503014743553283e-01
3.639918482158380098e+00 2.052374447249966760e+00 1.602383691982010250e+00
1.186822049092866482e+00 3.169189540499980223e-02 2.307045722529434961e+00
3.095776746495416010e+00 -2.617007900212017235e-01 6.995421769964774716e-01
3.763742851835444103e+00 1.787565871853755928e+00 7.609922457344062696e-01
-1.798855855290774963e+00 -3.138466470304122957e+00 -5.875316362379662261e-01
-1.108468416513358701e+00 -5.120257822167915140e-01 8.765526057766201973e-01
2.842222967080386464e+00 3.999982652008999384e+00 -1.830280192741999823e-01
-2.730997483464709941e+00 2.573737198028304696e-01 2.383373101499016933e+00
-2.470510984935729404e+00 2.837013404496136371e+00 2.632986465188844161e+00
-1.521438570424638925e+00 -3.841446679054925539e+00 -1.484531400639539145e+00
1.315228092471631083e+00 1.571917038787582044e+00 -4.097697407114425872e+00
-1.440022215196800515e+00 1.907172336534748158e+00 -3.571204511849185081e+00
-1.377303356108534160e+00 1.026425411307775093e+00 2.819997775347518956e-02
-3.432812774829839597e+00 -1.758899280442686841e+00 -1.566293412122023554e+00
-8.980058447718722858e-01 -3.194782696718487802e+00 -2.155102214474268418e+00
-1.426823784070211820e+00 -2.724322291183915112e+00 6.885073749795248554e-01
-2.880911914235332993e+00 -2.246074449181223898e+00 -2.679299094826383953e+00
4.657654044562184459e-01 -2.118537917542722970e-01 3.625843563108523515e+00
1.896028570402821023e+00 3.945084721433202990e+00 3.075972724573842854e+00
-2.556473757168648220e+00 -8.613137192965633071e-01 3.285985824834897429e+00
2.940283532167659253e+00 -1.137675385909126646e+00 -2.660172214484157305e+00
-2.717575555692177680e+00 -3.631341989340357568e+00 1.913774191006415881e+00
-3.009708211960950397e+00 -1.276424534127649002e+00 -7.966235974763364869e-01
-2.187274802560935871e+00 3.359924709253796049e+00 1.367131285552518616e+00
-2.799846914654454122e-01 2.457337710395250507e+00 -3.845648077936192344e+00
3.439007002756192310e+00 -1.918228402970292290e-01 1.624575719775865013e+00
-1.236677473840902985e+00 2.301597626581081357e+00 1.224463809445069939e+00
2.256517880435771506e+00 -8.823284133784256023e-01 -4.093171589096276541e+00
1.960028459809963541e+00 2.541446744561170590e+00 9.969639079152836647e-02
1.082042900082319514e-02 -1.055577847822080306e+00 -2.958982298298448388e+00
-3.526652746837890096e+00 1.559137043434598802e+00 -3.014123868717391908e+00
2.655862412754339097e+00 -1.682230877045588047e+00 7.403301966564672654e-01
-3.015878221347200849e+00 3.485793047553376045e+00 -8.342547601967011950e-01
3.428689226439010529e+00 3.176121366021885883e+00 -2.863891438715057358e+00
1.588302915081120759e+00 3.651830622551094363e-01 -3.299087263154176330e+00
-1.243265757923437631e+00 2.573202480856034757e+00 -1.602917230013962413e-01
1.656152849212613631e+00 -2.754262129177048823e+00 2.560562995554847898e+00
-1.312368120659368198e-01 2.293053835861033729e+00 3.071972241360051425e-01
4.404832391341484965e-01 4.108581263872358669e+00 1.972958750085808122e+00
4.080798070698345548e+00 -4.713663431617896582e-01 -1.551786232789974740e+00
-3.333828646608743007e+00 3.151329561079973196e+00 -1.690969263940633516e+00
7.129573961628532519e-01 1.790604695880655406e+00 -2.368914275972174188e+00
-1.232464142556448872e+00 -1.254911736228425889e+00 1.659812370899388378e+00
3.643144045575753776e+00 -1.808163661272461864e+00 8.061292954055321314e-01
2.148968499903188611e+00 -1.874954164451307026e+00 3.333006810987105162e+00
6.238571772010698124e-02 1.007054857907736967e+00 -2.502318574050078404e+00
2.497319447679631210e+00 -1.029859709773426557e+00 2.623257533318346102e+00
-2.562324114358756955e+00 1.017294704444106357e-02 1.486096447568368450e+00
-3.510814624665106631e+00 3.581751011214588942e-01 9.544966711593446673e-01
-2.913330643841474998e+00 1.631086265410959246e+00 1.737475106092610799e+00
-3.755707397757931609e+00 1.691478258651341271e+00 -1.909552836524061048e+00
-1.104409955978276292e+00 1.580323470474421566e+00 -2.004447430455645218e+00
-2.135923175851616840e+00 -7.285019804955135125e-01 5.972038955768629309e-01
-1.198368284331500888e+00 -3.373466250853728976e+00 1.824738038118909611e-01
3.914473921523148547e+00 -3.715121302016004545e+00 -2.005941743286489665e+00
-2.160114320161447277e-01 1.483629904442564484e+00 -3.419756697156219882e+00
-2.469869667749735154e+00 1.015404494153413717e+00 3.869787904863144945e+00
-3.892333436772755118e+00 1.158178769986182299e+00 -9.488385444430498250e-01
-1.894786879763778464e-01 -3.672197928341766615e-02 -2.527480377388815036e+00
3.068190300976787466e+00 -6.748228001531222375e-01 -1.874114390449855172e+00
