8.220706914434900980e+00   8.220706914434900980e+00   8.220706914434900980e+00
500
3.797638932138833745e+00 1.480024909257589227e+00 -1.231002871451539527e+00
-2.068000699494196848e+00 1.817957001158414743e+00 2.154112851474590529e-01
-1.565034242268209530e+00 -2.884385439707701781e+00 2.240144615222042113e+00
-2.951756206081706524e-01 -8.446850280627483665e-01 2.226373529375307747e+00
-1.549640242803711043e+00 -3.433243742614124905e+00 -2.854213939355265239e+00
3.532634273857481411e+00 -1.941855333615377877e+00 -8.522461318653813400e-01
3.767917659866194757e+00 3.520834707839134659e+00 -1.662730167735254394e+00
6.535146555926309997e-01 -3.301969957261626121e+00 3.983628337615543025e+00
3.385113172684709681e+00 2.313857547094201550e+00 -4.031664874156848377e+00
3.891574433371204567e+00 1.667535476947043405e+00 3.497496791725585030e+00
-5.027793785030755247e-01 2.261163723259526748e+00 -9.992532435542567093e-01
2.480313316969353199e+00 2.141074080140302982e+00 2.835753791687433800e+00
-1.385445048427617898e-01 -1.647211816373252757e+00 -7.233824217379063448e-01
1.615802010025934932e+00 2.585060134646758989e+00 2.796306870724000748e-01
-3.308043138167565456e+00 1.952047819776804527e+00 -3.896152634509702395e+00
-9.159272427342914913e-01 -3.838443919731646226e+00 -4.462124532420708167e-01
3.941900492064650541e-01 2.164975429986609967e+00 1.434367887708666967e+00
-3.952911986487656293e+00 -2.264929981573104101e+00 1.960747370583292293e+00
3.207574920960849063e+00 -1.011511139161746176e+00 -2.956504226769041122e+00
-2.624211224679307897e+00 -3.330758654411742015e+00 1.639137067018823446e+00
2.266253979695882048e+00 2.928215850631747497e+00 -1.110827572350790327e+00
-3.524085712461098030e+00 -9.942698872544339928e-01 1.413817882177893726e+00
3.926218912207741774e-01 2.263007030305796974e+00 -1.500931243605434506e+00
-4.105255114218384627e+00 2.992617088716869489e+00 2.659769606490796967e+00
3.047096695495667529e+00 2.840599143409348937e+00 2.371896231440403735e+00
-1.619444936408346081e+00 -2.582621762952916011e+00 -4.008085501003074036e+00
3.662337437878240287e+00 1.432541953492230569e+00 -2.306697959652900920e+00
2.398292779873700376e+00 8.886275385844260022e-01 3.940537381864753996e+00
-1.926576846598418769e+00 7.193747827324806776e-01 -7.553708907879151946e-01
3.623686662219951504e-01 -2.538871711721433222e+00 -3.255193859428740399e+00
-2.536386441943500714e+00 -1.672674456402465371e+00 -2.147136495539255119e+00
3.836652805867201366e+00 1.707624337092071176e+00 5.563222563375261887e-01
2.996552063139116040e+00 6.276586490766471460e-01 -1.132536598846733522e+00
-2.061808147236976030e+00 1.872371255211886742e+00 -1.900625593131125335e+00
3.323443309830675041e+00 -1.024905243573307256e+00 3.422409989129265195e+00
-3.035074342175256845e+00 -8.718750179197134464e-01 -3.928757818533384683e+00
-5.245774988715377063e-01 1.086857207257939661e+00 4.102322560316339128e+00
-3.068570592793262719e+00 4.332318550146012082e-01 -2.945621650828775806e-01
-3.435796749295358499e+00 -4.914412040311172958e-01 -1.620488433032609032e+00
-1.016639550135663983e+00 5.136838054611154725e-01 -2.883632595916901131e+00
-7.053656357058546433e-01 1.563765735952022506e+00 -2.882228430057077961e+00
-3.275439145126213702e+00 -2.372603169346713781e+00 2.676008108081934456e+00
-4.044115797397013878e+00 -3.222469194411780036e-01 -2.521865430806665476e+00
-3.667124054645564346e+00 -2.625603653107891899e-01 4.293678121422855321e-01
1.673368402710234237e+00 -9.876286907474139953e-01 -8.297149403681968183e-01
3.098064034036119629e+00 3.110805877093984595e+00 -3.328863434431967416e+00
3.035674631329424056e+00 -1.446975868452431646e+00 2.576648178976258752e+00
-2.753733112415724271e+00 -2.305199448932939266e+00 1.893328429352675313e+00
-3.915399498370377707e+00 2.744856984090539243e+00 -3.760826321093345026e+00
8.285107427451858797e-01 -8.362996947933958314e-01 4.042891343121731929e+00
-1.594678513803685638e+00 -1.740692285241037363e+00 2.874522256265730658e+00
-2.693721250918178267e+00 -6.974945534558139038e-01 -3.250008334532198395e-01
2.486302563639850582e+00 2.165735582734928499e+00 -1.678549467120964700e-01
1.876631907485748485e+00 -2.018281640705794189e+00 3.627303722817357023e+00
-2.386265117229752875e+00 -5.571407589776851410e-02 -2.090854394717237330e+00
-2.006908258855957250e+00 -3.003196885820785145e+00 -1.817929185136243131e+00
1.345052330113113426e+00 -6.115429839247460420e-01 3.029833353359514536e+00
-3.159227227722113618e+00 1.703104097743766587e+00 7.863085118661103934e-01
1.140917908221285249e+00 -2.147938765833061203e-01 7.366460448861132937e-01
-1.101212329719002181e+00 3.242893537519496494e+00 -3.305218615144755123e+00
-1.302340984046674421e+00 2.882523363794127214e+00 1.681749546362570236e+00
-7.523326343136994554e-01 -1.018162404383343489e+00 3.737434639149835203e+00
-3.473962456798188603e-01 2.919725427664431550e+00 2.525243997848065636e+00
-2.594402738590963153e+00 -4.088545701514157749e+00 2.509549290865740634e+00
1.556091343002975025e+00 3.771873793073893033e+00 2.527010995227226164e+00
-2.841559641656267843e+00 2.328557365052752182e-01 -1.195827374337533167e+00
1.899323514898059451e-01 3.686750686700801083e+00 -3.208344347841544764e+00
-3.636382313649033193e+00 4.085148788543831344e+00 2.816315532962933244e+00
2.420974180143355081e+00 2.645387768904420067e+00 -2.808522881576629437e+00
2.888476308409191340e+00 1.172493739691334191e+00 3.145182536015039165e+00
-4.001797244905677675e-01 -3.968287353115764304e+00 4.674768530109131848e-01
-8.831231381287802940e-01 9.834839710425006265e-01 -9.769104806110814332e-01
5.248096087446409985e-01 -6.660806414979028034e-01 -8.499708896755675536e-02
2.952505848006085287e+00 2.868330411367337462e-01 1.229676042477473308e+00
5.446432427634810558e-03 4.071599396681426342e+00 -5.628118263123202958e-01
1.810740489226761119e+00 -2.706938782753686379e+00 2.757946429756718221e+00
-2.531130328327778067e-01 -5.055691708657915617e-01 1.282382835088637929e+00
3.164074006040488385e+00 -2.470485021080043087e+00 -2.591645753125519924e+00
3.605316060680126888e+00 3.956951873344372927e+00 2.467619546373188921e+00
3.218244591533706345e+00 2.468075243583069511e+00 -9.873658282673701825e-01
5.064737416607469900e-01 1.002794552497657143e+00 1.254085379717777560e-01
-6.767342306080181835e-02 3.516299434345187436e+00 -2.284642533139556786e+00
1.714795130042279236e-01 9.111001808004649816e-02 2.910352060983193212e+00
-2.187030572808932316e+00 3.694214484460258685e+00 3.420827563757599776e+00
7.044141133021339929e-01 1.361937732430064329e+00 -3.305601719298844721e+00
9.974611549914672581e-01 -5.260775477881939333e-01 -3.194958060795282773e+00
1.824411890572162021e+00 -1.688422840594379970e+00 -5.223863854823915243e-02
3.041507250032860821e+00 2.334058040327980699e+00 -1.950049545516605143e+00
-1.842147378063442531e+00 -2.399549048028928322e+00 1.430376025158393238e+00
1.750096145804679093e+00 1.250626192206144349e+00 -3.415079957791617993e+00
4.100420191974486706e+00 7.385136807187890895e-01 -2.951377668473768257e+00
-1.003887019890479904e+00 -9.061130247017665784e-01 8.171174175085007541e-01
1.697335420804202855e+00 -3.065601913479711005e+00 3.880712152560766182e+00
7.155201246054927466e-01 1.445838840388988134e+00 -7.804940023075442879e-01
6.492736516230617205e-01 -1.126631814427265788e+00 1.432326057589900170e+00
-1.039448571197337579e+00 2.016279877725724923e+00 1.234755099194102534e+00
-3.355620955682544260e+00 3.952896291802977746e+00 -1.669575575700027903e+00
1.610587600244171913e+00 1.001839560478438584e-01 -1.197551178753248458e+00
3.414894609422247651e+00 -2.591042968050081718e+00 2.480422701341368441e+00
2.195793263689368224e+00 3.902532932745145455e+00 -1.552319742204635533e+00
-7.979565806065168632e-01 4.100014720745746466e+00 3.497561568124969433e+00
2.301074564670983147e+00 3.791595713489468888e+00 -5.348323758064666977e-01
-1.489751279819345076e+00 -6.614945331192572109e-01 -1.967834398422646069e+00
-9.523845969106454756e-01 -3.061222818890578345e+00 2.307011728456148103e-01
1.635180499964479672e+00 2.119689669644483132e+00 -6.154732588912555924e-01
1.326606400521795071e-01 -3.903742822668267554e+00 1.694679904609270427e+00
3.880131232949085573e-01 -3.580911675237714031e-01 -1.250313334356571549e+00
3.834037284439763216e+00 -4.005095613576080460e+00 -2.414130242472526611e+00
-2.520842495260464222e+00 1.630971746286977497e+00 -2.848142291309495810e+00
3.113791164743411777e+00 -3.801070346405436950e+00 -1.658620329787672931e+00
5.040203959706964776e-01 -3.916271827708076358e+00 -1.486625461033642903e+00
2.204242357114568396e+00 -1.064114545937737244e+00 3.623082921598244965e+00
-1.466704764908481229e+00 -1.847671528049568135e+00 -2.234159910449163178e+00
1.918206148683470280e+00 1.306562061059006297e+00 3.202072512983906716e+00
-2.167101550821475264e+00 5.605695348462546024e-01 1.176901204458794314e+00
2.052146524396273097e+00 -2.278329778865203270e+00 -2.603637991354068593e+00
2.704189418139102852e+00 -2.537466157849325388e+00 -5.170685415807558805e-01
2.231996306358788207e+00 -1.287190519254794996e-01 -8.280922067056356584e-03
-3.193081981619564580e+00 2.611207208025612569e+00 -3.170608992187365249e+00
-2.278917377486114226e+00 -9.979804475650045914e-01 -1.343378735052449979e+00
-2.652075280001808366e+00 -6.410093355880698285e-01 1.631899942493405087e+00
-2.058474227746122764e+00 -2.442182058086115770e+00 -2.759824258519310902e+00
-5.577760487498832909e-01 -1.645733590003173097e+00 1.709570848324966086e+00
-2.932366178992274364e+00 -6.699225037645593073e-01 -2.651277719192453475e+00
4.088938101757397803e+00 -3.886114094736201618e-01 3.751308135547314571e+00
1.882558237236609644e+00 -9.740073418450093667e-01 -1.766555687042687062e+00
-2.022510642952249693e+00 3.493584452170314769e+00 2.030598863564791579e+00
2.703876654891926856e-01 2.636761893798476475e+00 -4.044387171539674530e-01
1.309196375374265253e+00 2.456278380253047011e+00 3.521854906655192075e+00
1.141183034878736180e+00 7.851583240097628202e-01 2.827227630697524141e+00
-1.875156829710514228e-01 -1.603508089595255814e+00 2.888452431937553300e+00
3.063941616680925240e+00 -7.151938974314724362e-01 -1.982386661437641084e+00
-1.090409586038910916e+00 -4.495093495628649932e-02 -3.760904599343076526e+00
-2.816524318158227125e+00 -1.066455832529489500e+00 3.156958550755300408e+00
-2.251090070538654508e+00 7.097007185496024828e-01 -3.322242604773944397e+00
4.911000162145849335e-01 4.019605837079285315e+00 8.511613664612505126e-01
5.701516252116735073e-01 2.224944930474046068e+00 -2.770853751155474054e+00
1.601142075112944874e-01 9.399617917579673465e-01 3.466443639076730143e+00
2.365832499422645618e+00 -5.389226916460083672e-01 -2.876434483103164297e+00
1.355913237519797976e+00 2.528292403168825864e-01 3.648585406853662505e+00
-3.732815960177870540e+00 -2.710812594673545739e+00 4.086708078741673411e+00
2.671021911566119900e-01 -2.081402952337350509e+00 1.374123328220009821e+00
1.884203498437322932e-01 -7.977571437582055003e-01 3.222192601456109973e+00
2.682700300288459960e+00 -1.680395616160640815e+00 -1.952340561395055518e+00
1.471324092844805920e+00 2.933583006258392523e+00 1.763157988482694671e+00
1.245074600191419245e+00 -2.741922805858519885e-01 -2.142422993100681072e+00
-1.244338156451866739e+00 3.572127728249353318e+00 2.603955937956869970e+00
-4.056000958611094553e+00 -3.285780759060004996e+00 -6.326796529369380084e-02
1.815248906603251555e+00 -3.366117449312819310e-01 -3.793500125099820153e+00
-1.801780402405547932e+00 7.331622840484325332e-01 3.900425008252264014e+00
-3.444927131044340562e+00 -1.338473191500376247e+00 2.366440481949399377e+00
3.142637236049943272e+00 -4.077060704375235822e+00 -3.127693441332341617e+00
-4.628864036513641866e-01 2.690027506834300475e+00 6.292405948496636592e-01
2.574310774794954959e+00 3.699352325542720976e+00 -4.074325375493083712e+00
1.743289619435615778e+00 -1.327597519353546751e+00 -3.503988990575773954e+00
1.959188516577685446e+00 -1.170505864747232616e+00 1.709842345290335963e+00
6.428167976033776210e-01 -2.604049879043737636e+00 -7.230463121339779642e-01
4.674430150536768025e-02 -1.596938613551692088e+00 3.938117469504782697e+00
-2.044059205911272770e+00 -1.165105531373625158e+00 -2.807845887443746857e+00
-1.978659972540634415e+00 -3.405879305615569397e+00 3.292008967241584649e+00
-4.008399612439020210e+00 1.681277991240346825e+00 1.535788650412152290e+00
-4.528834105344913818e-01 -2.837792974019738956e+00 -7.602604847830934931e-01
-6.133922457100744463e-01 3.532053866254165619e+00 1.286699414822065846e+00
-3.140737825874101663e+00 -3.011119390584758637e+00 3.386464422647340822e+00
3.200252716661458052e-01 -3.281800366569037397e+00 9.288170325295954655e-01
1.230873756525809437e+00 3.520064240746262563e+00 -1.557906824288763925e+00
6.565403940561600482e-01 -2.841391749163745040e+00 1.795807973454196294e+00
2.993884520794993787e-01 8.812091153635794039e-02 3.936595706416589735e+00
2.837776438011873292e+00 -1.970969202467055092e+00 3.394778908861169509e+00
1.021230424563252664e-01 5.751465672517289129e-02 4.676191055056247436e-01
-3.954889934884969538e+00 5.707176005777669925e-01 3.315061054243161554e+00
-2.408072960199268697e-01 2.498880659148995598e+00 -2.300524657294678477e+00
7.967115109300669795e-01 -2.432653625208318182e+00 -2.312848914169407522e+00
3.512949124592350536e-01 3.327628979036166168e+00 -1.173571883087579648e+00
1.653904742606707723e+00 1.133428347426469252e+00 -1.250460917767988844e+00
-3.701229081413351718e+00 3.691701089642223987e+00 3.770431721243214351e+00
2.671216516408569386e-01 3.336129387465007756e+00 1.784356157815010668e+00
-3.909351251028568175e+00 -2.287949270874079843e+00 -1.723219431323192330e+00
1.157007081756096012e+00 1.198401013756270839e+00 3.929906918070412036e+00
-1.083491982065621695e+00 -1.304318187386618533e+00 -1.346546311822759412e+00
1.446926017799739173e+00 4.026883692683084881e+00 -3.244275428192601840e+00
3.189681216664979058e+00 1.310708280423817040e+00 1.174265056737125112e+00
-3.867061297144714693e+00 -4.985916158265615294e-01 -5.863614619968938735e-01
-8.228220545783362372e-01 -2.286221316045239593e+00 2.525217524766538268e+00
4.008213851676486250e+00 -3.522666752239156818e+00 8.285496354147183773e-01
-2.154272497647193862e+00 2.728517886714041829e+00 -3.265438564199001359e+00
1.453559623215655350e+00 -2.513998560553893369e-01 2.068913835752800967e+00
-2.833296795318860362e+00 -3.999193229352473011e+00 1.013659413936023101e+00
-8.833671446834411300e-01 -2.453552092805347584e+00 -2.955516622979069030e+00
2.211043815184313033e+00 2.900281736078200723e+00 9.647365328286836572e-01
8.933420259005506736e-01 -3.737351253388180083e+00 -7.687347031712901679e-02
2.899590117567152348e+00 3.291655981698301314e+00 -2.136255222117000585e+00
-3.854668173571353051e+00 -1.292708855848837990e+00 4.544716824543056921e-01
1.757470513181201566e-02 -3.388838253217166585e+00 3.191265951538527545e+00
-3.193187529907727029e+00 -1.947713096150162082e+00 3.550066990471585804e+00
-3.441391506151975310e+00 1.939747038345007724e+00 -1.173018894045930738e+00
2.406438417266706598e+00 -2.173364881571087981e+00 7.186054165357300683e-01
2.525798972662317343e+00 -2.224930335937192361e+00 2.227348263563890374e+00
1.192916815371187766e+00 -3.583828127222352222e+00 3.165107662332796945e+00
-3.418338784690386323e+00 -2.443966674343049039e+00 1.060188170516063316e-01
5.634425887699166802e-02 -3.140476786234208006e+00 -3.383641788530408756e-02
-1.598845087694446443e+00 -1.622033968551279237e+00 1.928927725003703131e+00
3.956558424132568419e+00 -1.064553515012726104e+00 -3.715447490436361466e+00
-3.844188351577356944e+00 -1.453022904189161135e+00 -5.327637606752662069e-01
9.346032167306504990e-01 1.552435449103919396e+00 -2.044214327931029640e+00
4.044775280125874062e+00 3.741267523804484796e+00 -3.381941065516787415e+00
-3.264439035140171530e+00 1.072348600677230479e+00 2.673252035585422348e+00
-3.581702419881524602e+00 -1.304496336868227413e+00 -2.948275001266809525e+00
-1.925958411896069977e+00 -7.489672694325496538e-01 2.382928707777683730e+00
3.143993477180405005e+00 3.214574491048961313e+00 9.131743896239333802e-01
-1.690867789273900357e+00 3.380382094746688271e+00 -2.584324367213309159e+00
3.298673990172548365e+00 3.076956458276744466e-01 2.621951133245291832e+00
-2.062990224145680340e+00 2.005568324022899418e+00 1.211439939858746095e+00
3.284545683626320489e+00 3.456920299156627685e+00 -4.964932664680203889e-01
1.316820389578391204e+00 1.666724213152135148e+00 9.910363955475244568e-02
2.170780274653062669e+00 3.900889510004480476e-01 2.536358808310040569e+00
-2.365872013556361786e+00 -2.307786867823594879e+00 3.145391736957332540e+00
-3.469300090376258972e+00 -4.003905493623875600e+00 -2.879094519739364255e+00
-3.918119815677826301e-01 -2.100337848154239406e+00 2.791356056490700843e-01
-7.806630998518296338e-02 1.409526850524885466e+00 9.428181640418806797e-01
2.457700098738955230e-01 -1.532520561020968231e+00 -3.341178966345638379e+00
1.901256983260945832e+00 -1.549532970127877496e+00 2.747297369981952286e+00
-3.988659826639739947e+00 3.553023228497324215e+00 9.638227042424941660e-01
4.491044462509800883e-02 3.338067647667442017e-01 -4.759276017484778132e-01
-9.715978182554833031e-01 -1.710485362940162846e+00 -3.632895537052552637e+00
-1.142296580854677668e+00 3.548065453502682320e+00 -1.223922746080034152e+00
-3.068408069575698338e+00 5.889083927896671122e-01 -2.500055615789990693e+00
-2.975912180934737084e+00 -3.916642998951906929e+00 3.532855404250968778e+00
-1.818109826816504571e+00 9.137637062716399972e-02 3.094158667317113753e+00
2.907006224088476198e+00 -3.111326811638571721e-01 -3.833375658621031690e+00
1.306511733032907019e+00 1.239731354225560356e+00 9.659153450837476562e-01
-1.343785638755328193e+00 2.420560685707672910e+00 -2.694010257998689983e+00
-2.623698901667366634e+00 2.620767136941652975e+00 4.039777199671655827e-01
-1.079072796405128321e+00 2.878978123432500258e+00 3.431060480724549500e+00
-1.583999621128358681e+00 1.445259845160057566e+00 -3.502563633673469123e+00
-3.550680797116334553e+00 4.039269687942533160e+00 1.501952657586368700e-01
-1.676539037793542297e+00 3.636176759588507945e+00 -2.090608531793524960e-01
4.079610774169629472e+00 1.768877471255960288e+00 -3.453882992549563546e+00
-2.578471851248604008e+00 -3.054253905579027428e+00 2.550903475629442863e+00
-2.454408285698344905e+00 -2.387807761048306165e+00 -2.054442906270251556e-01
1.087081239649601849e-01 4.062271015699204568e+00 4.074050964958145116e+00
1.188049677891829803e-01 -2.517800604357085970e+00 3.745084898435040888e+00
-1.901047973712274741e+00 -1.400352340906304838e-01 -3.040715876214943769e+00
6.964697639143486718e-01 -1.644186940119692020e+00 -9.919124954272276473e-02
-2.927568117156761129e+00 -2.550871396404023272e+00 -2.003333202334047769e+00
2.299722873836897108e+00 1.873616177326548060e+00 -1.335452002015879325e+00
-9.299213121056427722e-01 -2.253836869626608674e+00 -1.421350346115533236e+00
3.749333013491369826e+00 3.096645776815286855e+00 1.736507320029510915e+00
1.680328573908679513e+00 -2.877610650922954427e+00 2.439415430382651517e-01
3.885309663470557506e+00 -3.196396051316895637e+00 1.802068975194401901e+00
3.554575251849585449e+00 4.061770106277549530e+00 1.415792417450176810e+00
-3.544553116833919937e+00 -1.775572564344206627e+00 -3.791231427774284235e+00
-8.783358566019646707e-01 -1.305189044883093841e+00 -1.794586216185639349e-01
1.469740104587214491e+00 1.917083124621795420e+00 2.569443807672433078e+00
9.203370970960702557e-01 -1.520020706367238628e+00 3.213867979108117279e+00
6.354346148032591346e-01 5.557083299812727306e-01 1.177647114892510061e+00
3.927719211570447566e+00 -6.922059550535595296e-01 2.716166855725752338e+00
2.285966924654589949e+00 3.743692803743344122e+00 -2.776529469989372334e+00
-1.171379975312001775e+00 -2.232421937524861288e+00 -4.322077283516306823e-01
-1.519184615113572834e+00 1.627718560190683394e+00 3.692946706156260639e+00
-2.259960203580571036e+00 -1.718345925284741893e-01 4.041250192137948893e+00
3.405151796298866884e+00 -1.635503463319994522e+00 9.162539290145809145e-01
7.171350412967457677e-01 3.052758063326522997e+00 2.628459815621713158e+00
-2.303277278794711336e+00 1.605136768989375851e+00 -9.067844848136903391e-01
-2.435992299197086375e+00 3.671860946011456406e+00 -3.272625557375543615e+00
4.105561415955846449e+00 6.536800329692534772e-01 1.577836608134981944e+00
3.820907509181796780e+00 -3.464185103445775460e-01 1.205181827193490873e+00
-3.552170085075609940e-01 -2.991652073929378819e+00 1.975456714249029799e+00
1.253205946199223764e+00 2.877583370058424128e-01 -8.741374485178668441e-02
6.842166950832836436e-01 3.794448561065050018e+00 3.302350189828170635e+00
2.085373955904391785e+00 -3.713698067494425992e+00 -3.833904810302669386e+00
-1.616149694794279057e+00 2.655474488226943652e+00 -1.274544337646881909e+00
1.836149229669304273e+00 2.896237245748363165e+00 -2.166803870541172738e+00
-2.840239468714735871e+00 1.816200904286641438e-01 3.100248520360458393e+00
2.486101257976990553e+00 -6.021762647543407176e-01 2.629023488193677593e+00
1.533179535578154562e+00 2.279424835196718568e+00 -3.106936903175164577e+00
1.727267374553223656e+00 -2.714464520261112845e+00 -8.734909491147195837e-01
-3.129549608480857170e+00 -1.396938232519962853e+00 -1.133322120514291376e+00
2.694189899265909127e-01 2.457541086336521907e+00 3.290554622561831177e+00
8.012865960564161671e-01 3.268934687694255103e+00 -3.990670388350925801e+00
1.097628350114536078e+00 -1.504137900056494948e+00 -2.690035660156829600e+00
-2.954920347167679484e+00 -2.360759772748881158e+00 -1.074551486777743925e+00
-3.994101477223908070e+00 -3.550913086843948907e+00 3.542666733090949815e+00
2.344825151104377725e-01 -2.528383973480026192e+00 2.640307439057159034e+00
1.665184008000663685e+00 -2.488214084161430417e+00 1.381618986978176977e+00
1.416572063354281541e+00 2.198999365965930597e+00 1.171383457825931895e+00
2.648989816233867867e+00 -2.235286740668495309e+00 -3.461714206171712327e+00
-3.175700063706742071e+00 -3.362367007358841420e+00 -1.182333733852988678e+00
3.157047076678596742e+00 -2.532259579241754377e+00 -1.581121999632310260e+00
3.795988966571094636e+00 -1.716594924691714708e+00 -2.329481098333259670e+00
3.504369243566123338e+00 -3.121138023492320279e+00 -8.510130601909328130e-01
3.040577325989624491e+00 -3.406243241852813242e+00 2.055390754112510265e+00
1.939763655131923059e+00 4.394619470904743141e-01 1.164592295476445383e+00
-9.811338400041355046e-01 2.146948813148432111e-01 -2.347500296860551561e-01
-2.456632206065460178e+00 -1.639584260548208272e+00 1.220591892577785220e+00
-1.893675178157289141e-01 3.897744541103278948e+00 2.777641841623413654e+00
2.433473542085754282e+00 2.714723229177475439e+00 3.941878096038892387e+00
2.228264430643142280e+00 -3.618810169176109870e+00 3.219397462687374922e+00
2.316618712011067505e+00 -3.082644571274067768e+00 -3.151432784199813320e+00
1.594813235527738238e+00 -2.095501966107061520e+00 -1.641838783503755339e+00
-1.251962618393087645e+00 1.244094359002704930e+00 2.369934488654700799e-01
-1.786183168004734867e+00 -2.055325999749308963e+00 3.874878726778145932e-01
-4.248375268797267568e-01 4.052652059170422927e-01 1.422743978151874700e+00
-2.881780250258478837e+00 2.351712759722779378e+00 1.756439609712124206e+00
3.641568455972157836e-02 -4.927910634404679135e-01 -3.541418884171779968e+00
7.623047759376859744e-01 -2.550623479798333815e+00 4.675399777089909170e-01
3.741525917152750402e+00 -1.424602808683423039e+00 1.868739210992269140e+00
2.776321809402124696e-01 1.755439724810279545e+00 3.888160753679140047e+00
-6.976990855766967981e-01 -3.898328431258803572e+00 2.051691853481770078e+00
-3.618410653284976686e+00 3.756995846176718779e+00 1.868742536838269297e+00
-2.863937292017842973e-01 -1.783383174821995931e+00 -2.194279457297237279e+00
4.796219433791427678e-01 2.149008108975572817e+00 3.856684554470231618e-01
-1.411082235111520422e+00 3.660880215593615983e+00 -4.092463536759835208e+00
-4.097576205273575134e+00 4.108462327688805260e+00 -8.254853111682980416e-01
-1.049082026614472252e+00 -2.040686865780449555e+00 9.656847254039973016e-01
8.515276122086775645e-01 -1.502146376769579295e+00 -1.221757785383461359e+00
3.805855457671658559e+00 -2.357324053144965070e+00 1.660852718427613950e-01
1.986017118652946278e+00 -8.719189188554277159e-01 6.639687674651021387e-01
8.707586120913742844e-01 5.338707544980149100e-01 -1.742084331931283092e+00
-2.201916859580543395e+00 -3.945959657060727821e+00 -2.195490381789008794e+00
2.775187959373006663e+00 1.081319151578194138e+00 2.035034408062415423e+00
-6.928369534728232582e-01 1.024400232420658585e-01 3.609068299508649602e+00
-2.022647141056591380e+00 2.737734252374933508e+00 3.621029229229166813e+00
-3.729364139300693104e+00 2.598234952528005515e+00 1.286253438563209839e+00
3.940404750950403656e+00 2.986178244160826445e+00 -2.701192798084529390e+00
4.435345042750540312e-01 -1.609441335513833726e-01 1.939752193775839961e+00
2.296474561998741670e+00 1.722990284303228314e+00 7.655365754154653812e-01
-2.159564181895808677e+00 3.609902236159323152e+00 -1.070155835025137891e+00
3.686116971936778342e+00 1.843238300739240831e-01 -4.618600437496632738e-01
-1.825698679384623713e+00 3.221517257740121210e+00 9.440925064436777037e-01
2.903348239168782374e+00 1.115278576084891560e+00 -2.943312420424177844e+00
4.029050284903530788e+00 -3.302345641010474786e+00 -1.729761244859418623e+00
-3.057040397428307354e+00 3.146899796356452672e+00 -3.873250253862726700e-01
-3.214089990838746025e-01 1.353142578908081761e+00 2.716043087878551532e+00
-2.858189703166673201e+00 3.249865506960167849e+00 1.278748179516354000e+00
-1.729013197165030213e+00 3.604601228613128483e-01 2.081265453351494710e+00
2.929825680087381201e+00 -3.117200796345636515e+00 4.993284606676183790e-01
1.026867811257976992e+00 3.138496126810549569e+00 -2.829880093240361827e+00
2.322556388140067707e+00 2.085176244899902276e+00 1.746004176624994964e+00
-2.292246785102380002e+00 1.964864843576742182e+00 -3.891625904144817127e+00
3.205663280776818169e+00 1.335851828678471076e+00 -3.973327872981666786e+00
-4.000233826985337693e+00 2.781496932170880676e+00 3.557638442050633731e+00
2.457097479175704535e+00 1.480270596332268207e-01 -1.884692343868389353e+00
-3.913697695317518210e+00 -1.294082319905455858e+00 3.599344287332773451e+00
-1.911021770084916804e+00 -9.756203385704519393e-01 3.530967019531736084e-01
3.338029831912495915e+00 -2.969300786849457641e+00 -3.428945816417131365e+00
3.457528790104056338e+00 2.019489572904297869e+00 2.000138641475909029e+00
-8.199167033885377265e-01 -8.999004116819280252e-01 -2.880608475983588601e+00
-3.058504352634616286e+00 3.111308255481073815e+00 2.616747275319518895e+00
1.427441153364028992e+00 -3.325994913673289588e+00 2.119984028926367614e+00
1.247691195142742737e-01 1.129156104157767793e+00 -2.495889780790438106e+00
-3.321480955188962358e+00 -1.565181804233092833e-02 1.314764213743258470e+00
3.952210145554698961e+00 -1.806835060624706779e+00 2.823554065769555255e+00
-1.715359044342478878e+00 -8.367481912032005420e-01 3.405678111939249408e+00
1.479951220414487345e+00 3.884143502437965800e+00 3.849087103748050964e+00
-2.338806067442037229e+00 1.297881470304737217e+00 3.082668854939583980e+00
3.256133818808891967e+00 2.087153151286942343e+00 -2.973334649773169414e+00
1.771802671299354426e+00 1.119074979232755673e+00 1.842752144269276693e+00
-2.677055716257562334e+00 2.639410366229890226e+00 -1.181656466812109452e+00
1.351193790335790457e+00 2.332537660987937578e+00 -1.497853189861437340e+00
3.409672264401411912e+00 2.584049514710621942e+00 1.805772908824140877e-01
3.157763207000980454e+00 -2.475921744661614632e+00 1.354658823420083369e+00
-3.560386943729520581e+00 1.581152285558546033e+00 -2.746603671963274262e+00
-7.335628645299798745e-01 3.114166040255020196e+00 -3.751723510060057665e-01
-1.219608049310807463e+00 2.310461013812577402e+00 2.516324208430693155e+00
-5.804446879226787814e-01 -3.740484941931758289e+00 -1.572775644792496097e+00
-6.430672976850313471e-01 1.951008003823335946e+00 3.402843948929599183e+00
4.836491726561089055e-01 1.910171717977117378e+00 2.437731525471662053e+00
3.815848141251303449e+00 1.288405953941784698e+00 2.585267010492505957e+00
3.072350235721497569e+00 1.050004816661473939e+00 -1.877001094244283019e-01
3.276711623366987958e+00 -3.521823867572664302e+00 3.086304286121134943e+00
-3.207661957877604220e+00 2.007492324296202835e+00 3.345087789432745318e+00
-2.858948609447149902e+00 -1.579930339201776723e+00 4.206320200918781116e-02
-3.380014072093192379e+00 -1.923893823346435772e+00 1.071221458670555293e+00
-2.688432827660851565e+00 -2.663850329843248654e-01 5.965009810123171885e-01
-3.897407142193756169e+00 -2.492956008942615043e+00 -7.434759211737830276e-01
4.939171285188465044e-01 -3.625854974765154726e+00 -3.292808064782157373e+00
-8.900262736992462509e-01 4.856871348916934616e-01 2.669106978120004303e+00
-2.764875683642495474e+00 2.986266854067644583e-01 2.110612394191960117e+00
-9.633973340497464788e-01 -3.034034827451822736e+00 -2.155718389420873127e+00
-2.879907037959126420e-02 1.374399111022170938e+00 -1.375082601425793305e+00
-2.225475221496242551e+00 -1.521123632068926534e+00 4.083840608932972849e+00
-3.497766794401863777e+00 -3.444040532452430359e+00 2.133948789897960996e+00
-9.151871928906688547e-01 2.270406359746495628e+00 -3.848953080112054614e+00
-1.402623629239599934e+00 1.980486734443110075e+00 -6.341742816274229533e-01
1.666143946194755143e+00 -3.622463375464799462e+00 -2.277468530011522052e+00
-3.045367274919924760e+00 9.753213528899264961e-01 3.932420801324587600e+00
3.504124804648947489e+00 4.024826341439116995e+00 3.586720048254504745e-01
7.660865143847098713e-01 -3.967519032295695247e+00 2.415106629775176206e+00
2.122989904296542996e+00 9.414259806988974910e-01 1.099452780117627509e-01
-1.567534921055715680e+00 -8.696407156783035886e-01 -3.817316787017485780e+00
1.295447245270073378e+00 -3.088433144556072207e+00 -3.012696003648905219e+00
-1.922336920216461964e+00 1.577722529475466540e-01 1.055764426317446075e-01
1.262709445163528788e+00 -3.576943667122567838e+00 1.125924019202970250e+00
3.371235646969628963e+00 3.472139121648843418e-01 3.784540691091825781e+00
-2.222403382485401035e+00 2.168224472149320015e+00 2.424975235051053168e+00
-4.019942063504148955e+00 1.168371492016817337e+00 -2.460664824146677754e-01
1.757557245144299563e+00 3.209860132787466735e+00 -3.618151193590835923e+00
-3.359787526392717272e+00 -2.906584722743136950e+00 1.062337168715664193e+00
3.921191080176393839e+00 -1.031697214602373291e+00 -1.438425404000796881e+00
-3.109218440806359229e+00 2.322045424587586560e+00 -2.142223616448504675e+00
-9.101342777590235023e-02 1.923414338226307807e+00 -3.499876597786418131e+00
-2.847395193246791134e+00 1.307568977212808070e+00 1.768000340555195837e+00
9.601994639840137902e-01 -1.746417556307606311e+00 2.117529885293773173e+00
3.313972431833025034e+00 -3.783447117446907981e+00 -4.091417188356610168e+00
-4.013495589387661155e+00 -2.553693887388627903e+00 -2.802846478883988190e+00
-3.039539883315226287e+00 -3.740267049671550659e+00 -3.719040778875892794e+00
2.072694259605056266e-01 -2.354532163822167234e+00 -1.577681949763314329e+00
-2.056141648477555872e+00 8.981982843601953315e-01 -2.354752659897035638e+00
2.401534462172471684e+00 -8.902483145859872021e-03 3.469813184970150566e+00
9.488519732954098229e-01 -1.975838739592581605e+00 4.107386126862805575e+00
-2.339141469100831205e+00 -2.940943385575831126e+00 7.674607668749527933e-01
-2.703602329763107548e+00 -2.640926247338076127e+00 -3.979777260210686229e+00
-1.798146419466354340e+00 -3.882696741388024786e-01 1.256186438152228746e+00
1.695905461437551498e+00 5.714778437070274775e-01 -2.567531147900932176e+00
1.845512628354900819e+00 -3.610520072732947394e+00 -4.500675199942686389e-01
-6.149610854625432443e-01 1.270821909018992724e+00 1.779920585314676895e+00
-1.957823610354485766e-01 2.969525763888403169e+00 3.950818554517913306e+00
-3.527757356624532381e+00 -1.464755300241045388e+00 -2.010224044613199812e+00
-2.959441896352606349e+00 -3.339723211810487591e+00 1.798165996603275363e-01
-1.625300015310308321e+00 1.227818467881935716e+00 1.701041447091664383e+00
-1.827542489547461679e+00 -3.596017033495081172e+00 4.340200362463851602e-02
-3.764183640241073991e+00 6.479764187723762170e-01 -1.038018603441059007e+00
-2.534640572275199677e+00 9.699042824761295867e-01 3.412306801849899762e-01
1.017631460470705296e+00 4.589731296193677590e-01 -3.599166536085046886e+00
2.756815947772668363e+00 1.181041494603225939e+00 -1.930971420198698052e+00
-1.411443844188907004e+00 1.365219710617773252e+00 2.699009382897162190e+00
-1.490779335879558465e+00 2.759097119750447136e-01 -1.621984432455196412e+00
-3.318811566355976961e+00 6.125872766017408100e-02 -4.018465130042117472e+00
7.826646056393277151e-01 3.990055708945189572e+00 -2.402860751280999629e+00
-1.087698195126100220e+00 -5.226269240952428063e-01 1.872501926411360262e+00
2.705657801276724062e-01 9.293495659520786267e-01 2.019287638047146061e+00
3.660615556198290044e+00 -2.620893378374093974e+00 3.478399790645664069e+00
-7.345061801952499358e-01 8.254744566921495830e-01 -1.984700936492728607e+00
2.842357475642104614e+00 -1.643598687391480073e+00 -1.691774143896531135e-01
3.214295537880944131e+00 1.544110186589311706e-01 -2.713258536381187636e+00
-8.883926025801581750e-01 -2.086248562069138224e+00 3.657254238684426895e+00
-3.055492855017151399e+00 1.889796842053789172e+00 -2.386743946589580667e-01
-3.556526457605046154e+00 7.737919103992130232e-01 7.415780404279729288e-01
2.423719398472086173e+00 1.963677242056393712e+00 -3.601150967223788246e+00
8.780709473916091801e-01 2.259434839700597664e+00 -3.768345958648524618e+00
-1.216883195691837338e+00 -3.187696787708470314e+00 1.280964055989926020e+00
2.186661671859633227e+00 3.561977838090837789e+00 3.205591304948653075e+00
-3.541493891707973685e+00 1.938326087462203029e+00 2.373283166131347155e+00
-2.864097799076413153e+00 -4.105206158029313990e+00 -5.869046606351565609e-01
-4.556827085178324910e-02 5.986649341363876609e-01 -3.408993099759252132e+00
-2.279189316505887408e+00 -3.203975587787451396e+00 -7.527219573867394153e-01
-2.977628592790707351e+00 3.023637729833184018e+00 3.958015136366280107e+00
-5.290124870921890654e-01 -6.908439761897615661e-01 -1.975246464867869145e+00
-3.718841244706432736e+00 2.626746570777893197e+00 3.184160801800162144e-01
-3.518379513964033367e-01 1.623723840793217743e+00 -2.284999809064588439e-01
3.215862418304481274e+00 2.648111763198154112e+00 3.294980010070751142e+00
-3.504082824458879308e+00 1.177937418593622443e+00 -1.818312150471580457e+00
3.142758833461329004e+00 -5.814874390846845875e-01 1.945442432415272815e+00
1.153239826167680393e+00 -1.667838228144275847e+00 8.240505934556996426e-01
2.925000076566528495e+00 -3.641783370405537124e+00 -3.013842773960225818e-01
3.832505441940065705e+00 -1.069302078072657813e-02 -3.551980718300470574e+00
-2.568164297477096181e+00 3.292716982008512705e+00 -1.944778972944372741e+00
1.124190028037203248e+00 3.826803323500346021e+00 1.598140727562561203e+00
3.599468297325111976e+00 3.343076862525793391e+00 4.069905314163275278e+00
-1.704785585246948454e+00 -3.817507278433595608e-01 -7.764081831884943607e-01
1.015276174983032798e+00 -2.563494991373044485e+00 3.269040358559156090e+00
-9.477794971124580137e-01 1.909319402120612574e+00 -1.874540607768622857e+00
3.649336829683103467e+00 -2.055754978355639029e+00 -3.855960732497529797e+00
4.010117595213542607e+00 3.895491237847686916e-01 -1.884014050796794404e+00
2.282164517068344001e+00 -2.970634354696665369e+00 -1.771087145410437991e+00
2.271596389629037205e+00 -3.879847539762045106e+00 2.260196066399845716e+00
3.121022984635211106e+00 -6.685786106249838046e-01 4.716033016065575567e-01
-3.052505565975195623e+00 -2.820415408944999314e+00 -2.984066609712472840e+00
2.866360072844301166e-01 -4.087151574766450524e-01 -2.480917333878857711e+00
-2.010522600617458799e+00 -2.045931444621884587e+00 -1.147454094932214286e+00
-6.155706584446917207e-01 -5.174104849327461064e-01 -1.017973239578126465e+00
-9.420410652771245008e-01 -3.307242182083848014e+00 2.888484361924223087e+00
1.907012355538792781e+00 1.645302198925843173e+00 -2.319531278230353433e+00
-1.308931295899173675e+00 4.035048740521093968e+00 8.438080974592822026e-01
-1.704351752061270764e+00 2.670113758183697783e+00 1.255421682790951732e-01
2.135791192653424098e+00 3.988530249591093924e+00 1.066910713862024185e+00
-1.194150176696159749e+00 2.180604332081272079e-01 7.908940662573079594e-01
2.761476668643905619e+00 -3.019507809932288733e+00 3.855900309843220075e+00
4.109628968049487518e+00 2.173429003902949130e+00 -4.811662908642611036e-01
-2.044326106469073423e+00 -3.712466288776430812e+00 -4.016347092645006889e+00
-1.529202718706223374e+00 -3.778084674721078784e+00 -1.350216137394235183e+00
1.333282199369077103e+00 3.441312003725606417e+00 -3.223727307283508758e-01
1.770478604713274784e+00 2.881931391366151285e+00 2.711287344144607925e+00
-3.995742904610547486e-01 -3.190439363545166884e+00 -3.776287099980767170e+00
-1.803756738397569670e+00 -1.409091789555035223e+00 -4.775025497737357960e-01
-1.629952672823636317e-01 2.850656107099884817e+00 -3.312122123085149639e+00
-3.854494569409687266e+00 2.996465058738180254e+00 -9.621456683941710386e-01
1.609081412929360688e+00 -2.404637425567001774e+00 -3.599763933836724217e+00
-3.235004672436794237e+00 3.351960457845999386e+00 -2.599629920157169316e+00
2.923355429651999238e+00 -1.397357957691660379e+00 -3.858737786805560344e+00
-3.188808564029109061e+00 -3.425993807445268935e+00 -2.212089385918238893e+00
-1.803849327795514323e+00 -3.831481719940732500e+00 1.641960714952232614e+00
-2.730903889763145465e+00 -1.848443703762108870e+00 -3.217737899969159265e+00
-4.047542027986455460e-01 -2.767219271755230636e+00 9.969408032916555751e-01
-4.050337363237136223e+00 -3.529156886011937999e+00 -3.592569869254525816e+00
-3.470263205459083178e-01 -3.641599504131125986e+00 -2.778506283124850818e+00
3.155382862818061795e+00 3.648313252598117895e+00 3.264524798710604081e+00
2.342455825820268345e+00 3.411073600281064433e+00 2.010733116956465061e+00
4.019018945858998215e+00 9.181270988829252078e-01 -3.955728363142935411e+00
