8.220706914434900980e+00   8.220706914434900980e+00   8.220706914434900980e+00
500
3.421057749410010285e+00 1.663352018224322437e+00 -1.039275743444665334e+00
-2.174466195724499062e+00 1.909522894504174895e+00 3.131281299561982645e-01
-1.738541311984585169e+00 -2.512648819452332649e+00 1.968083029418975727e+00
-4.123853294258199575e-01 -7.910656553379509237e-01 2.257174244564277732e+00
-2.014908865554718709e+00 -3.277314031585387699e+00 -3.076748530842557727e+00
3.857151603444280763e+00 -2.116706128515604135e+00 -1.077621085471023310e+00
4.002358540647733776e+00 3.639788415114086906e+00 -1.410586520974624669e+00
6.307844072221088227e-01 -3.272230639475272262e+00 -3.941229744190124507e+00
3.394912843687616366e+00 2.559184052656978903e+00 4.050313833668244712e+00
3.708654761457927496e+00 2.062019576626565431e+00 3.657574091094986990e+00
-4.961772377441710513e-01 2.220300356979930445e+00 -1.115522012909573535e+00
2.183607527735274445e+00 2.422077113992672892e+00 2.787051273541540919e+00
-3.613123593012376733e-01 -1.881289712474333742e+00 -4.167589338653174824e-01
1.624036786091547224e+00 2.507188198399302959e+00 6.046723631373999153e-01
-3.340414156014150038e+00 1.832193967150171243e+00 -3.910395970086446127e+00
-1.105202823925478972e+00 -3.633098269990010731e+00 -4.411649491931273204e-01
4.985906260119959410e-01 1.796391802049774444e+00 1.524430682367637457e+00
-3.944640480617615186e+00 -2.462119792031348009e+00 2.093229180481904095e+00
3.231275981000665709e+00 -1.188254206758604381e+00 -2.927257697211305132e+00
-2.377620839274846798e+00 -3.031158908523245987e+00 1.769715254978200925e+00
2.330835389054376261e+00 2.911390866847080261e+00 -1.361775846274311697e+00
-3.617700761046520608e+00 -1.509400294134640497e+00 1.346598796664100428e+00
3.885159769798547935e-01 2.203509942021965262e+00 -1.414040523470456279e+00
3.887424308977838194e+00 2.651797476058944891e+00 2.815888570455003848e+00
2.932568440972263879e+00 2.849930328473403218e+00 2.323797647211202300e+00
-1.772575278603647053e+00 -1.948475183029139135e+00 -3.967934531581642332e+00
3.878197088610049637e+00 1.355114622002967062e+00 -2.294386453631426903e+00
2.492719048036545981e+00 1.058627926426425780e+00 3.724142042551832787e+00
-2.143897259245632902e+00 9.233559956837333882e-01 -6.550517039291912091e-01
8.146538756949301963e-01 -2.177001581347855819e+00 -3.296887629427270205e+00
-2.725676681816294522e+00 -1.766223452799896121e+00 -2.239698644879987821e+00
3.752152095517466091e+00 1.781914161759680093e+00 6.788129829074476262e-01
3.207567573563505192e+00 5.523500833480396999e-01 -1.375995342691308299e+00
-1.921159569636503361e+00 2.144882298416346256e+00 -1.891194051402028231e+00
3.238520314830971802e+00 -9.714639009241021750e-01 3.559135272349863488e+00
-2.994425389909047830e+00 -9.953694713775762537e-01 -3.719783091982810763e+00
-3.488384725359161553e-01 9.870931863512859561e-01 3.997775100814339400e+00
-3.189535859094568604e+00 5.727848493425309329e-01 -4.953938345350489825e-01
-3.271680374600054453e+00 -8.478505653040510071e-01 -1.805641326168518912e+00
-1.307608331976011007e+00 5.277781599480670938e-01 -3.016329884810517559e+00
-6.689500556022631717e-01 1.851021082755597513e+00 -3.200280311289608548e+00
-3.282723185328766835e+00 -2.205721427809597124e+00 2.598565987972680347e+00
-3.853466270041522534e+00 -4.063795513642225465e-01 -2.847172138741728364e+00
-3.658113030603694860e+00 -2.027719353625249687e-01 4.921290794191817697e-01
1.971962077590450946e+00 -1.408034315272002068e+00 -5.277260310223643724e-01
2.967846597426888167e+00 3.011672534713298877e+00 -3.460567835010298854e+00
3.089180098009434605e+00 -1.477920374719559060e+00 2.468988835527830439e+00
-2.840590993915122819e+00 -2.318129371540879280e+00 1.795930010603063121e+00
-4.077362985348733204e+00 2.666371435988497129e+00 -3.732021500375770628e+00
7.384031417702430211e-01 -1.025811704315190642e+00 -4.110003817468957266e+00
-1.486275928385126122e+00 -1.955258754958552059e+00 2.747935879355829503e+00
-2.669923527992478007e+00 -4.952434647476624541e-01 -4.269523835557996749e-01
2.452663694695822016e+00 2.329291980574205390e+00 -3.393450973510412361e-01
1.892856609459035999e+00 -2.269957641771755075e+00 3.859355464499104826e+00
-2.506472543785336793e+00 -6.907340691777323627e-02 -2.223605083352187428e+00
-2.008270021685782947e+00 -2.693115822622381916e+00 -1.552655590107500982e+00
1.476733890658977533e+00 -7.202661181310379135e-01 3.309148022431122271e+00
-3.068351392416713619e+00 1.496107388025143203e+00 9.385218078345612946e-01
7.048278341067153452e-01 2.453862018925807159e-02 8.312015096019511606e-01
-1.310727998572324582e+00 3.025757927303502903e+00 -3.549720407546029577e+00
-1.389549204498456758e+00 2.606262938191884260e+00 1.688028721959104583e+00
-8.518621204584897466e-01 -8.530284511921879531e-01 3.581182337339037236e+00
-3.325139222295426245e-01 2.884793535290509858e+00 2.775361288763757983e+00
-2.648313501621134325e+00 -4.040076440384827272e+00 2.535402413530209120e+00
1.425659519578551970e+00 3.618324142868114102e+00 2.854140115946697698e+00
-2.963587791062663346e+00 -1.560735470854973383e-01 -1.376852372512824108e+00
4.793446774507125197e-01 3.594325875780484569e+00 -3.265859298131524646e+00
-3.795307207996240884e+00 -4.059567848138636137e+00 3.031480225173843746e+00
2.358304443258716354e+00 2.710938640845654390e+00 -2.886924193318594956e+00
3.068644242751299878e+00 1.171953349428305868e+00 3.418113449362000011e+00
-5.882796521944605450e-01 -3.800369999218554895e+00 4.802416690310054581e-01
-1.054442163223744622e+00 1.112791416303811065e+00 -6.676691699049606132e-01
7.681848914732283262e-01 -6.641499575532675559e-01 1.085601584185612867e-01
3.123906318696045847e+00 3.695643752539472526e-01 1.713068202871063983e+00
4.301160561228270507e-01 3.936378311071174529e+00 -3.244174578034823009e-01
1.748716287760928800e+00 -2.804527366003480182e+00 2.660926965907099984e+00
-1.538407485672723118e-01 -3.262185703307255991e-01 1.159575862279137448e+00
3.257316562266608706e+00 -2.446992143074684822e+00 -2.330104327340568382e+00
3.827685136059721049e+00 3.746165123310984946e+00 2.560882100678574691e+00
3.350118678360265001e+00 2.795300340671206918e+00 -1.002805247611705752e+00
5.029016151028670167e-01 9.965166534076799199e-01 1.546638160114407745e-01
-6.572049184624785267e-01 3.135477120778004334e+00 -2.014346769310205065e+00
1.487737080686899471e-01 7.680103724291838241e-02 2.880124768354970222e+00
-2.303793472425613942e+00 3.733161330132785061e+00 3.788394499756630118e+00
8.192936339696280656e-01 1.519386295891743899e+00 -3.621707213729888242e+00
1.075348623373810097e+00 -6.905420148976023631e-01 -3.206258818852949943e+00
1.663179109393082111e+00 -1.481612289597323162e+00 -3.471727718415434927e-02
3.005086485862491497e+00 2.704652153198869868e+00 -1.995517593742408557e+00
-1.950080996109853748e+00 -2.332060804521111308e+00 1.028060076462711026e+00
1.446915296293439290e+00 1.344996966522567172e+00 -3.779076442334027508e+00
-3.974120699759575714e+00 8.893470139217337644e-01 -3.068253951189963580e+00
-8.175308446263417350e-01 -1.369325324884668404e+00 8.005164492882118621e-01
1.400235398617091453e+00 -3.212231460102600522e+00 3.751871195797115810e+00
5.916138348081212417e-01 1.638476379137555616e+00 -5.121162437303219406e-01
3.286538754861760836e-01 -9.570053633958027772e-01 1.074389066823067562e+00
-8.100775932446984129e-01 1.848308696169048027e+00 1.015370016061374780e+00
-3.445679930577201677e+00 3.658782711896226392e+00 -1.327250163372447389e+00
1.841041675072008443e+00 4.673628413949403315e-01 -1.241035452670335548e+00
3.429298170684779379e+00 -2.653817299519051431e+00 2.545403488477530729e+00
2.254322659654403260e+00 3.882325682152697244e+00 -1.796835807071984092e+00
-3.914022961060422134e-01 3.960828007375056803e+00 3.611214376499217060e+00
2.215871418285406680e+00 4.047229563027223698e+00 -7.288679581731591917e-01
-1.642412582673537846e+00 -6.042763792783362176e-01 -1.929626915089488248e+00
-1.118319707676786123e+00 -2.977813636711118761e+00 3.478302479203225772e-01
1.508714270112845313e+00 2.129619534341965270e+00 -5.093077071351064244e-01
9.962283776718638961e-02 -3.630893707890092692e+00 1.875379797808862659e+00
6.013840549050637752e-02 1.451386744671389062e-01 -8.823718144872705338e-01
-3.906664891203256662e+00 -3.904076113468454068e+00 -2.297625711693994432e+00
-2.398239998840788534e+00 1.572287390657542305e+00 -2.790891526954338620e+00
3.178095153420443353e+00 3.807041187317714126e+00 -1.759900725248495723e+00
2.555863825018259150e-01 3.730888309511354084e+00 -1.546274973363388927e+00
2.311117959860633064e+00 -9.176558777207990403e-01 3.804656566348789681e+00
-1.674701197285836107e+00 -1.964640357188389919e+00 -2.075315002116469465e+00
1.938361347296414960e+00 1.084133787480235478e+00 3.412816823246547226e+00
-1.986441181213966622e+00 6.214030182818670589e-01 1.156738620327603329e+00
2.016427498903397897e+00 -2.454485110067591958e+00 -2.909047919768047219e+00
2.913985276005770952e+00 -2.527291633938659743e+00 -5.803314150715589703e-02
2.017165992771606575e+00 2.731762178841781186e-01 1.507667561116078914e-01
-3.304581312412665728e+00 2.437425646178255523e+00 -3.283468740028656629e+00
-2.383696322064072337e+00 -1.188460421582104631e+00 -1.197811804118042556e+00
-3.057734498481411212e+00 -8.027625052187564725e-01 1.815304383775208530e+00
-2.377498446759382933e+00 -2.728855793909876759e+00 -2.514497857794306235e+00
-4.498583639693243263e-01 -1.852534000394389535e+00 1.728944733436773129e+00
-3.022265053658310663e+00 -6.641496233923819270e-01 -2.541899834948333936e+00
3.790683408557933731e+00 -2.081522223642626734e-01 3.943576653473304994e+00
2.056239786764594513e+00 -1.292828155437980575e+00 -1.530137913499951097e+00
-1.774673478603173704e+00 3.916302097374064761e+00 1.988859605253278318e+00
2.025655522894445337e-01 2.557243598815502672e+00 -5.998791663711943167e-01
1.567419521623206746e+00 2.587182863262653232e+00 3.621444233574122151e+00
7.926569836696416571e-01 6.685389179336257426e-01 2.828130697209111588e+00
6.287177594477391662e-02 -1.874613292705966883e+00 2.944337118741148007e+00
2.789831839533031932e+00 -8.675783373943580790e-01 -2.290238466500180703e+00
-1.025960785979625145e+00 1.504233899419018805e-01 -3.816345990028079616e+00
-2.960143734449875108e+00 -8.722457763306786793e-01 3.309950896768858009e+00
-2.378440087265383251e+00 6.915266960031540844e-01 -3.039608237628150800e+00
1.532042470092014885e-01 4.102654622319417577e+00 9.417031858218224416e-01
6.813541727008962656e-01 2.250739156710392042e+00 -2.909754119112561099e+00
4.494241850038507291e-01 1.116092435122336024e+00 3.404752830237856909e+00
2.030004317327872787e+00 -5.790344251431873701e-01 -2.617441840584284751e+00
1.229350353405954444e+00 7.341360001535868207e-01 3.479656040479747858e+00
-3.592099616521624572e+00 -2.787367539315470211e+00 -4.104993767532257642e+00
2.368005959775855429e-01 -2.230681770040086942e+00 1.482922245255994920e+00
2.645825224445843005e-01 -5.914694999810150566e-01 3.565596055109542917e+00
2.734382837395349153e+00 -1.679955336398808674e+00 -2.094668137241724626e+00
1.734291810045420545e+00 2.702804831808705455e+00 1.731750212437120018e+00
1.243111390911427971e+00 -1.255712491311721801e-01 -1.907811244914952242e+00
-1.171276256245107783e+00 3.442978626980188750e+00 2.453372983563432808e+00
-3.854723234919844366e+00 -3.250428624941855471e+00 -2.201530173679370483e-01
1.827941494483723117e+00 -1.327215360147549483e-01 -3.810139571653179846e+00
-1.922076952482243861e+00 7.864774836802070901e-01 4.083749076640201814e+00
-3.448767613894884843e+00 -1.532645272523550650e+00 2.137554551398743730e+00
2.950638621555286445e+00 -3.972602876149212037e+00 -3.298491851328415603e+00
-2.467435863172762756e-01 2.341811817418311126e+00 4.045022787883386095e-01
2.578536633839479286e+00 3.737667905780855282e+00 -4.046939891855363847e+00
1.589246565502722142e+00 -9.217901719471824906e-01 -3.975704188946590723e+00
2.045540165758555240e+00 -1.297494249582042736e+00 1.552848073880387147e+00
5.314056244408938978e-01 -2.692815984655214656e+00 -6.978730047828074490e-01
3.221158128333063697e-01 -1.616236635155077428e+00 3.646899977339391974e+00
-2.372496533711907496e+00 -5.682577545209670511e-01 -2.904333588369476526e+00
-2.023916166646268167e+00 -3.394175164856092053e+00 3.415127838082243628e+00
3.998596252501907422e+00 1.706904539093482054e+00 1.414688010779703742e+00
-5.796988966542322430e-01 -2.834181830874041186e+00 -6.835401925467382567e-01
-4.274647380288678078e-01 3.094865665918640207e+00 1.085487117399193124e+00
-3.027551717675799559e+00 -2.683542294255878868e+00 3.409299565034209056e+00
2.365379370845756557e-01 -3.107721560599616240e+00 1.256133495577175019e+00
1.384727102766081464e+00 3.263596537679778198e+00 -1.309005419201290765e+00
7.468695876650379706e-01 -2.827591729191506253e+00 1.836535501916296109e+00
3.934488134183417585e-01 2.571634410727949849e-01 3.734393754664654175e+00
2.675359341155058246e+00 -2.033784608006023120e+00 3.914632049750910614e+00
1.610673420727399274e-01 2.578373411789001701e-01 4.161723118786123110e-01
-3.916011345874118810e+00 4.776980804329297725e-01 3.542900206656776074e+00
-8.638226101544294044e-02 2.239402920841721212e+00 -2.421078113157722367e+00
6.492744505113986486e-01 -2.742016691583653909e+00 -2.395089420314803874e+00
5.566975511468188476e-01 3.076277755084900534e+00 -1.297920366823945626e+00
1.166978467007486753e+00 1.417827571388440511e+00 -1.288116837270162129e+00
-4.101299794984427649e+00 3.619178236838040963e+00 3.564643711739057252e+00
3.186569734631757855e-01 3.684052818910153793e+00 2.121788812990225370e+00
-3.682791113178611742e+00 -2.088957715674380822e+00 -1.424062904536317342e+00
9.777914683166318843e-01 1.298291536328742168e+00 3.947660677159074094e+00
-1.539445740685310371e+00 -1.461056820249165389e+00 -1.236317506161233037e+00
1.600082642396736698e+00 -4.020532958050377026e+00 -3.454795737904786890e+00
3.093921210164247260e+00 1.747914525410802389e+00 1.135907263161584524e+00
-3.745875240153717645e+00 -4.975720450395427208e-01 -3.755736403446898741e-01
-6.175558093743500621e-01 -2.103589147742119358e+00 2.455368588690282738e+00
-4.010746147821334873e+00 -3.721197922256137325e+00 8.997690845979067209e-01
-2.429338932152148800e+00 2.316897076167560687e+00 -3.084962010314925340e+00
1.196542712508395390e+00 3.154751189871965456e-02 2.192127434068792180e+00
-3.009019261331959960e+00 -3.869978370557844105e+00 1.002240569248030067e+00
-9.793630899405192380e-01 -2.150927924462687546e+00 -3.335314336066368401e+00
2.432208455092536692e+00 2.685206805584465783e+00 1.090272070802044135e+00
1.245403954812128511e+00 -3.697735736460120215e+00 -5.520475471245010757e-02
2.452692283563116860e+00 3.178177211486904241e+00 -2.108759181663008242e+00
-3.735655008634469532e+00 -1.451827490802365395e+00 3.969399664703965880e-01
2.142429079363712130e-01 -3.614664970269878541e+00 3.253758981569127240e+00
-3.465813644332753185e+00 -2.138328435221601431e+00 3.615313352087863308e+00
-3.250748700885460529e+00 1.943713741516744475e+00 -1.218345962530333670e+00
2.034472800779365986e+00 -2.384095550836601074e+00 3.795773979043294277e-01
2.399912493107584144e+00 -2.283295057737150469e+00 2.335184652102201053e+00
1.267675143289159534e+00 -3.461669568726587265e+00 2.954707724643372835e+00
-3.267412522622496596e+00 -2.497034555647220877e+00 1.504429797789390011e-01
1.429116788297049856e-01 -3.188348613693995137e+00 1.209322080347961931e-01
-1.704042390083226888e+00 -1.768739323318847534e+00 1.926936460148271246e+00
3.979981275744567615e+00 -1.521661782429130305e+00 -3.503563127113245468e+00
-3.654415270235053192e+00 -1.478411043206035558e+00 -4.501256546310431483e-01
8.373157499069053822e-01 2.027591973592976160e+00 -2.085555714267518290e+00
3.868588215214352033e+00 3.795162997207839339e+00 -3.218782259308187843e+00
-3.207886484664412841e+00 9.451387490313832851e-01 2.933754344228788558e+00
-3.704880138749399254e+00 -1.084803404884683964e+00 -2.895134176583145091e+00
-1.773529854256385097e+00 -3.609644517271061726e-01 2.665171068345455474e+00
2.779627762688965387e+00 3.231378473875980539e+00 7.676469860959349578e-01
-1.302047828011401620e+00 2.852382741316625392e+00 -2.448323426018137461e+00
3.329097092477598441e+00 6.517220820402291892e-01 2.635855172201079455e+00
-2.116449795280365365e+00 2.016661507471591452e+00 1.221250395858016535e+00
3.558976501996732544e+00 3.815836805813536792e+00 -4.439987344845889305e-01
1.012435886095982784e+00 1.724329310809640026e+00 2.840515580585916688e-01
2.315566036533796446e+00 3.399378636715654212e-01 2.676948624634669649e+00
-2.235711329176440554e+00 -2.335624876807178119e+00 3.292216792869055109e+00
-3.276699900986387526e+00 -3.828146961596526676e+00 -2.984367165918498266e+00
-3.453909242306068550e-01 -2.339637712312089501e+00 3.027368662067398963e-01
-9.468927297223687922e-02 1.196264153144708464e+00 1.294969364034754378e+00
1.892150235414375437e-01 -1.519739423277332024e+00 -3.443529028144836079e+00
2.149443270230353420e+00 -1.508499273036271626e+00 2.724997402361458931e+00
-3.845202306383045165e+00 3.725152048569241536e+00 6.396766270755889217e-01
-1.332005773782956592e-01 3.502715441703972976e-01 -1.107146166558171524e-01
-1.147084396769329384e+00 -1.347019321871604225e+00 -3.684558646731898257e+00
-1.205957394159577145e+00 3.655212137549622931e+00 -1.112086887493735521e+00
-3.227174135436212232e+00 3.428370736983357703e-01 -2.835591193850481861e+00
-3.174951004240367691e+00 -4.101467525887930066e+00 3.682241928098141770e+00
-1.709137865780150367e+00 1.077251504802979321e-01 3.442384545388668116e+00
2.948972450589995908e+00 -3.987478452790694794e-01 -3.759506576461988825e+00
1.080425126253777179e+00 1.252436422213705880e+00 1.008647147035243830e+00
-1.327324217439862508e+00 2.301468867260862972e+00 -3.003914217110635221e+00
-2.773132025580314242e+00 2.757930247806221313e+00 4.060335593612989236e-01
-1.061079021517490562e+00 2.947945856646294605e+00 3.257668809599837179e+00
-1.913365075611755284e+00 1.509227595965397350e+00 -3.617883706224088947e+00
-3.751272506610478619e+00 -3.991873175991123901e+00 9.999081605322447663e-02
-2.035277676088853571e+00 4.070759559638787550e+00 -1.225462173401751786e-01
4.026306902794485332e+00 1.649435139589202182e+00 -3.760369338062472089e+00
-2.791577926091077799e+00 -2.841205532559213598e+00 2.740723802516543017e+00
-2.365712548973206708e+00 -2.729414363292156143e+00 -3.321682056526374938e-01
2.773160731169860282e-01 -3.783896931228651006e+00 3.823106626907457173e+00
4.379760086249261386e-01 -2.606016002666963427e+00 3.973960428565637137e+00
-2.034963465759350498e+00 -3.538974237905577469e-02 -3.275369247558809871e+00
3.794086528251461310e-01 -1.666271918804173469e+00 2.757440864500788624e-01
-2.961304599859951647e+00 -2.552132373905131590e+00 -1.695924015380678718e+00
2.399857467876813644e+00 2.014470686451064640e+00 -1.225959013870988823e+00
-1.432925837069426001e+00 -2.234726199047360584e+00 -1.208409056347566013e+00
3.668930068265573219e+00 3.064606215190934346e+00 1.910823447492715932e+00
1.591940655623395928e+00 -3.210372420111738290e+00 1.501383561667794520e-01
-4.017237066932630718e+00 -3.210383971288147453e+00 1.598358821467833923e+00
3.655172080592016037e+00 4.021898759253042854e+00 1.599457526728417456e+00
-3.381725829857270771e+00 -1.753582664516655232e+00 -3.920052668216902791e+00
-9.830335220873348545e-01 -1.353053646974318402e+00 -7.702313015338538293e-02
1.936738307798884895e+00 1.879550041960302176e+00 2.127991772643959667e+00
9.164950287176620858e-01 -1.839598952910948437e+00 2.889718052090951783e+00
5.328392726894286557e-01 6.518101678526806442e-01 1.017656135917788029e+00
3.527536351035915452e+00 -2.604870361837348658e-01 2.610822185986489075e+00
2.193419226467881789e+00 3.900835671421111872e+00 -2.783378190108303230e+00
-1.287439342183615443e+00 -2.284964958338088881e+00 -4.637215253946259663e-01
-1.392106907626745160e+00 1.696395656253554929e+00 3.558391064316976937e+00
-1.894781464602332210e+00 -1.981523778258986734e-01 -4.016907398123864326e+00
3.706788057497835354e+00 -1.826334325524693547e+00 8.337615023927491542e-01
3.844361936405158997e-01 3.221220074393114086e+00 2.803759910879247474e+00
-2.005938355678615004e+00 1.757492193052592411e+00 -9.340524809858314903e-01
-2.544539687896104407e+00 3.648256225911500117e+00 -3.333508563809076453e+00
-4.036565391923615742e+00 9.350340130763022950e-01 1.389253342084532772e+00
-4.057014436837828697e+00 -4.013252492924923587e-01 1.153848139019344909e+00
-3.988911276480731072e-01 -3.067205929558202371e+00 1.838685788421845713e+00
9.722463310406090908e-01 2.215452454100765856e-01 -4.334893903189027675e-01
4.271995138282141946e-01 3.744038474425240182e+00 3.373047348074639018e+00
1.893572225674039489e+00 -3.466618100589724083e+00 -3.849179304906746868e+00
-1.464000013015740898e+00 2.852490265339249209e+00 -1.421260356479579823e+00
1.820022024311203968e+00 2.929523776248619704e+00 -2.316030861895244097e+00
-2.643319912237668934e+00 1.631478861187404816e-02 3.362378730526275117e+00
2.675411941155776852e+00 -6.377466068062360716e-01 2.817996667881250694e+00
1.676262136828919447e+00 2.445045119947598433e+00 -3.318595721619267191e+00
1.858035930335997676e+00 -2.826365147654306575e+00 -9.200700679150040084e-01
-3.194861893076177850e+00 -1.387501003592751747e+00 -1.116788140642768212e+00
3.078462182731386276e-01 2.353745535418269696e+00 3.127022516988930523e+00
6.987607107433958520e-01 3.539563840921325255e+00 4.068463704285568916e+00
1.109862694008172834e+00 -1.514129693185328529e+00 -2.947734813492957517e+00
-3.005347413310473392e+00 -2.143985742671714156e+00 -1.039873758188045727e+00
-4.067669495779878908e+00 -3.541712437929779078e+00 3.679212800217818380e+00
3.585979282430756809e-01 -2.762192509148193142e+00 2.767382950048729029e+00
1.652662922340474516e+00 -2.339783734865348297e+00 1.721485268582017669e+00
1.385652054787339438e+00 1.912938538055708459e+00 1.395233046970139279e+00
2.702964064175283898e+00 -2.387133400881422229e+00 -3.557399031933724309e+00
-2.672046809205097517e+00 -3.267131458863225202e+00 -1.372895971639298329e+00
3.237875820741685562e+00 -2.341648766965543249e+00 -1.519219211048278284e+00
4.002146726832250145e+00 -1.601836682750976903e+00 -2.575333740065017807e+00
3.548491656762648550e+00 -3.234168770705915463e+00 -1.154832353113111942e+00
2.845771107756932761e+00 -3.320781265903411494e+00 2.141770801143910941e+00
1.502695934258510002e+00 4.454119318760546564e-01 1.390129188890494083e+00
-8.656655239646324773e-01 1.611170102985399755e-01 -1.337015259068942696e-01
-2.202038793838570374e+00 -1.733551226919677113e+00 1.497563981788062382e+00
3.191730923681135312e-02 -4.014491491469915907e+00 2.787367233695576818e+00
2.352506507537437841e+00 2.829103541824380841e+00 3.934244448819127715e+00
2.191622131523711214e+00 -3.566241510566162454e+00 3.376796898124226232e+00
2.258930144470962631e+00 -3.348898091445169811e+00 -3.067542600362126670e+00
1.696154914996331975e+00 -2.253179943755752035e+00 -1.939872674015087339e+00
-8.161489085906061813e-01 9.962822017497968696e-01 9.719503781864372582e-01
-1.811750925759437081e+00 -2.138490572202568885e+00 2.647865905150998955e-01
-2.684150919087300857e-01 5.121825068710150752e-01 9.600396686044362360e-01
-3.166327658985128579e+00 2.344704485220645118e+00 1.715993469713297914e+00
1.034470027909669687e-01 -5.686326541994968231e-01 -3.545564252238672776e+00
8.953711057748019453e-01 -2.779579114044530286e+00 7.085680032056870248e-01
3.853759549375695759e+00 -1.384622796914809051e+00 1.850288778804210166e+00
3.388226491268951368e-01 1.788871210999476880e+00 3.820752163721998329e+00
-2.860323076364386097e-01 -3.889807481409045309e+00 2.279233531345848718e+00
-3.634079380787312186e+00 3.673035391324439569e+00 1.594246414444581150e+00
-2.510667732322142132e-01 -1.541488349996316565e+00 -2.577392661539498864e+00
3.923388014666893686e-01 1.908960945882845373e+00 6.762405060429765857e-01
-1.825231136191314718e+00 3.567468067392510545e+00 -3.677451996612350005e+00
-4.086490272580826755e+00 -3.944363071835643719e+00 -5.457769209423614098e-01
-8.251757305496127959e-01 -2.318883034796652698e+00 1.090393002124055544e+00
1.299686762033786414e+00 -1.759766938729351748e+00 -1.432433602573641718e+00
3.875839244361841907e+00 -2.607257122758041223e+00 2.057425160090787519e-01
1.328269105891308755e+00 -1.047377972464252904e+00 7.137943506261947846e-01
3.677266484077325592e-01 5.634681421765641574e-01 -1.670079587742323124e+00
-2.516143911794491927e+00 -4.004577460257438659e+00 -1.882390751576808796e+00
2.890484094510978430e+00 1.301591028645429304e+00 1.877416656042983689e+00
-6.359518737500930996e-01 1.517721689027277665e-01 3.364760934870144382e+00
-1.894475181573298750e+00 2.786185139826915069e+00 3.643248273719455810e+00
-3.991465972183178668e+00 2.433683064965479481e+00 1.042245881689057629e+00
3.738036977312724218e+00 2.890718159214422212e+00 -3.063053414817486608e+00
2.800196639044095770e-01 -4.856773226274473110e-02 1.833949606690783662e+00
2.551762670795470811e+00 1.999331637935325867e+00 1.261039626731605523e+00
-2.436299276372356104e+00 3.566604542572539227e+00 -1.120876292657777329e+00
3.910835294448035349e+00 7.678469115155071023e-01 -6.628953848797135562e-01
-1.928807027253805151e+00 3.069606371334347106e+00 1.232730679336546231e+00
2.880221878671169300e+00 1.196958280941648134e+00 -3.186480733441233948e+00
-3.910390692906772880e+00 -3.269917872299048067e+00 -1.540369781219644407e+00
-3.583177317421051722e+00 3.487740912164177143e+00 -2.089950165009114569e-01
-1.728258401805271016e-01 1.365716346137699322e+00 2.641356402710782980e+00
-2.789842506219889273e+00 3.319403526956043127e+00 1.507254759174674552e+00
-1.685155467725444334e+00 3.378572663561931200e-01 1.972721920934068729e+00
3.491084377909200676e+00 -3.322489583655404033e+00 7.008031588296550485e-01
9.998462602258352261e-01 3.070806237768668900e+00 -2.682885183597512935e+00
2.367508151996487786e+00 2.080261484925610915e+00 1.828585335554419489e+00
-2.396157681286589902e+00 2.015551461699123692e+00 3.845260371391383991e+00
3.118466561061007614e+00 1.630688563449764317e+00 4.094185969160386129e+00
4.037332903376388948e+00 2.799323624325729121e+00 3.739541430629062191e+00
2.711420814064333662e+00 -1.606601063777736427e-01 -2.321372350818406982e+00
-4.091211294566602596e+00 -1.451465411234238445e+00 3.777103183987598367e+00
-1.798199977934394900e+00 -1.161825375624116585e+00 5.992692124505832885e-01
3.213483593897084045e+00 -3.119047341484103342e+00 -3.531350725326922291e+00
3.309450003828716458e+00 2.208155662884360826e+00 1.702497154593670015e+00
-7.297194813938032709e-01 -8.524692242272097209e-01 -3.116676385267954874e+00
-2.712266720521584684e+00 3.138683377062059243e+00 2.466470718861632161e+00
1.308752054773405504e+00 -3.210811008815302348e+00 2.128538258416808659e+00
-1.167096124459551937e-01 9.537407049236314993e-01 -2.825334297865119915e+00
-3.275972269949931182e+00 4.477063902520431182e-02 1.318729429214378968e+00
-3.832038210132193701e+00 -1.901714715387035515e+00 2.996294996359793572e+00
-1.821221015243555952e+00 -9.286666876409584992e-01 3.198001987394990753e+00
1.659220930434911256e+00 4.013312664441843758e+00 3.988197286019214083e+00
-2.207482372084408784e+00 1.132699720300152535e+00 3.208267343340250655e+00
3.127540907035823547e+00 2.656939311707643636e+00 -2.708656822374166051e+00
2.090944870779497755e+00 1.238262233996476391e+00 2.178960335095135648e+00
-2.447649212495812687e+00 2.600464696012068533e+00 -1.061979647815943562e+00
1.487492936943932476e+00 2.363846273246040131e+00 -1.623727381203542652e+00
3.303382604965563019e+00 2.462672710651391039e+00 1.473815229803720483e-01
2.914864456029200301e+00 -2.694148602888553956e+00 1.337739506780816434e+00
-3.209403799704225957e+00 1.310983279512825339e+00 -2.894949361687372491e+00
-8.454257005611580666e-01 2.664234152073475581e+00 -2.313592284470866178e-01
-1.123884764396872571e+00 2.425185255132066509e+00 2.413585140628235148e+00
-3.900478252434541604e-01 -3.733449392170284931e+00 -1.196981478414005373e+00
-5.525484659875741222e-01 2.192826946471583938e+00 3.342864410909791140e+00
3.204417965195360818e-01 1.993912756384880192e+00 2.327306688162201098e+00
3.624860937602996103e+00 1.515081614430193957e+00 2.211792643665499991e+00
2.658559828350521848e+00 1.016798845740448431e+00 -1.174241190709650051e-01
3.380475932646414883e+00 -3.857570777079692093e+00 3.224356581706014691e+00
-3.645424208344739014e+00 2.005222685276754735e+00 3.416587242190742391e+00
-2.664342743162068761e+00 -1.995738950618159535e+00 1.172157178238707048e-01
-3.348208976721363861e+00 -2.269365535970435666e+00 9.819944721371363094e-01
-2.513970893816161567e+00 1.891903606176257788e-02 8.473224887410755191e-01
-3.673594894067067962e+00 -2.447855304699329437e+00 -6.363304297306638935e-01
6.124672816274119302e-01 -3.943671064135073401e+00 -3.637699524473016144e+00
-1.129146953459425617e+00 6.246319884259902144e-01 2.616360340816584529e+00
-2.510343880080930568e+00 1.734084243537272196e-01 2.089255522335399018e+00
-1.146387944671099834e+00 -2.716070520851483927e+00 -2.088052620489868172e+00
-2.620924705927850096e-01 1.348278486502942686e+00 -1.113365659181796863e+00
-2.546772157762747124e+00 -1.635981024870996281e+00 4.030588349075856947e+00
-3.453732458587516874e+00 -3.800105787812541713e+00 2.297445624686534238e+00
-1.206288842468290046e+00 2.255212208663892604e+00 -3.977067777167683005e+00
-1.414061679216657819e+00 1.880237942255812644e+00 -2.095239681026448975e-01
1.921168964940478840e+00 -3.836386043715089400e+00 -2.225343896172817360e+00
-2.863358371261006230e+00 8.486731364869865013e-01 -3.966921348414655046e+00
3.440624506793648951e+00 3.886745223452083398e+00 5.744713035308776083e-01
7.807809420162135083e-01 -3.828824291261471391e+00 2.342907868073442312e+00
1.582561292548323006e+00 1.010656315984907572e+00 3.509148320941026244e-01
-1.478705238213652517e+00 -7.281888181208802102e-01 -3.766818075117987163e+00
1.309748392579409781e+00 -3.219414868192997936e+00 -3.083232836037691715e+00
-2.035725045228747643e+00 2.421198271878797215e-01 1.930871988865572875e-01
9.852653121168738481e-01 -3.801671828832991817e+00 1.423539353618174630e+00
3.361689868536692494e+00 4.412382500549170694e-01 3.661697309827431468e+00
-1.842078590485495715e+00 1.923884107323142967e+00 2.144712063868960961e+00
-3.980276312634551505e+00 1.549328099566410488e+00 -2.399381707076247289e-02
2.129232712243587233e+00 3.271468394397869073e+00 -3.516608741973136887e+00
-3.535576683144310728e+00 -3.010212017744296809e+00 8.610078849657846201e-01
3.810624373723348501e+00 -1.461588731323531620e+00 -1.761201052344115281e+00
-3.232394174526413977e+00 2.588779977495130780e+00 -1.909699054420670672e+00
8.082866923550369176e-02 1.705504917966498279e+00 -3.590431118682579914e+00
-2.822017805534672519e+00 1.107132008808769719e+00 1.805925501040136272e+00
8.885044819264782401e-01 -2.007597716030220969e+00 2.121606821079311089e+00
3.434513613903939167e+00 4.107249323375609329e+00 4.016969548725122685e+00
-4.083773331362421821e+00 -2.585845975099538840e+00 -2.814106566445552904e+00
-2.860408669890746935e+00 -3.559915055312760312e+00 -3.585712265249835440e+00
-3.271377777408160936e-01 -2.305861869644437956e+00 -1.539236224123852637e+00
-1.655979008548008391e+00 1.213255937290786068e+00 -2.441534071270513362e+00
2.403709428140039517e+00 3.292333806807973273e-02 3.718193281754746060e+00
1.349958596945531664e+00 -1.696380200659354687e+00 4.101549160788349191e+00
-2.055707784141910022e+00 -3.179405601227179634e+00 8.329349424025154214e-01
-2.860365344592255887e+00 -2.960169529722520121e+00 -3.948753266958508590e+00
-1.711343801354327399e+00 -3.202172633216877062e-01 1.033964642277493962e+00
1.788520436095856869e+00 7.008141253713836560e-01 -2.532559141873584441e+00
1.855881232979051276e+00 -3.501399542031778722e+00 -3.648167110661030277e-01
-5.577749644987647359e-01 1.246292905113011384e+00 1.944946203195848211e+00
-3.059790985090100057e-01 3.424871292523242516e+00 4.087542303384944731e+00
-3.544677984640809854e+00 -1.590744691404784472e+00 -2.024018581644383197e+00
-2.866969178731841872e+00 -3.388851746480899152e+00 1.676139157175589034e-01
-1.820490120524365540e+00 1.247477774519602844e+00 1.651023017978562990e+00
-1.757907121771052461e+00 -3.382283207028160543e+00 2.813052618565970442e-01
-3.479303666848674315e+00 4.403541206778361916e-01 -1.150679300206643330e+00
-2.562912896959970155e+00 9.707249238334755281e-01 3.295994938787930595e-01
1.032139607092346978e+00 5.123256900257024959e-01 -3.787102882921066005e+00
2.700253712897846547e+00 1.241954312887792122e+00 -2.148376235301748149e+00
-1.176113475556755938e+00 1.530484746332752444e+00 2.629609504036156231e+00
-1.293688934853171491e+00 4.840981130081630779e-01 -1.662146160554379914e+00
-3.246169082153885999e+00 -1.862795572990856852e-01 -4.101450774518975884e+00
1.027536868068415599e+00 4.093529600292378667e+00 -2.572421559988235629e+00
-1.235947196360078548e+00 -9.663782776427971566e-01 1.610877794502443283e+00
2.371130469747496639e-01 8.850824883278944899e-01 1.997960821018236910e+00
3.839197167206729766e+00 -2.483562075587777862e+00 3.403538362807073447e+00
-8.477220750900483770e-01 1.045690936156152162e+00 -2.238404044205366095e+00
2.670734101024776486e+00 -1.532871380627063518e+00 3.402467703459942094e-01
3.094586498942460739e+00 3.787148602730814884e-01 -2.446921465960892661e+00
-5.534155272027425632e-01 -2.015884539040881052e+00 3.852445996165068554e+00
-3.011206005223147741e+00 1.813896998496069335e+00 -2.537753062367310020e-01
-3.443266794051508484e+00 6.353624017260227630e-01 3.572841342997753467e-01
2.803758203213681188e+00 2.262689732273196697e+00 -3.805273346675681623e+00
8.918340681112328916e-01 2.235424734187341667e+00 -3.684501196918083643e+00
-1.063820768229677860e+00 -3.022281057645285429e+00 1.463012980612195424e+00
2.433432210630970260e+00 3.921780858433069561e+00 2.735069309677049976e+00
-3.819131205916100225e+00 2.101307358621720578e+00 2.180779192275725364e+00
-2.947076024634278202e+00 -3.956505460828140031e+00 -4.384553783065024413e-01
5.408786326528185889e-02 3.939914031636902458e-01 -3.573550103471590411e+00
-2.475240584640484354e+00 -3.340359364071016302e+00 -6.246431230495528286e-01
-3.071127684361460997e+00 3.360430808751464493e+00 -3.902961931663692319e+00
-8.560557173885450233e-01 -7.549882883461555005e-01 -1.462238037709386873e+00
-3.673462818752903480e+00 2.990525725356740327e+00 6.330486092321749858e-01
-4.538020863499787061e-01 1.636674746722624807e+00 -1.286703022738775737e-01
3.128916332246924004e+00 2.746786492107180511e+00 3.219214538288071026e+00
-3.611160116835124612e+00 9.082014383075228681e-01 -1.795906698231582110e+00
3.253903981977947613e+00 -5.814511851703911827e-01 1.715664892930252039e+00
1.215323766813883211e+00 -1.921164219986679633e+00 8.824486030574680839e-01
2.973419786941964738e+00 -3.881236671797028137e+00 -4.558938641842349426e-01
3.948018295870602490e+00 -4.590599406122140014e-01 -3.532843494611881852e+00
-2.778513992216683715e+00 3.355661277337024018e+00 -1.868598173951358632e+00
1.380483625166424977e+00 3.722098979719827838e+00 1.750944897707822356e+00
3.521821846384658894e+00 3.273871805027366300e+00 4.094569735980399194e+00
-1.961155054017680754e+00 -8.059716290436806652e-02 -1.007111084983108862e+00
1.367027112945331080e+00 -2.561339197421407921e+00 3.290894001527736812e+00
-5.721880887854807751e-01 1.796993966846415880e+00 -1.951431095551884320e+00
3.811192561691827851e+00 -2.504563973979808456e+00 -3.773168552396775066e+00
3.955532058062652734e+00 8.016803620071698278e-03 -2.107847054046674273e+00
2.251535548567855205e+00 -2.795445298876162443e+00 -2.187024973172754461e+00
1.969291697787459272e+00 -3.766468775302575178e+00 2.186396883410417935e+00
3.068361181606846788e+00 -7.786571093994516524e-01 7.583048507409470007e-01
-3.123522268717399797e+00 -2.823879634782875403e+00 -2.983178770908485600e+00
4.963200645925663346e-01 -8.278698972899019015e-01 -2.570399247468130532e+00
-2.172475516092934544e+00 -2.208679719402819597e+00 -9.253148813624659796e-01
-7.766192916817519221e-01 -2.512321081159513136e-01 -7.012570325829753370e-01
-9.065861552860619010e-01 -3.713888667770300245e+00 3.362095779933810924e+00
1.793062072671479434e+00 1.771106099894260044e+00 -2.403592101109633283e+00
-1.242353678219002111e+00 -3.682617812750176078e+00 9.805601702529316288e-01
-1.917658930691121144e+00 3.142002795995871178e+00 1.078955115639947671e-01
2.236516911580514133e+00 3.355992565384334991e+00 1.363692306275186450e+00
-1.305646820147913667e+00 1.246290425294107745e-01 4.258383562217742391e-01
2.581178286589230542e+00 -3.074857666260334632e+00 4.013997854731477410e+00
-4.109238441626740901e+00 2.267777927160571583e+00 -4.521491702411582492e-01
-2.038155004176058771e+00 -3.852271073626314379e+00 -3.828850398676959532e+00
-1.870009677737947129e+00 -3.745366443512686327e+00 -1.301479752791828481e+00
1.028275946229425530e+00 3.075619310811727569e+00 -3.057105985982557228e-01
1.803418086749139171e+00 2.991199058040663328e+00 2.521741223058087122e+00
-4.927239381510893912e-01 -3.022899658939486756e+00 -3.369625749956862926e+00
-1.858350713392857179e+00 -1.570130028911880249e+00 -4.022674719188556458e-01
-2.309172920433680276e-01 3.001656551701437525e+00 -3.367632639027605901e+00
4.075123944205961912e+00 3.109107750700788042e+00 -7.298074034139199195e-01
1.595988615645900666e+00 -2.451886076588262409e+00 -3.623222143703265452e+00
-3.029727842192921017e+00 3.730352794808831529e+00 -2.596631310754135225e+00
3.014268269785843390e+00 -1.573583429638981679e+00 -3.697037622391307732e+00
-3.069214889013831105e+00 -3.383680582759735156e+00 -2.177259648335355013e+00
-1.738514558783971209e+00 -3.390631930412056683e+00 1.589959592821794887e+00
-2.880200783204840409e+00 -2.063206224798983968e+00 -3.250823038324462289e+00
-1.784827650520943720e-01 -2.794255785378872314e+00 1.241803897843615001e+00
-4.078483919431137750e+00 -3.569177757102098614e+00 -3.580936713118674231e+00
-5.384095295167516948e-01 -3.636220151116104748e+00 -2.138095800523414525e+00
3.002995942873146529e+00 3.625804568177716902e+00 3.375250610130832385e+00
2.158530155838163545e+00 3.338146170088354570e+00 2.151821246427856771e+00
3.963565879146364157e+00 7.944298029937273409e-01 -3.914309892282298975e+00
