8.220706914434900980e+00   8.220706914434900980e+00   8.220706914434900980e+00
500
-2.318916946436420989e+00 8.788695976676607069e-01 -2.036223117963918749e+00
3.626329393568387127e-01 2.248626207763035900e+00 -3.140305517314420758e+00
-1.049094849974978372e+00 -1.492904328690760618e-01 3.396853799521774575e-01
3.668192661272093869e+00 -2.141718359561893159e+00 3.929658509190375959e+00
2.668216122052433192e+00 2.051966127541073603e-01 -3.393961678556192130e+00
-5.439403036656436097e-01 1.678064281091123711e+00 -3.468913673815607002e+00
1.170231355629601788e+00 -3.273696635122684828e+00 2.122334854233354218e+00
-8.534657727115410042e-01 -1.175581446992813195e+00 3.703914841385743451e+00
1.828123306168968343e+00 -2.658471586280040544e+00 8.266851703421839170e-01
6.690979989437551012e-01 6.767566544797338768e-01 1.943299982601576215e+00
5.765000171690418673e-01 4.043222142732481039e+00 1.259929912828755327e+00
-1.528921049497177664e+00 -2.536869034566070269e+00 2.791045526252499798e+00
-5.769164009125039572e-01 -2.671906200131448500e-02 1.263811232947094743e+00
-2.470511872275944043e+00 4.844201877965492731e-01 3.837793617548697522e+00
-3.164750684022979321e+00 -2.046437450177579498e-01 -3.833396400047870411e+00
-2.600508265121093121e+00 1.570886630718538068e+00 -4.004710000155150773e+00
7.309337304328664686e-01 -2.131645901702341028e+00 2.500560268146396758e+00
3.762202998979091162e-01 -3.570306103861807578e+00 1.596189906549848048e-01
3.801173845530374518e+00 2.980498217737373778e+00 3.213809765684193742e+00
-2.296705189002057779e+00 -1.513704045232201922e+00 9.782691077395045953e-01
-3.111496833698316866e+00 -7.720994542386441228e-01 -9.547809006801636356e-01
3.863798685303171609e+00 -2.753968444723903009e+00 2.285749464223790106e+00
2.641146159028350038e+00 -2.367887392682640701e+00 2.466150755473208278e+00
5.996412296036108813e-01 -9.638415807172706629e-01 -1.112845996490979816e+00
-1.300590928302932214e+00 -2.240305955093084833e+00 4.022407487095085443e+00
5.188973369199414432e-01 9.351867740287868047e-01 3.036717832549440832e+00
1.369268936642194845e+00 1.961562703642534933e+00 -1.184679933342465352e+00
2.938930711004060781e-01 -1.049540654118543470e+00 1.294354308603810955e+00
-4.694572472382345651e-01 -2.638370469905375604e+00 2.526081567256763805e+00
1.404242912223645945e+00 4.675224945246314601e-01 1.044769063085009719e+00
2.275791436901823395e-01 2.240520383439048135e+00 8.635377763951016528e-01
3.325929278539146328e+00 -4.551004014382727947e-01 -2.974351048865636837e+00
-1.269808466217268839e+00 4.069658247360401049e+00 3.977582704734653252e+00
-1.795844512125604364e+00 2.079868698174716091e+00 3.326589300479011690e+00
9.312294206364284399e-01 3.033511168964562188e+00 1.200789135603595348e+00
1.771691454496524987e+00 -9.460519481409214171e-01 -1.389058095962623529e+00
-8.105886243283693116e-01 1.974488685210382455e+00 3.785264147413651692e+00
-3.263457897003874120e+00 2.859553664314338217e+00 2.565090858374631466e+00
-3.175320843953858940e+00 -2.173854299516598143e+00 3.848551277115487945e+00
1.978102716544579698e+00 2.783778768789190394e+00 -1.574801133470818737e+00
-4.004293017226947526e+00 2.461414800817573578e+00 1.724657380623986214e+00
5.872072918239295003e-01 3.722350912361321651e+00 -6.631106718985083637e-01
-1.584033540541841090e+00 3.829880312823774169e+00 3.106019998775191304e+00
3.633093010589396599e+00 8.226572234380378212e-01 -4.260293224213766439e-01
7.488438470667693192e-01 2.092568113775981065e+00 1.763757455325387191e+00
3.258261170329196155e+00 3.425161214311049473e+00 2.343826970892346484e+00
-3.182848693113302652e+00 2.339362655177938954e-01 -1.313765527154476587e+00
-8.880037243417032711e-01 -3.166310651570743318e+00 -2.565082170269856743e+00
3.618301184481456545e+00 -8.626039021888484148e-01 3.228201551374065836e+00
1.522370317550173713e+00 -3.758493622869728767e+00 1.878468425838582256e-01
2.371785091621003705e+00 -5.239148581336671162e-01 -2.063507041716427182e+00
4.018005376929258077e+00 3.959055965712199865e-01 1.872728538945471533e+00
-2.739836430058980365e+00 -2.635027295784299062e-01 3.256447679585194876e+00
-3.925222586408827041e+00 -1.590063917767552404e+00 3.335523549928521625e+00
-3.205903703359445078e-01 1.128663551169472923e+00 3.503484966694712099e+00
-2.592042165621722294e+00 1.168995264116977184e+00 3.183219551194809149e+00
-2.412074393805021977e+00 -2.416192388177885175e-01 1.101949899713125847e+00
8.446657603497507161e-01 1.318031582317656936e+00 1.187104312745271617e+00
-2.257162581644089006e+00 2.461109841158178602e-01 2.556113665711945426e+00
2.692611920571428286e+00 -2.458426345376046596e-01 2.713172815364080837e+00
-2.976887399793923805e+00 -3.783932145212144382e-01 -5.852822181372224764e-02
3.315689898874347286e+00 2.633299587620675286e+00 1.661382313211672734e+00
-2.643893306476020832e+00 7.488880720710585637e-01 -5.715507303481804913e-01
-2.436006585980444505e+00 -2.565207388635187602e+00 -1.683509675246002146e+00
2.776327914213011158e-02 1.714984696766863048e-01 3.813595556525360308e+00
2.337420075049081003e+00 1.600820717115052361e+00 2.509993868255742555e+00
1.323960317246409168e+00 -1.480609672057713766e+00 1.748571285169555178e+00
-7.946056830360712642e-01 -3.185234105097605184e-01 4.007806115100746247e+00
-3.041275294177304911e+00 -1.971542918319806104e+00 5.030514418486140560e-01
-2.568427392967206124e+00 3.263791532888018043e+00 -2.456695739916288534e+00
2.444452311722856486e+00 1.901965527504144937e+00 -1.292719183364810620e+00
2.607475160562106709e+00 1.474521728514288421e+00 6.063317395293457146e-01
2.721656273806221993e+00 -1.678199781297015081e+00 -1.384934243727844683e+00
-3.035768206785383505e+00 -3.673666454866391540e+00 7.129872521889729642e-01
-2.148838668369798199e+00 -3.728035524285217228e+00 -3.455945256591358206e+00
4.027891900767904154e+00 8.505362099516750041e-01 -1.855453797772179669e+00
-6.066191672279492852e-01 3.532059356167518871e+00 -3.735882069757214374e+00
-3.746498688322316695e-01 3.000611947244967048e+00 -2.753905625792257617e+00
2.617164294957007087e+00 3.674865305043196084e+00 -3.462571492195925860e+00
3.135320282425188676e+00 2.278200571249805684e+00 -2.378140847540303859e+00
-3.227040728185353924e+00 1.266632108655118216e+00 -1.966804398517804531e+00
1.676883111147740024e+00 -5.842830019613917125e-01 -3.958368795192413359e+00
2.582131915817785561e+00 -3.323527663801685517e+00 6.761374013584151577e-01
-1.786595462356409314e+00 -9.050180552403622736e-01 -2.473461955914994181e+00
-8.808791073959495455e-01 -3.845787539367799379e+00 1.738613758880480642e-01
-1.678604873076355641e+00 2.989319742151995030e+00 3.832419077288742759e+00
-1.772317461340805034e+00 -3.994295413855649457e+00 -2.591250571745044251e+00
3.512776573315124828e+00 -2.203676915403062431e+00 -3.318123437861346225e+00
4.046588741883033080e+00 -3.729002828754557797e+00 -4.068226130291853870e+00
-3.899941103709000156e+00 1.482565724476332836e+00 -2.771941950264415588e+00
3.272218158055081094e+00 -2.260306621998595666e+00 -2.113555483888191144e+00
2.218162337415002516e-01 -2.709833576743907901e+00 -1.218512691792744906e+00
-3.057943177111447142e+00 -1.125341787240359492e+00 2.829313369933294187e+00
-3.218322161498064826e+00 -1.394738709066596583e+00 -1.870463978348862577e+00
-2.695073212503031446e+00 1.471350716982400719e+00 7.108721981889389863e-01
7.204429142389722207e-01 1.089561831521365320e+00 1.709466911025114555e-01
-4.057165857730075764e+00 -1.022421124044444962e+00 2.382967337497556404e+00
-8.833955268137080874e-02 -3.887292156486292338e+00 3.678898426228996321e+00
1.320619755778297710e+00 3.903342525319035250e+00 -1.441018558968394592e+00
-4.614030334622526430e-01 -3.453502915895292791e+00 -1.630305526336612187e+00
-5.140294532787773596e-01 3.694497094664954684e+00 2.914518638367880055e+00
-8.463475168443532759e-01 -1.297809752856919907e+00 -2.395673076442739191e+00
3.192446259825405086e+00 7.509867829495966429e-01 2.601456424600939066e+00
6.490920484692193071e-01 2.874541798319817598e+00 -7.427375831715474219e-02
-1.386157504390095996e+00 -3.947718514028203618e+00 -8.989397281162020414e-01
3.409204493636209587e+00 -5.735421204381666582e-01 4.214941513079561303e-02
2.131651408872049236e-01 -3.028121999742375614e+00 1.786722558938641958e+00
1.192721003444831673e+00 2.716427073367636336e+00 -2.272281743657508457e+00
3.158300105786774115e+00 -2.574265470476376549e+00 1.594537372984140999e+00
3.386481151820070590e+00 3.734336867647382263e+00 4.074752677289472658e+00
5.843639963325547582e-01 -1.480358058911644958e-01 -6.221495591515793233e-01
3.696158425099560940e+00 -4.055713024063477556e-01 1.042366234190378771e+00
-1.945202580936034265e+00 -8.024195257842701989e-02 -1.832872663826584869e+00
1.595596753225240194e-01 -8.714169952250058193e-01 -2.331023451676628166e+00
1.762236259343353151e+00 2.364946899502226696e+00 1.384398398291178944e+00
-3.340943721773026454e+00 9.007562495638613553e-01 -3.386309653423339228e+00
2.632666112489254751e+00 4.041431331568140273e+00 -2.526635718509884665e+00
-1.977689667156554920e+00 -2.972380111019913507e+00 -2.581000274548388429e+00
-3.890143529532888778e+00 3.687921378010686535e+00 2.751668463020755517e+00
-2.544075248402074330e+00 -6.821844065904014709e-01 2.025012983997382499e+00
3.275117545602082014e+00 1.694734271694019689e+00 2.339805927386900741e+00
2.671639607220345436e+00 6.084613074117347642e-01 -9.479651767746357649e-01
-1.398574958330432993e-01 3.867610087854629897e-01 -2.916905839704133502e-02
3.409222663286053390e+00 -3.080051676280988637e+00 -1.489481541795749431e+00
-3.780389265075970950e+00 -3.656158410376256107e+00 3.233268535936840049e+00
2.175842879145267528e+00 -1.550233115494811020e+00 2.622584970537486182e+00
2.658747432872202499e+00 1.969313993451845768e+00 1.604911553478625796e+00
-3.235351775940896180e-01 -3.788403491919301924e+00 9.981235689259592148e-01
-2.559814351341565875e+00 2.652169699482595178e+00 -3.851178423141801588e+00
-1.034135238754107095e-01 1.393841116639431110e+00 -1.949145154029992000e+00
3.525864866914245610e+00 2.185537948793721430e+00 -1.181368798694360178e+00
-3.848819103602693303e+00 -3.432485795342101298e+00 -3.092673528599322985e+00
2.381635182684221697e+00 2.945200322987732822e+00 2.209891907104738706e+00
-3.744613480516582715e+00 3.492856678465817044e+00 -2.305435375728723812e+00
-3.709226337202318646e+00 1.460628422672044291e+00 1.042241208191489799e+00
2.110290662556375985e+00 -3.248370939175988958e+00 -3.533403214096394240e+00
5.332304375648518890e-01 3.471791852199075379e+00 -1.821809827818291705e+00
-2.224595475140576983e+00 -2.767563770358220765e+00 2.157971169041009940e+00
2.050837802855816072e+00 1.804246364883122511e-01 3.711917632406545930e+00
3.318321164140039414e+00 -1.342967579764264396e+00 7.999694421205445494e-01
-7.080762534847069301e-01 -3.173706493419438779e+00 3.996728668702490772e+00
-2.974051417951908416e+00 -3.630046778826077958e+00 3.885036879497510753e+00
-1.138670350090199707e-01 6.413083930597643922e-01 -9.566329520443807022e-01
-4.009726192004473333e+00 1.202823345683560752e-01 -3.254319017992945540e+00
-2.123893192537373409e+00 -1.128067128834507882e+00 -1.430944295495662155e+00
-4.087630803040712024e+00 -3.866122670510626858e+00 6.307602559934291087e-01
3.853382969867153118e+00 -2.055228261888143670e+00 -1.306051399831121618e+00
-2.120143030015267716e+00 -6.320568910099011450e-01 4.084317958791757519e+00
-2.068793567408035994e+00 -2.996164856860576542e+00 -8.585337325247256457e-01
-1.911130906203343027e+00 -1.127885953002765840e+00 -8.313263919909757993e-02
-4.049416415366056121e+00 -3.760213136428936398e+00 -1.116620741741366496e+00
1.940104006466885744e+00 2.548388161271274210e+00 -3.086787738740365938e+00
-3.754018643784011733e+00 -5.363087285651836345e-01 -2.336938933056513790e+00
1.043548625118012607e+00 2.061390500596770592e-01 3.670643240909750915e+00
-1.328614905468640695e+00 -4.994154487913482487e-01 -3.389822723741251931e+00
6.844957426498587960e-01 1.158697737905805214e+00 -1.381662076384828186e+00
9.364266475098595999e-01 -3.407509615782426060e+00 -6.425421496976156943e-01
-3.256098541153690018e+00 2.502941080518304773e+00 3.945241498925524670e-01
4.993007984252187947e-01 -1.240187052894043518e+00 8.622891797754972387e-02
-1.822713957174175503e+00 6.764665017610991260e-01 -1.158992917546515899e+00
-1.308582236053413617e+00 2.843860316192233118e+00 2.593051942874273763e+00
1.233270863533544093e+00 -1.727044876996346456e+00 7.177757411874379212e-01
3.261376434768630261e+00 -9.090857551650243229e-01 1.926232345532760792e+00
-3.217973419506961807e+00 3.486128790804209565e+00 2.076397378883106382e-01
9.917065054568804383e-01 -1.950892444166936746e-01 2.980466846537277448e-01
9.628393349690628211e-01 5.596821382422336733e-01 -3.495512607813078265e+00
-3.563878601439189886e+00 -2.381196215249370418e+00 1.440999825159020142e+00
9.123827640687044438e-01 -1.293604415505821281e+00 3.218790429616572801e+00
-2.356278607073217568e+00 3.011351218248142558e+00 6.082227338696238883e-01
-4.013991633376775781e+00 2.215972654120983432e+00 2.682842973479291793e+00
-1.547522896373676460e+00 2.919028974633552931e-01 -2.669625758985960662e+00
3.778204979575083833e-01 -4.220362024508798604e-01 2.969446317381542855e+00
3.039982803245156351e+00 -4.023306995147664544e+00 -8.247064280870749498e-01
-1.039767958648014634e+00 3.867979073070941798e+00 -1.764379723177810000e+00
9.050361566796150115e-01 3.720996663539835936e+00 3.918700233998719251e-01
1.551463925615887751e+00 -3.344870024182870605e+00 3.832203335607438088e+00
-1.181414576434624664e+00 -2.983648192202025040e+00 1.881380301083020123e+00
3.120383948590334633e+00 2.237680772011900299e+00 3.382621695703536879e+00
7.367140032069164901e-01 -1.659701092805847988e+00 -1.886112601556119150e+00
1.202510481228256323e+00 -3.237319530105059240e+00 -2.991904502060231508e+00
-5.056532422274818278e-02 -2.093622063128869559e+00 -5.004610433559151250e-01
-2.950409754162924614e+00 -3.090381165907578609e+00 -3.449935311532484672e+00
-3.284225258117918766e+00 7.784176925349280962e-01 2.395529393121006656e+00
-3.208590574922323135e+00 -1.120077931599271270e+00 3.782498476342276206e+00
-1.529464107977915877e+00 -9.362051590414085522e-01 9.636349224284934678e-01
1.766689265097785899e+00 5.889081746294321656e-02 -3.153055111965624047e+00
6.922646398613355179e-04 3.198262495689428775e+00 9.479880699567129199e-01
6.256044209195124051e-01 3.413488847292037498e+00 -2.908955315039296163e+00
-3.120563126128402143e+00 -1.488318296480861003e+00 1.761780557191234386e+00
3.300781058609115082e+00 -3.608839334682615974e+00 1.442127465054584334e+00
-1.566819639533885811e+00 -3.243305581461451315e+00 3.690228520309774218e+00
-8.703753060819726661e-01 1.040591295583519926e+00 1.477724292082081226e+00
1.560579359617517481e+00 3.955006560350145417e+00 -3.453009673990989459e+00
-7.138439139122457755e-01 -2.727513174278616503e+00 1.004570226647530484e+00
1.118352323864516551e+00 -1.459220531594488612e+00 -3.969921179867922589e+00
2.205996110815971800e+00 -2.619377764378330031e+00 -1.305092838965586921e+00
1.255838691191522916e+00 2.113773055512242038e+00 5.578894912436783704e-01
3.967991736821737891e+00 2.697922894961653384e+00 -3.965781041155432618e+00
2.265606780018114996e+00 -3.057509292731231731e+00 -2.693871557194724153e-01
1.945488000496795378e+00 -2.814630368368140623e+00 -2.321077946313015783e+00
8.450939018261263147e-01 -2.284674652261097894e+00 3.660183235831509396e+00
2.694247079550583290e+00 2.706684505358324166e+00 7.202296656825677434e-01
-1.507533450700966338e+00 1.576259537637376029e+00 -2.943558013857441313e+00
1.161272368168854374e+00 1.672329456393018443e+00 -2.175956758010663350e+00
-1.802670828879965992e+00 2.330261944523055462e+00 1.620751044326720069e-01
-3.012753033361099675e+00 -4.069679164762214363e+00 -2.937300108414752753e+00
5.929672282796495386e-01 -3.880612843104197296e+00 -2.432428172609124584e+00
1.909360973177326004e+00 -2.736951730786329584e+00 1.859219746081969715e+00
-4.000847748021003070e-01 3.831009246151715342e+00 -9.465370462049572664e-01
-4.563181804204948233e-01 -1.998752189799356760e+00 1.789565845201595673e+00
2.425942976676981555e+00 -3.556247093038494622e+00 -1.711053707209257979e+00
2.798672747556436136e+00 -1.771040062411183280e+00 -3.852287911140659382e+00
-1.069217956454116436e+00 -7.857580875583988211e-01 -1.559827795498140768e+00
1.678526383525995147e+00 -7.200788600559110408e-01 3.145011902149655203e+00
5.872002200248196413e-01 -3.111794941167796313e+00 -3.998094997183560650e+00
1.508874918779245400e+00 2.425448193438429545e+00 2.483659998952927328e+00
-9.853322688440323551e-01 -4.028074016856027839e+00 -3.191945188994139926e+00
-2.898865913965350316e+00 2.183312197400918198e+00 3.295929075538135855e+00
-4.338127393884305683e-01 -2.863862500672511135e+00 -4.264975321233939465e-02
-2.812920123861799571e+00 -3.091640679532531966e+00 3.068523859931092002e+00
-1.022634978738490741e+00 -1.782961950390287598e+00 -5.861986351463193134e-01
-2.124969467616447449e+00 2.346180711050904755e+00 -2.886561402939159304e+00
-3.086578794067870835e+00 4.314107008229369766e-01 5.238891738458884006e-01
-2.793440233692716657e+00 -5.420339489242412823e-01 -2.198426331449617521e+00
-1.873443371940428370e-01 3.424040152345458221e+00 1.949660288516921858e+00
1.053599553155018187e+00 -2.271807463016360273e+00 -2.635306731327694774e+00
-2.098338865521100161e+00 2.397026871531048597e-01 4.558818334375665249e-02
-3.269479874743256964e+00 3.306065959786364417e+00 -3.315514909587887526e+00
-1.668698191567336675e+00 3.736534186024599968e+00 2.084738533365717572e+00
-1.483125382377361579e+00 3.423488717253443170e+00 -8.475444203543908150e-02
-1.242808059193155623e-01 -1.485472766814616818e+00 -1.415749262211794868e+00
-2.265455216337096012e+00 3.121595091732444427e+00 2.895001201233397659e+00
-3.520690434728009688e+00 3.254071807897972235e+00 1.112544857981988988e+00
3.298757198605819951e+00 -4.107694216661442077e+00 3.103613807225511501e+00
1.356718668338113831e+00 1.405081710403951911e+00 2.241191315493605174e+00
-1.541356314085393087e-01 1.308401221858561447e+00 7.971223951766333027e-01
-3.292680374062177506e+00 3.482371693901493259e+00 -1.119701247181469128e+00
1.143270618827072704e+00 3.058053488144085730e+00 -3.621458318130592158e+00
-9.045053551452286733e-01 -2.716020906876847718e+00 -9.231947842661308856e-01
-2.682393062033047726e-01 -2.019615440851785682e+00 3.595497202954805793e+00
-3.248704919312842332e+00 3.801206357108319889e-01 -2.603007427755482439e+00
1.796508209565839342e+00 3.539499967538628500e-01 1.929260012402179258e+00
1.435013582700191082e+00 -2.514159273220073931e+00 -3.833257127295897515e+00
-3.425888764879959858e+00 -1.051557238960362239e+00 6.097540176200975104e-01
-1.853291590510762976e+00 3.742660250634810559e-01 -3.672521501151189138e+00
-1.664316158862703121e+00 -3.308054617028533428e+00 9.807966508201404476e-01
-2.140610418040612029e+00 -1.738441951101090677e+00 2.060930197471155800e+00
3.014803260474625546e+00 3.462713177846424850e-01 3.609013876215230621e+00
-1.894886024756570420e+00 -3.525429281272759230e+00 2.800591763288776015e+00
-5.075489126296969106e-02 -4.863823585689566187e-01 4.719338870834810518e-01
-2.599827725984969806e+00 3.009075084200508066e+00 1.834794941253876654e+00
2.577375748857032356e+00 -2.664487004093541778e+00 3.936960385118481565e+00
1.314854186764371047e+00 -2.593748746114270531e+00 -2.575378061452533729e-03
1.753119074909051500e+00 -9.261914188165112916e-02 -3.060054540177159499e-01
-3.446761360289429366e+00 2.037786577698778245e+00 -3.568233145023765207e+00
3.878209393513871728e+00 -1.423858703328716002e+00 -2.235205126689101096e+00
3.490861710235400039e+00 1.683913461596470151e+00 -3.396968271034405351e+00
-2.176812791651197454e+00 2.707452730505389926e+00 -1.419222464193875100e+00
2.404743270872975902e+00 1.417987722133430273e+00 3.607684308544798490e+00
6.864157575200380279e-01 1.947126103130635499e+00 -4.015275437212297849e-01
4.696991900607920822e-01 -2.077174596409079310e+00 1.407853468174859346e+00
1.098393264910198175e+00 -5.597236608385931511e-01 2.191026073714123612e+00
3.972794823666904840e+00 1.173895579411000506e-01 3.200363192599975370e+00
2.092805379509086183e+00 -7.571909038769246703e-01 1.900075054213840486e+00
3.272643702740579030e+00 -2.618240303998696117e+00 -5.355296612929449918e-01
-1.055309639938222466e+00 4.825991716036898693e-01 -4.499374393691969454e-01
3.455163780076518254e+00 -4.054336477586003795e+00 -1.871570636981514157e+00
-2.625473751054414606e+00 3.734954470804791704e+00 -3.889843469770073003e+00
-3.383121148420969448e-01 2.764125446649172257e+00 2.825993562521369906e+00
-2.973761760787340780e+00 3.130313652503188049e+00 3.518162427442043327e+00
-8.097123485603774373e-01 2.735090694792769117e+00 1.679573245243812130e+00
-4.421678290855571847e-01 -2.553461679565761866e+00 -3.438999828063812547e+00
-3.730803948924465097e+00 -1.740960616392789984e+00 -3.425821369912450010e+00
1.351105589739810542e+00 -3.267691003542892325e+00 -1.528818409332298955e+00
1.488224086683014979e+00 1.093369717542534314e+00 4.050120493211002426e+00
-1.174006442801046601e+00 2.226673920043246380e+00 -5.719669854385908137e-01
-2.271722355875239074e+00 -2.532248063811345595e+00 3.744921975118232993e+00
1.975828204191682591e+00 1.075250797258881397e+00 -1.580561228762161985e+00
3.681757022475208974e+00 3.260401339662744480e+00 -1.201321509287229139e+00
2.220002649049228616e-01 -2.882247663064166687e+00 -2.385905056439562966e+00
3.565509967126250235e+00 -3.897084051496191748e+00 -2.884367241666215609e+00
3.152159326680274543e+00 -1.748412904678537272e+00 3.141266189938219267e+00
8.622242847478160943e-01 -1.399656933389742175e+00 -3.037178767223869702e+00
3.054745666413363647e+00 3.434059497803075622e+00 -1.959346635663267999e-01
1.847478086686370480e+00 9.927067375378999525e-01 1.088313344847263442e-01
-4.086873906205558349e+00 2.535995526943796818e+00 -2.948328174390359990e+00
-2.681336984804826074e+00 -2.805001200713860054e+00 1.169475080655925314e+00
-8.574864067011531699e-01 1.411255316346922140e+00 -1.203499913174648661e+00
-3.349323957396445062e-01 3.919075627933093386e+00 -2.523110339343731745e+00
3.755879203702061075e-01 3.578193229982711721e+00 4.060115500370096164e+00
-3.721083034212944618e+00 3.554915199552377114e+00 3.923611689572357619e+00
3.919470708716694229e+00 3.517974243707153725e+00 -3.307202983291702481e+00
8.542237276217389264e-01 -3.142339739466996740e+00 1.009348325878552277e+00
2.681519376422210943e+00 3.506366709521435698e+00 -1.615153645152878070e+00
-3.697876893753653693e+00 1.435841651868501767e+00 -1.000609161791297996e+00
-4.342435507567495301e-01 1.330818780805928858e+00 -2.244861037951511040e-01
-6.713409311250735367e-01 -8.396794139862843176e-01 1.797971177049263458e+00
2.592736226978856973e+00 -2.452976526807977731e+00 -3.149977056587240920e+00
3.139873874653159813e+00 1.107026754196657636e+00 1.545588255272757561e+00
-4.151767696316311929e-01 3.109336400623341934e+00 -1.714506007102456930e+00
-9.078532649751857031e-01 3.834102284344216849e-01 -1.701474162273501900e+00
-3.487199375503520660e+00 -2.805980540242754451e+00 -1.517103552293341595e+00
1.378961018528923610e+00 1.797018274638873425e+00 3.252399059721911012e+00
-7.369723753325113647e-01 1.677900162583345178e+00 2.741532491182967046e+00
2.355262662232275872e+00 3.924785422641473343e+00 3.799379058044046742e-01
-2.343641824298343224e+00 1.134096735098386377e+00 -3.090030927028931451e+00
1.951526326378837606e+00 1.318571223059623376e+00 1.398933763533211749e+00
-5.451357741900757503e-01 -3.748841705415381753e+00 2.040766566690018990e+00
-2.165401307988833457e-01 2.282038646629666712e+00 -1.803828225997037085e-02
-2.040152102747214258e+00 -1.841576126267751246e+00 -2.727152087098964728e+00
-2.756561544862304647e+00 -3.819598249301638049e+00 -8.262722784418985444e-01
2.151809799830866510e+00 1.826738381318478988e+00 -2.249914539747189135e+00
-1.780987718345218296e+00 3.400640958904830757e+00 -3.339897467069552484e+00
1.867526811500010542e+00 3.334630986314865542e+00 -2.494741029883659866e+00
2.750984888482944424e+00 3.694543447540806991e+00 1.513274110873669143e+00
-1.042631422052964885e+00 9.299180143819137934e-01 4.515252918480632260e-01
1.351634194188628124e-01 -2.993675568419560395e+00 3.253347643602329864e+00
-1.340078856044187416e+00 -1.869970027899716891e+00 4.176721927212663221e-01
2.489185768112774699e+00 -3.954555894523653414e+00 2.497625884367166371e+00
2.085801382168408047e+00 -8.639712482142786198e-01 -3.015053301532681029e+00
2.171413673428339020e-01 1.905349132023970826e+00 2.625315211837620843e+00
-3.408125045780773910e+00 4.089279426026568132e+00 1.725743615348923399e+00
-3.462438731919531776e+00 -3.632285989691660166e+00 -1.551330743797273981e-01
-3.429625457683533885e+00 8.175450928872041167e-01 3.667200159732688203e+00
-1.694740031425926663e+00 -1.526016765093611838e+00 3.240215153016188232e+00
3.455121441074716082e-01 3.478164274376338572e-01 9.825710112141514685e-01
-2.549193578090406920e+00 -2.001127695062400846e+00 2.979035534267727048e+00
-1.179407357580126492e+00 5.247857944990050316e-02 2.232741450025047314e+00
-1.633738561361618991e-01 3.479111204667399093e+00 5.177944680361018515e-02
7.108243009204897600e-01 -4.301126911394780317e-01 -3.797568013712005364e+00
-1.064134395492480456e+00 3.815192026832958661e+00 1.279462984176030105e+00
1.942937358661618541e+00 -1.656443057778386629e+00 -2.247716153620685997e+00
-2.593208236833852709e-01 1.707512516244311662e+00 1.745702433279714416e+00
1.299500710852388385e+00 -5.268645436809280547e-01 1.215603622194294964e+00
1.742020522207121447e+00 -3.830344246076815118e+00 1.221901985502026777e+00
8.003277974009446183e-01 2.837132158434666707e+00 -1.145995815214280622e+00
-3.996361728123841051e+00 -2.722011583345894437e+00 3.306888259666159513e+00
3.377284281417663347e+00 1.230554451152521489e+00 3.592077817268119144e+00
1.249423304925380701e-01 -1.500049680089496074e-01 2.004173359842336133e+00
1.303125831315051109e+00 7.710358849392693337e-01 -6.918222533732338864e-01
-3.121070829887354847e+00 1.865458721751315219e+00 2.276392465995281000e+00
1.614521054530076105e+00 3.327923472920362169e+00 -6.591094240620442024e-01
2.058228099424508795e+00 -3.834573139688357557e+00 -8.201114523872133910e-01
4.020926402856784598e+00 5.615813250908581189e-01 7.327767570526536600e-01
3.082583609710705996e+00 -3.207034360896872549e+00 -2.406565117222633887e+00
1.331424061045920704e+00 3.732132494539919243e+00 3.776553488968592553e+00
-2.687267996362734834e+00 7.641958923870448839e-01 1.521062969278257793e+00
-4.015491736947288892e+00 1.173328747456170884e+00 2.927932641666334046e+00
6.518652660045577418e-01 2.552136365629777526e+00 3.270847435770188216e+00
-2.837671691340040159e+00 -1.120282882707995586e+00 -3.368231009415066257e+00
-2.065533458013308010e+00 3.952873587878891648e+00 -1.685539745150392843e+00
-8.204862132539950670e-01 -1.813428011932742834e+00 2.846846765239754440e+00
1.265555886380944850e+00 6.118908591108337403e-01 -2.316802662768692844e+00
-2.319266290670708219e+00 -3.680854116657461983e+00 1.725553445572240330e+00
3.872870451836666117e+00 3.229911881496378090e+00 4.643683434462614334e-01
2.576707371754908493e+00 -1.921122105156038318e+00 -1.233245769581098467e-01
-2.166603616159352264e+00 3.595041421256599978e+00 -7.867369529151340135e-01
2.682183942135058174e+00 3.304309428847370889e+00 3.315587163856083652e+00
6.536079220627385444e-01 -4.022122496281022919e+00 -3.479684304888810420e+00
-1.588605495029053571e+00 1.124261392282154048e+00 3.880271936321551429e+00
-3.476431113463531286e+00 -3.467349762104744992e-01 1.506081061972724955e+00
9.401032505656645721e-01 -4.030062252755840513e-01 -1.820899516646256711e+00
-2.947990445089878619e-01 8.995548972922080555e-01 2.341682682508127833e+00
-3.860913842154524822e+00 2.003470062942232399e+00 3.597630122367124539e+00
-1.601921951621331219e-01 2.500629613209693680e+00 -9.698801862692861819e-01
3.255338464229023288e+00 -2.751239438451114419e-02 -1.946345048725228954e+00
2.887902653921013751e+00 -1.344702840827750823e+00 -2.650900383821965800e+00
-2.733030287441802209e+00 1.833264132196642082e+00 -4.115187739978674042e-01
-8.548409971788050177e-01 2.151710483536159124e+00 -1.878706002725927915e+00
3.804493052346369364e-02 1.820754724485114662e-01 -3.204022376309575648e+00
-3.438856743209827815e+00 -3.244017471609863090e+00 2.328434894273252009e+00
3.825942848916714212e+00 3.572185869800509117e+00 1.605589628971024307e+00
1.930285076490582563e+00 -1.809099647742482553e+00 3.756610215685102450e+00
-7.874016068473910224e-01 -3.477552344175790289e+00 3.106590756607439108e+00
3.395346314643465035e+00 3.285478732499690135e+00 -2.312630627063945177e+00
-3.971950325975005747e+00 1.823745241222446634e+00 -7.941163620521575484e-02
-2.552174156259741977e+00 -7.160914794810649409e-02 -3.085762113543467855e+00
1.706334793099691938e+00 -3.892869809702522943e+00 -2.391678458203721824e+00
1.585774305718830879e-01 -1.143561159606717892e+00 3.905805268685229148e+00
-3.179824388766808063e+00 2.759125218737154217e+00 -1.753518482203647810e+00
-2.865176063723895883e+00 3.967135942427589157e+00 2.614033003334430560e+00
1.331611729803382771e-01 9.787535728763889775e-01 -3.836385065125989424e+00
-2.488986062456036041e+00 -2.823882029843489683e+00 1.501751783474882807e-01
-6.289088829751056098e-01 -7.243380680997336674e-01 2.800234535087846588e+00
-1.259613678617592214e+00 -3.058086161172017814e+00 -3.465482709602903277e+00
-1.438366652393904488e+00 -2.911793383020170101e+00 -1.146116616895970219e-02
1.884336379311317700e+00 2.917927200959968381e+00 1.931186714580930275e-01
3.323045702892359010e+00 -3.163634924855954100e+00 -3.687843524529395900e+00
3.656820023114704110e+00 -1.559128563790990185e+00 -2.370119407607530482e-01
9.220471951555928580e-01 -2.593334100738703407e-01 -2.824303814933905699e+00
3.565495527227577899e+00 -3.574743513942694739e-01 -4.098068233349954959e+00
6.342941287483551231e-03 -3.433864145101980903e+00 -3.160354184975030734e+00
2.899754055908393635e+00 1.562682065376271190e+00 -3.869976806220351007e-01
-8.743768246312970671e-01 2.129295699539044850e+00 9.417719958189048057e-01
-1.111302597197337150e+00 -2.207194227933242825e+00 -2.690839768356131589e+00
1.442511884789320575e+00 5.493597941701111598e-01 2.794953733497221648e+00
2.619381866737822584e+00 1.230218194380726660e+00 -3.664391396765929620e+00
7.373842653130228131e-01 2.988124512160427404e+00 2.186927517261900267e+00
-1.756984425093620628e+00 -3.587417076760544554e-01 -8.111508708030816805e-01
-1.628569505049029198e+00 1.203685007717647748e+00 2.917616940461614572e+00
1.956315898828510091e+00 3.353048089922796127e+00 1.065071936690863641e+00
-3.851738126914558524e+00 2.067649997334987777e+00 -1.875606704894356769e+00
2.717989865933011284e+00 -8.583161804760554014e-01 3.722708910090752443e+00
-3.389587388679772828e-01 -1.741200675787758279e+00 6.325696807723664161e-01
4.130159831937296189e-01 -3.809976691893656842e+00 -1.438115755608375235e+00
2.448300245411860754e+00 -1.762535551742974604e+00 1.294989679135203353e+00
-8.176273864845352568e-01 6.035088991478329001e-01 -3.645944289752662826e+00
1.837574982433721305e+00 -1.789194244305709836e+00 -3.408970103309989952e+00
-6.331464233222435789e-01 -2.050868143563125967e-01 -2.594625325249134917e+00
-6.133113890045195360e-01 9.842538312531365907e-01 -2.695707901060429457e+00
-3.761067983110123691e+00 2.830028090795276174e+00 -3.621914012170246444e-01
1.559495634646217432e+00 2.146832447263815613e+00 -4.035082839261163734e+00
-3.124153020106168466e+00 2.213810920651550163e+00 1.317670859394845628e+00
-4.086991424668580564e+00 1.444147943858558270e+00 1.971684032699450473e+00
-3.417309038683274292e+00 -1.680491250602362818e-01 2.517581583838370829e+00
1.409109205837411893e-01 4.216420749803015955e-01 -2.270276776988209289e+00
-3.052723006838894637e+00 2.118878814779637132e+00 -2.649023825348535421e+00
-1.572377133431229090e+00 -2.088656395024981904e+00 -1.500735708430623871e+00
3.893492716196096826e+00 7.958587327195196792e-01 -3.833967059414820522e+00
7.527526213909878638e-01 -3.771501520623704806e+00 3.230590685691195230e+00
2.142320442532494873e+00 2.475375326879780236e+00 3.244631991002374871e+00
4.094292251002822347e+00 -2.531196085172779942e+00 -2.632354198251201538e+00
2.590299708084826236e+00 -3.868296216636387008e+00 3.723068807651446210e+00
3.937263232577492555e-01 -2.415068457050323580e+00 4.251846824227736854e-01
2.647537004373643477e+00 -4.276978216510680664e-01 -7.659107238902388426e-01
-2.208752432359964712e-01 -8.789231300115279977e-01 -3.404131987519685154e+00
-1.609237066598991461e+00 -2.232759988452919231e+00 1.358846764796231454e+00
2.985763634605226091e+00 1.254971721259690476e+00 -1.852458903235396415e+00
3.073444992786595442e+00 3.915252309488566063e-01 3.786123448396760405e-01
-7.530692645832903764e-02 -1.896289172825186498e+00 -2.600261676066217831e+00
4.859289583525159828e-01 3.451433155969358513e+00 3.079022874976097945e+00
-2.264271832785412997e+00 1.695645525661042763e+00 1.729736423757616492e+00
2.290872855979153133e+00 -9.036064007503202822e-01 3.328956147502525886e-01
-3.440592401925417487e+00 -1.784777382289049807e+00 -9.080031541360061853e-01
2.524361760248708730e+00 2.703392351310233366e+00 -6.821435182794638452e-01
5.557548742545612708e-01 1.712230046572192244e+00 3.916479510001781961e+00
2.999873916272295382e+00 1.273877416116536709e-01 1.669575906069662885e+00
-1.718800346902186860e+00 1.407423279684338890e+00 9.499797625383799016e-01
2.865987023796957023e-01 2.258210609206875219e+00 -2.054962647700410816e+00
-1.998463672945612668e+00 1.696733876435840394e+00 -1.256423420018023984e+00
-1.561400992951951894e+00 2.786167122393462536e-01 1.063304709122846692e+00
8.166388849236766445e-01 -1.943369757113595053e+00 -8.958537336234787540e-01
-1.372537794045473047e+00 1.229727280209670592e+00 -1.986486891850335779e+00
-2.127129387153425810e-01 -2.994604824928973619e-01 -1.484675786237667383e+00
-3.156118121486617412e+00 -2.124426941201968067e+00 -2.565163664926356724e+00
4.109111718717322503e+00 3.803137512919311902e+00 -3.975312308518988980e-01
1.506020482430438623e+00 -2.584875622045553545e+00 2.987695168665301271e+00
-1.380046968818031017e+00 1.898129861610403202e+00 2.028267738770418660e+00
-1.274340522753718341e+00 3.149921772697458877e+00 -1.126642511047951878e+00
3.437945542394617249e+00 -3.692195686483846551e+00 3.441116539950668518e-02
2.295557801256997266e+00 -1.481593089053246937e-01 9.953759983860690497e-01
3.794599059036345423e+00 -3.337773888606465622e-02 -8.983339050955132521e-01
-4.625554459414061848e-01 -4.853606562940516178e-01 -5.368073353587012875e-01
-3.697585779744485102e+00 -2.792163846833432661e+00 5.333933441684881593e-01
-1.530521987417625684e+00 3.182330837562509895e+00 -2.362085849958318384e+00
-3.648585521332509352e+00 5.920053744180036048e-01 -4.794064817922737975e-01
3.899610998079817925e+00 -3.793824860023023327e+00 2.198222580891451283e+00
-1.058310192624665635e+00 2.679525326535733942e+00 -3.387344827578679052e+00
3.279265689352130586e+00 -3.095015956542882307e+00 3.016901939725157078e+00
1.673464334113540897e+00 4.066438379142407911e+00 2.940458529408680022e+00
-6.307096751480821828e-01 -2.420720360724997633e+00 -1.798715103633353740e+00
-1.520788879667751337e+00 -3.195149034811463729e+00 -1.651840578025320472e+00
4.784023039943791633e-01 -4.094678848778649183e+00 2.259789014696318432e+00
-3.232889843585286638e+00 -2.716020001250916138e+00 -5.465132766508750128e-01
-3.928107556158431102e+00 -3.335469025217851602e+00 1.448574343043734114e+00
-2.751329272492190725e+00 2.841707040228552472e+00 -5.144693024237600998e-01
-1.600409833953380767e+00 -4.667903749669595759e-01 3.242675325394943631e+00
-1.485249736658055264e+00 -9.585784520560581834e-01 2.328133438694838908e+00
2.287107502694243344e+00 -3.085487007302706974e+00 3.101340321957593016e+00
-2.079865438521644183e+00 -2.543468146339009639e+00 -3.452105002111490073e+00
-1.794155962854834696e+00 1.297565509542534690e+00 -3.266038682139243421e-01
-1.054007715004935397e+00 3.818912372296125457e-01 3.299066149278360172e+00
-9.677177460486733329e-01 3.043443478082675568e+00 5.347339240032671359e-01
-3.466904525608696552e+00 -2.237226173963083209e+00 2.552073237315882537e+00
2.902455629796011571e+00 2.597905052435533602e+00 -3.392266115716973562e+00
-2.045967044550220937e+00 -1.637772268325814018e+00 -3.900833174018765170e+00
-2.979822387539356132e+00 -3.117810517481558019e+00 -2.412162141219043043e+00
-2.031553411278945287e+00 -3.890874615177685403e+00 4.676833740821992325e-04
4.799307541371745089e-01 1.229990591859017490e+00 -2.890668307071007526e+00
-3.119556844612833668e+00 -3.963037747836984259e+00 -1.811138286335008063e+00
-1.738393930352603256e+00 2.069646560169834171e+00 -3.775747559137735188e+00
1.614103310526389778e+00 -1.585075441385443540e+00 -3.811092529198911172e-01
2.006729045568560910e+00 2.009769486565010421e+00 -2.318717490972441453e-01
4.560458619021247051e-01 -2.225445068421546768e+00 -3.527249768235668714e+00
2.013716999549736375e+00 3.070996071413986783e+00 4.066982700531744044e+00
3.394969386598123862e+00 -9.877041581673883242e-01 -1.137701016945033672e+00
-3.870544289575878594e+00 -2.757197195726622585e+00 -3.859299941410210266e+00
9.717981124755607769e-02 -1.337064597344544303e+00 2.356418171849298915e+00
2.238106349995415023e+00 8.555572479533296582e-01 -2.585971711700554287e+00
-1.055601322182739166e+00 -1.500516748903994335e+00 -3.468930658553257107e+00
1.731269825244047045e+00 9.603379409570875214e-02 -1.339630710732164109e+00
3.450937958815067486e+00 -2.410643827783548243e+00 4.826302797785037568e-01
-2.107658229018197549e+00 3.961573661175000538e+00 8.932053594198237079e-01
3.343697562845267868e+00 7.769408982557559629e-01 -2.800362043907444587e+00
3.835811029863108512e+00 -1.838678898621544322e+00 1.769251753244475367e+00
-3.925700900715300978e-02 2.597997637719005048e+00 -4.093029497169789366e+00
1.603293785050725839e+00 3.649911215366324235e+00 2.004862801660843186e+00
3.422834415924433937e+00 2.516589569404278581e+00 -8.634134696790131402e-02
1.468251940033387770e+00 1.538119325722662634e+00 -3.153987276557823183e+00
-1.724403065128696566e+00 2.635444229026862928e+00 1.209436674595090633e+00
