8.220706914434900980e+00   8.220706914434900980e+00   8.220706914434900980e+00
500
-2.210980559624792896e+00 3.591212258778842870e+00 -1.474716545425716507e+00
1.883715020789735295e+00 -1.812833225642781931e+00 1.481281981468429709e+00
-3.393991455016768910e+00 -3.414564459510470051e+00 2.492162906562348734e+00
-3.240982658352892232e-01 2.160708706915622557e+00 1.199383414682163362e+00
1.470355226507568336e+00 -6.368314410852071727e-01 -1.227377317271490353e+00
3.368368050201057340e+00 -3.483598891485047311e+00 1.031235506772395505e+00
-2.816219846268020355e+00 -4.108953664734825040e+00 3.000081578008516825e+00
4.030542503697894574e+00 -1.588608787965598568e+00 3.159083567669171977e+00
1.046781739127218502e+00 -3.635289093865562204e+00 -2.561539042689575219e+00
-1.883590213368525834e+00 2.504130824812983658e+00 -3.013790410994641622e+00
3.055204436495327247e+00 4.718921974481969928e-01 1.417936593057140815e-01
-1.990255320956007878e+00 1.284390266905609757e+00 7.896751130392147822e-01
-2.051501252566704903e+00 -5.307990244795319779e-01 2.519425514214077566e+00
2.890288208354617527e+00 2.435509196626223505e-01 -1.108103779600924765e+00
5.770853355108039873e-01 2.850246849001365490e+00 -9.355271199524280989e-01
3.257556513617556049e-01 -1.335960855237947165e+00 2.523834102731582263e+00
-1.142519703986775603e+00 -3.127254727974081661e+00 -4.099460587614916385e+00
-2.313759956457745570e+00 2.392947139261289990e+00 3.607453780155600143e+00
-2.543696017362839790e-01 3.986165434860704071e+00 -9.271055212953829283e-01
2.141502800315326471e+00 3.835770823716058597e+00 2.034165753003051691e+00
-3.347826753783600950e-01 -2.922498951128655431e+00 3.953112572363249644e+00
1.705643556378226178e+00 -9.966051936568045555e-01 2.205788570194662235e+00
-2.600552299501573739e+00 -1.604006691124644224e+00 -3.369013272592648711e+00
-1.270002007900377095e+00 2.977669214860953595e+00 -2.656088219558326191e+00
2.072906403201127956e-01 -1.838659945769159698e+00 -2.149025249373009760e+00
-4.000108419943322779e+00 -2.894554707582218001e+00 5.663644152974146584e-01
1.705766278613514153e+00 -3.487702884798030922e+00 3.065754346758960747e+00
8.793384612160934921e-01 -2.091548454439700500e+00 -1.271126270983417461e+00
-8.195111898366972403e-01 1.606850771505845321e+00 4.106662912054550141e+00
-8.022981847298572555e-01 3.237172700763671251e+00 -3.420398202685736244e+00
-1.310316584622432057e+00 -2.716550423029779338e-01 -2.180702319993180982e+00
4.089779626238934540e+00 -2.550261512373353856e+00 3.203614891326298508e+00
-1.812811268017653132e+00 -4.110161764350317881e+00 -2.353783728391169117e+00
-2.023268578572015031e+00 -5.383392383265047654e-01 1.561176334936730026e+00
-3.947778796226524722e+00 -2.704730430551867126e+00 -1.008936324614584601e+00
3.342493222601569780e+00 -2.365906568637911267e+00 -2.551457352411003132e+00
1.474336467522851635e+00 -3.677563349026634842e+00 7.499416351509219369e-01
5.087254687161401057e-01 1.837136905855504931e+00 1.167217494329376049e+00
-2.707418550714996375e+00 1.508695684988344388e+00 -3.488916423509555997e+00
2.574880932624592944e+00 1.495337960266453159e+00 4.014195815297478376e+00
2.638553438016818298e+00 2.113891542285519343e+00 -1.444044104424559771e+00
4.391090187365858100e-01 3.392509688234756737e+00 -2.989446795107821853e+00
7.757954210818693852e-01 2.598006561475878939e+00 2.364152719160284466e+00
1.210867446048127238e+00 2.071161549496324028e+00 -1.634084642171672153e+00
-1.171721485136158147e+00 1.022242352563025758e+00 -3.180189570661696052e+00
2.115879417447524169e+00 -2.338273587792712771e+00 -3.651499386872428587e+00
2.317144821635486629e+00 -3.466808608793695790e+00 2.319573521039440589e+00
2.459252051720429488e+00 -2.735604109164573750e+00 -1.492942312851364361e+00
1.355538046676301622e+00 -1.140570394410708843e+00 1.284137686920130639e+00
-7.004219117536264472e-01 -1.151336589736532412e+00 -1.289556391966235172e+00
-2.598198388344048482e+00 -3.590935448368055560e+00 3.935345949036063384e+00
1.255631433307657030e+00 -2.508507016642526288e+00 1.683612785924341271e+00
3.976483413126656874e-01 -4.032142122090199621e+00 3.715235075425508793e+00
3.933119643683351097e+00 -3.923753161480909135e+00 -3.337064005133379752e+00
-6.980851402046799326e-01 -1.486663841341290926e+00 -9.971660700049762849e-02
8.049692827422230135e-01 -2.048577258753451424e+00 2.734005202182987038e+00
4.058323104002146131e+00 -4.044770714373630227e+00 3.841610333120899501e+00
2.041240222396694559e+00 -2.190503447166521234e+00 -7.486777713198261575e-01
1.232849518320648707e+00 -3.436970250662507720e+00 -4.208715802402893669e-01
3.180486301835941276e+00 -1.035246384728742086e+00 -1.082783193750416206e+00
-1.671041344499672787e+00 -9.078933169541723025e-01 3.503853887089212638e+00
4.929638693983869335e-01 2.640004498914054754e-01 -3.045877190262110012e+00
-3.389841579162961693e+00 2.446694822179185380e-01 -2.529919070138783255e+00
-2.035650175027774900e+00 9.903406161399024021e-02 4.151723719578762628e-01
-2.910164573855260617e+00 -2.797319179163278435e-01 3.678456181552385296e-01
1.907271626386937369e+00 1.346257162818059738e+00 -3.020838320297896118e+00
-1.805635384041197611e+00 3.060000277364411936e-01 3.419612615475592143e+00
8.780649893314219634e-01 7.181263225416540941e-01 -3.721304355870345137e+00
-1.254222258657693850e-02 3.291085319733699333e+00 -3.550101924801886688e-01
-3.549966531774216172e+00 -2.219837635199309656e+00 1.228682762087774272e+00
-5.413300316684155344e-02 2.531662735565325839e+00 -1.686815835211089576e+00
5.144374571806879098e-02 1.451015036582533169e+00 -1.615053539530160620e+00
6.348679751848385067e-01 -3.963847857920231643e+00 -3.271807986501748200e+00
2.356171395942384006e+00 1.184461785565606773e+00 1.717782695680897698e+00
-3.163051326928980611e-01 -3.064151031483217213e+00 3.103298397282100218e+00
2.967694670747936136e+00 6.372575370203157341e-01 1.293844161571617191e+00
2.996877216802859234e+00 2.723836957430610273e+00 2.562817271485709369e+00
3.760084160123553954e+00 2.099032063887877442e+00 -7.138555822763431591e-02
-2.011897035639059084e+00 4.060105347557393607e+00 -4.090384175802594391e-01
3.658642048865785590e+00 1.402254396099914258e-01 -2.604632831673661553e+00
-2.835906614746799725e+00 3.827143945040216710e+00 1.086480134872201297e+00
2.857480426770977022e+00 -2.477479609027511298e+00 -6.747089879500575149e-01
-1.479744607207554408e+00 -1.872616676223681997e+00 9.434222845970106075e-01
-3.344232949406573230e+00 -3.409817767894405272e+00 -1.019901560549987929e+00
-2.787272926284082297e-01 -2.708929886256505437e+00 -3.088032328900251144e+00
-3.432887803726075049e+00 3.469360408406845231e+00 4.109429536674841787e-01
-1.925099847067379910e+00 -4.053236861683470416e+00 2.538315751837069367e+00
1.352380368629107210e-01 -2.541737327463384322e+00 1.534135202556021760e+00
2.648387605070293915e+00 -1.044668394981995041e+00 1.687916251035184390e+00
-5.141355374450680138e-01 4.027293618135085573e+00 3.642549244130368624e+00
-4.036012955080868991e+00 -2.896145143345653317e+00 1.906180631076512144e+00
1.150440985159729701e+00 2.739888547153958243e+00 -4.110143741495927650e+00
-2.375439575304706619e+00 -2.414200750182227129e+00 3.683930966279146180e+00
3.087368600883770853e+00 -1.176372627910497459e-01 3.796119494886983858e+00
-3.264732416341355137e+00 2.914726766587934392e+00 -3.973721444843776762e+00
3.308571988237324124e+00 4.164786809357341468e-01 2.139513930712145573e+00
2.473600803016304361e+00 3.194779152056268057e+00 3.969289723972969863e+00
2.652382303985515999e-01 -2.344697760625364502e+00 -7.837995962892676527e-01
4.090632452234497229e+00 3.820460145752356151e+00 -5.771997500820023053e-01
-1.347915225916333837e+00 -1.483756622473597853e+00 -7.683261993815142521e-01
-1.426340614914456184e+00 -2.487404352998821899e+00 3.450373461357050697e+00
2.778142149013394846e+00 -1.343163153022897349e+00 -3.479825085756586667e+00
1.041663033414378381e+00 3.713630776063873373e+00 -2.252744022035860993e+00
1.196856454973693085e+00 9.553603563177119895e-01 -2.410481345207479975e-01
-2.697409514210287629e+00 -2.349828313435894600e+00 3.073763095683276880e+00
3.615411601677796849e+00 1.238122349344421780e+00 -1.049178113637513066e-01
4.091897895498912141e-01 -3.128451180506859775e+00 -2.279905748979827340e+00
1.763899986984231338e+00 4.061583006817151897e+00 -3.106087430462216026e-01
-1.965656529313903889e-01 -6.788871641616954777e-01 2.819500907598027628e-01
-3.742322082718177345e+00 1.957881073927122406e+00 -6.976654709668880239e-01
-1.500358852288999678e+00 1.194568222945022962e+00 -1.275024584309694786e+00
-1.615899884948040821e+00 -1.206765937214281603e+00 -1.885146915545010238e+00
1.559417585861104127e+00 -2.192810000906034951e+00 -2.019885160139538005e+00
3.216813043337637401e-01 -1.354209255399731582e+00 3.513820603084431671e+00
3.791466495726616870e+00 6.144128196388813912e-01 3.363822543692271516e+00
1.403124244903826368e+00 3.747702115810417345e-01 3.616438744518912340e+00
2.761199651605001471e+00 3.605618776145472992e+00 2.975611151361160278e+00
1.845265468877266279e+00 -1.823781568890919802e+00 2.442681316499489164e+00
-1.417244679888698400e+00 4.796339981806861386e-01 9.662320802519845930e-01
-6.029926347856439106e-01 1.614562114124105996e+00 -3.002379375234667802e-01
3.623466760599587833e+00 8.555620369794931790e-01 7.677777953049257365e-01
3.139490081608858230e+00 -2.711688670370666632e+00 -3.755015380050064078e+00
2.960011330867708956e+00 2.615183823013038644e+00 -2.249940679476243321e-01
8.645739188447393309e-01 5.773218487186766446e-01 -1.035313016884891635e+00
-2.638185873479128141e+00 2.300277608088204584e+00 -1.077783106686022174e+00
-2.651929170320828533e+00 1.334708472339683372e+00 -2.589113820899853202e+00
1.954840123858734957e+00 1.757438989667960971e+00 -2.044680166063129523e+00
-1.914230431795301168e+00 -2.261131666802197682e+00 -1.029140292428039727e+00
-2.602502934651724331e+00 -3.918925638833445024e+00 -1.038087530626852217e+00
-4.107235819857097070e+00 2.422133456233222404e+00 2.584402039489399616e+00
8.475971321513222634e-01 -1.565699553755157458e+00 5.403239127877381698e-01
3.763538648896879391e+00 1.972821742419534896e+00 -2.757078045912869424e+00
1.377373341842972776e+00 -2.131120187092629958e+00 3.362489513838559319e+00
-8.790673452378009456e-01 2.451651092507371121e+00 -2.233573991147991045e+00
1.099787211692577982e+00 3.065952657883173949e+00 -1.495827124297550048e+00
1.521725416782914175e+00 -1.664670643610348666e+00 -1.193596617716800479e+00
2.984187702236225537e+00 3.016580409396189211e+00 1.359105029693157496e+00
-3.313755552639866320e+00 -3.126132515729485917e+00 -2.542441880343405014e+00
2.166728612052516212e+00 2.004592027729337200e+00 2.309842460890744853e+00
-7.028690254725796782e-01 1.410169908986663057e+00 -1.184144749728994306e+00
3.696538215739999078e+00 -1.179624437354313216e+00 2.373728178115760201e+00
8.015008156156381292e-01 3.835472444836396821e+00 -5.383569573697051247e-01
-1.270930955798587059e-01 -1.597115436076522732e+00 -8.651677132992797725e-01
-2.123673994002966303e+00 -3.310942871604787285e+00 -3.376308248560595082e+00
-3.301523677096443787e+00 -1.323277915371558811e+00 2.212596711848667574e+00
1.730526188999439219e+00 7.682767990615048392e-02 -5.735764530274231054e-01
-2.368355297145719351e+00 -1.603500058926082827e+00 9.926588650662173663e-01
-9.695454254071297351e-01 -3.204668932660852398e+00 -9.874021665536287795e-01
3.103611925150114192e+00 7.157501574626131680e-01 -1.872415126462695367e+00
-1.361845311219218813e+00 4.042887732551375457e+00 6.049382464423739281e-01
3.945251941619773550e+00 2.660126950973427551e+00 -3.765848997078073523e+00
-2.613121639675289876e-01 2.931159032417483878e+00 2.429193131360406266e+00
3.813389253525972578e+00 -1.654785800621048741e+00 -9.149928510759293143e-01
1.620166435018897122e-01 1.084250168025745031e+00 -6.318906141364400986e-01
-7.502852619236889398e-01 -3.766135363604923847e-01 -1.490223206362249364e+00
-3.663026746788295096e+00 -1.253523177759593654e+00 -3.131888055520905212e+00
-2.081276310277782926e+00 5.320735743184434874e-01 -1.221512553449670468e+00
3.581093145359869112e+00 -9.796738146509279543e-01 1.470633971192624401e+00
-1.592714102465107251e+00 4.003111482714391656e+00 1.444221994932383790e+00
1.043716143532954943e+00 -1.558878318686972353e+00 2.140264336308547399e+00
2.676691874415574102e+00 -1.477680131454755408e+00 -5.043930250250462377e-01
-2.479632994251325773e+00 -1.714301689049436250e+00 -1.975542508524105845e+00
2.766640053773943841e-01 -7.276654603406428057e-02 -4.979898905632935691e-01
2.195630848449316552e+00 1.484895439503593817e+00 8.764272108864312738e-01
-3.264506121429808783e+00 -1.240100038026743734e+00 4.103289563934380269e+00
1.717740436299450391e+00 -1.946006851752585920e+00 3.274039598915899907e-01
-4.225362517463618905e-01 -3.623066068259556349e+00 1.253441048567234817e-01
-1.963944529659259475e-01 -1.963833685423952202e+00 5.089798279471235976e-01
2.660070875139757707e+00 5.084274154895030984e-01 -3.676023108583727605e+00
2.900948375829428105e+00 2.868793892698554782e+00 -1.840369771602228477e+00
7.395971263200412649e-01 -6.519888327661181870e-01 1.660684771229919754e+00
4.021987784151546674e-01 1.815379522112450905e+00 -1.701779123180156006e-01
-4.063402551230697601e-01 3.878224337506316566e+00 1.980000105654403209e+00
-8.412239895255103628e-01 2.099998630034745961e+00 -3.033953256843023638e+00
-3.049191592518001315e-01 3.920473653436008732e+00 -2.558100627647911907e+00
1.771698824840274300e+00 -3.161964737941036052e+00 -3.053904981847392897e+00
-1.702315660712594436e+00 -6.538914788326836147e-01 -3.828820029089325505e+00
3.707787150161299561e+00 3.512411586352849113e+00 -1.917370790545285031e+00
3.954278708080304128e+00 -2.228382961819440400e+00 2.496540508367904643e+00
6.223787970936578429e-01 -1.831387937655778453e+00 1.377070122268472918e+00
4.065223133627701380e+00 -1.575478645278009848e+00 -2.184593494875546049e-02
2.390619368367243425e+00 -2.357852220571938329e+00 2.277654797180221902e+00
1.033244809901431527e+00 2.761552088325670784e+00 -2.378311124773281549e+00
-1.665348037510290258e+00 -1.724986850761948798e+00 -3.603071906669146340e+00
1.434166405900946517e-01 -2.878142880107599222e+00 5.585111003192272383e-01
-2.619806473894572996e+00 2.404348688092336594e+00 -2.410136403906633973e+00
2.999703237854025595e+00 -2.361609274276265769e+00 3.032398232436359198e+00
1.881457250214106647e-01 -3.797968764902171834e+00 2.911567671783837241e+00
2.448206253427430479e+00 -3.340628024636288718e+00 -8.274350437499504718e-01
1.339914469941254183e+00 4.073632548769886341e+00 -1.462775568181362562e+00
3.103801258926901063e+00 -3.118917371752093270e+00 -2.051158128211007181e+00
-1.244957801559189170e-01 -2.953947676585955140e+00 -3.324277949563968493e-01
-3.574498776862260030e+00 -3.322588729238941774e+00 -3.950406922518796993e+00
3.366146829538082752e+00 1.240553961268625605e+00 2.036580856166261277e+00
-2.523438290281946550e+00 3.664865511957992261e+00 2.108828828943327682e+00
3.426219706845519131e-01 -3.981391734633850543e+00 -1.795285827995844130e+00
2.992468672071520341e+00 1.410402102405963420e+00 5.153485583115162694e-01
3.188357445742667995e+00 -2.848978691352786807e+00 2.208559271726759921e+00
-2.706130801415188025e-01 5.145079082718739816e-01 -1.463037285216542749e+00
1.052112921848699756e+00 -3.360892543527502774e+00 1.925672252798304562e+00
1.582296778855839969e+00 3.961603004195100031e+00 -2.995389820356977761e+00
-3.901633559045116328e+00 1.274639446059404602e+00 3.023903511723929349e-01
2.078450049485057072e+00 3.206752776360443757e+00 -1.429679897711688685e+00
8.731080261379586815e-01 -3.104984764237308070e+00 2.849381974519124228e+00
3.640842452763059622e+00 -2.490339120279216445e+00 -2.781782660176115307e-01
1.251757930915845973e+00 -8.418549845618926719e-01 -2.050180017717717629e+00
-1.506011745284312697e+00 1.194938096657211180e+00 3.372366462311027657e+00
-1.396009643600623962e+00 3.549268071660622859e+00 -7.494449859347682708e-01
-3.800017360270636857e+00 -1.803348050318815954e+00 2.147051781449500041e+00
1.016942285426724712e+00 -1.957052744092072194e+00 -2.718453127067749442e+00
-2.155972921319253999e+00 3.303055282211891708e+00 3.831420815050196715e+00
-1.585369929217083529e+00 -2.106667968192177831e+00 -1.297074848945845016e-02
2.177966459883126760e+00 -2.459553981790292831e-01 3.166997123748402476e+00
-7.611362399184746774e-01 -7.462356226823469996e-01 -2.478998707601647311e+00
-2.258805816526114896e+00 3.322425326958790670e+00 -2.464570241486847113e+00
3.497544201055127200e+00 4.757597812146983074e-01 -3.553018862834233182e+00
-3.938910154230443439e+00 3.369141832141747450e+00 -3.167553949789316814e+00
-1.705511263124845467e+00 -2.241121452572044426e+00 2.638907906947454141e+00
-2.400957491080494499e+00 -2.684983176090972812e+00 1.837934497866455796e+00
-1.307033583531595822e+00 3.994856728123387768e+00 -3.157804823354842139e+00
2.144841243774060047e+00 3.828436879008192850e+00 -3.632997456201287001e+00
-8.263206580265985979e-01 -2.016701915116863475e+00 -1.612660588567390363e+00
1.826655310588514158e-01 -4.542260994295871379e-01 -3.676593990518868704e+00
1.626400403712996656e+00 -8.765189059298081897e-01 -3.085547792178673365e+00
3.055355744708210697e+00 -1.919740619063199816e+00 -3.341751637528282970e+00
-1.942477112536014350e-01 5.375812846520177102e-01 -3.935180742651631647e+00
-2.582234170363052694e+00 -1.489576057419129462e+00 8.301281045845737561e-02
-3.965404351615549050e+00 2.412477486801120730e+00 3.546180349399179033e+00
-3.390632205212658512e+00 2.229646397474865260e+00 1.391365114551016413e+00
9.579823756180347871e-01 -2.658945376274940209e+00 -3.333356563676001638e+00
-2.380358849919176567e+00 3.196192141650736063e-01 -3.796845975853334387e+00
-2.329653393668475125e+00 -2.556462088045911685e+00 -3.845891407672398898e+00
8.127179453346844440e-01 1.588766103276121555e+00 -3.321644039310335472e+00
-2.426263105951417032e+00 -2.753089210391558073e+00 -1.674840525932572044e+00
-1.269820779495548280e+00 6.234234840026287028e-01 2.678505319548799335e+00
4.177447617990914797e-01 3.314166487092546021e+00 3.054560295839516382e+00
2.267554269864906935e+00 -1.288337846639169282e+00 -1.262784387733207669e+00
-1.693668060038707512e+00 -3.852874970959288881e+00 4.082787195622382903e+00
2.137527065070160770e+00 -2.581546761520222000e-01 1.096206970332087860e-01
5.325539634450728865e-01 -3.754398266556232322e+00 3.625573482079328391e-01
2.386620755796410531e+00 2.270506110252462850e+00 3.324103033559490772e+00
2.576933235041429793e+00 -1.479901413170313651e-01 2.107399711588738622e+00
3.412603546344964656e+00 -2.277584503730904153e+00 -1.532266848416184102e+00
-8.475749219634398646e-01 1.613927185073790627e+00 1.597568019109372184e+00
8.359413355829750092e-01 3.817986654564548665e+00 -4.080135132756726790e+00
-8.949277037970992943e-01 -4.152697626555826305e-01 -3.317748701877247797e+00
-6.669587158661024473e-01 7.948313219674545405e-01 2.007188340911134627e+00
-7.222748847527807881e-01 -1.630264088034907966e+00 -3.230866339475507498e+00
1.305728110244653184e+00 -3.225648143956815428e+00 4.027873737780089058e+00
-1.423190281073995811e+00 2.568600066265311899e+00 4.050793576949415886e+00
-2.348835733781843849e-01 -6.076040177740927861e-01 1.260510475544220910e+00
-3.788415046884050508e+00 3.956946084210707149e+00 1.980466233083629346e+00
-8.682363598870297405e-01 -2.938135069355488849e+00 2.330390546918673422e+00
2.587015173746390673e+00 2.771248763318596264e+00 -3.193769955639888636e+00
-1.802897059816081615e+00 3.253617612711984908e+00 -3.525448608747267620e+00
3.122779169437067015e+00 -4.094121913734565688e+00 -2.572764953817157085e+00
-3.065538681289960987e+00 -1.736113063888913732e+00 3.370954288274105259e+00
4.901194731286835360e-01 -3.191986566655240498e+00 3.828653805225635143e+00
-3.356064039794810050e+00 -2.313678521357052098e+00 2.599283214082109161e+00
9.288889896564622717e-01 -4.469373063120122835e-01 -2.924936797525976573e+00
-1.462188746718125820e+00 -1.330412560401033506e+00 1.053764572840795027e-01
-3.666603316446851224e+00 1.765789478342039809e+00 -3.849573204563466078e+00
1.689953557399488604e+00 3.337331016164200470e+00 2.235997230230445942e-01
1.572361422708000278e+00 -6.122773754907911981e-01 4.021976049891581084e+00
-2.202046928383792679e+00 1.437983611450816657e+00 -8.090647039731818646e-01
-3.740264429791957834e+00 -2.160429477913110574e+00 3.699705540198007014e+00
1.281761840712356326e+00 1.879894705735615901e+00 -3.697202980194665145e-02
3.469734493996528890e+00 -2.221719139876944471e+00 3.797927770499915479e+00
2.346826632425883297e+00 -3.781989176106733908e+00 -2.078123715697180796e+00
1.973526236766549813e+00 -2.770351296858418966e+00 7.192588890871718377e-01
9.936415962331661689e-01 4.014960151595917459e+00 2.834038557915266487e+00
-3.813961196456777447e+00 3.917078022377067814e+00 2.978973806246711931e+00
-1.174714264242846085e+00 2.884608956206377250e+00 -1.169862331682193668e+00
-2.636040044759512924e+00 8.884705821755594091e-01 1.095042893386511507e+00
3.523704836345416869e+00 3.820996775367694553e+00 3.263560235115517738e+00
3.661923551113962727e+00 1.808176229232623333e+00 -8.459086992814701667e-01
2.154691824969808822e-01 3.389955208045015711e-01 1.973427265703456834e+00
-3.349435412496901687e+00 8.497170406895961925e-01 1.736904248134176099e+00
3.633810481901890377e+00 1.289404197354750758e+00 -1.544356836385771814e+00
3.402152986269797008e+00 1.836875170809481705e+00 2.750666371696605328e+00
1.777604859418373096e+00 -2.699587264942346021e+00 3.718252050499323058e+00
2.967595888416006300e+00 -2.787523332892232641e+00 3.246529496698608019e-01
2.294296867000950257e+00 -4.963939790000181929e-01 -3.268613518060122569e+00
-1.335031176953081156e+00 4.561296981191124145e-01 -3.963896745688713530e+00
-3.377510974875609140e+00 -2.026624295930371744e+00 -3.377138844606221713e-01
2.816535429700627091e+00 2.293030883069187453e+00 6.826756790844992207e-01
-4.135606907757803929e-01 3.421057945069267969e+00 -1.767178644065542592e+00
1.694978566977369594e+00 2.832056662539034209e-01 -2.145768994997661938e+00
-6.788662805961702684e-01 -2.899187414692599329e+00 1.051363617552262486e+00
-3.215838849854421255e+00 3.107823594356295960e+00 3.219056361162210500e+00
1.512402417619864714e-01 1.453641517686333540e+00 3.768440355145709741e+00
3.997352044204085519e+00 4.699278194387446761e-01 1.458162762149154412e-01
-2.487989093589020761e+00 -3.667838091431742775e+00 -1.935640848693151561e+00
-3.650279233050982786e+00 3.228556016469076972e+00 1.338771938376273507e+00
-1.570673063430986227e+00 2.884362661098021086e+00 1.884533854198880531e+00
3.698498691676934680e+00 -3.815551655007999865e-01 1.495176826857260166e-01
3.418716152245071971e+00 3.424654229085577484e+00 2.225463789445446761e+00
1.723091328395834010e+00 -3.129532754520608417e+00 -2.123957540725898596e+00
-2.420396174424607749e-01 -9.070556230384320129e-01 -1.883044349718111965e+00
-1.234800062503926821e+00 3.260835955358709626e+00 -1.892246589093069975e+00
4.050790324093533457e+00 4.531072700966896627e-01 -7.899595033731822147e-01
-8.345491342023710901e-01 -2.358044588722009394e+00 -3.841093549200062629e+00
2.149188107022411476e+00 -3.353913909189240705e+00 5.497108012745138828e-02
-2.823435888655064119e+00 -6.306376790145725719e-01 -2.710346625382209940e+00
-3.875683637057494746e+00 1.421483773239689441e+00 3.333638870748033334e+00
9.876205843343938140e-01 1.452868094430348922e+00 1.979065736691964617e+00
1.831070994539252927e+00 2.925119354159549268e+00 2.144434456425049706e+00
3.120200794210999717e+00 -3.343701002545089729e+00 -3.096601152060211248e+00
1.216530209110335159e+00 -2.547386275901612152e+00 -6.135031224032092556e-01
1.335104729163519854e+00 4.586457797075563780e-01 5.037695831169224370e-01
1.382726616474412085e+00 -3.872718321439786227e+00 -3.986967628703937727e+00
-4.585288042395900543e-02 -2.285918642109884047e+00 2.509509837199405791e+00
2.351629952878538266e+00 -3.423591700309700503e+00 -3.758984282726577142e+00
2.135298493495968231e+00 2.071673076481602482e+00 -6.768044840907692095e-01
2.229724152160130757e+00 -4.672492281082703536e-01 8.092388318735337371e-01
3.061162989242395494e+00 -1.730335461647596551e+00 2.338073958884296477e+00
-1.270101052532277564e+00 -3.196165271101230498e+00 3.136213004626916323e+00
-3.976397625706575845e+00 -2.575531083414480449e+00 -2.000869702300812403e+00
-2.201182836246614816e+00 8.381190809452568891e-01 2.801714260958258151e+00
1.635860916814445565e+00 3.511596070018897287e+00 3.817283280368419796e+00
-2.564503681420088110e+00 3.605625196404369071e+00 5.224419033499741460e-02
3.432159880051407708e+00 1.342504935302306412e+00 -3.552294127633324639e+00
-2.474655104939356143e+00 5.309040444237008716e-01 -2.087355056227340633e+00
-9.610718132227136223e-01 5.711939870620632576e-01 -2.196297080464659768e+00
3.599479499142561156e+00 3.083390588853495373e+00 1.955855287044241664e-01
4.679803426284250278e-01 -9.871474760945850857e-01 -2.088609744701509729e+00
3.800045249835700467e+00 -5.836915642107691760e-01 3.197745851478418722e+00
-5.176313627363263725e-01 2.705552550171478110e+00 -7.210686948692140996e-01
-1.274073776645049616e+00 -1.801608029105537856e+00 3.742173576689926229e+00
-1.676769873496174235e+00 1.718145654673609135e+00 1.814108766994126931e+00
-3.296549554963944750e+00 -3.398594661449962029e+00 2.156034522065747652e-03
-1.036344895572210767e+00 3.188983277349310530e+00 3.154508688349004775e+00
-9.893659957537084271e-01 -2.346228043559606569e+00 -7.889999686167067372e-01
-4.718580756964062539e-01 3.260501617318157574e+00 3.601824018696865304e-01
8.950653331405300506e-01 2.130164061674144627e+00 3.351023503295410766e+00
3.393738094850879072e+00 1.022016162632345848e+00 -8.562692174579915605e-01
-2.264187004185519658e+00 -3.176999651294555527e+00 2.908365369516378696e+00
4.076453197061981726e+00 2.983653503529570816e+00 -1.083898454227688157e+00
-3.003584239474243578e+00 1.191125249736309621e+00 3.075797543167139825e+00
1.337927804895168604e+00 1.368472646339733201e+00 8.012102181242786170e-01
7.349820810000341487e-01 6.006173564165961931e-01 2.889194429556277033e+00
-6.027255910677765671e-01 -7.097578336567594848e-02 2.930024534059581409e+00
2.370020681457952083e+00 -2.949864331053910327e+00 3.104749582450628598e+00
-7.216245627290537312e-01 6.832479059570866209e-01 -5.903544146956349881e-01
6.942054393909796728e-01 3.268581604950882902e+00 1.604397702972635731e+00
4.552230121475002167e-01 -1.761167129177770851e-01 -1.644192698197057823e+00
4.105176473043163909e+00 1.064375122450704314e+00 1.591587029599574210e+00
5.812679028494597278e-01 -2.449138501173070193e+00 3.432001153226460044e+00
-1.557231364370061044e+00 1.887942104195448279e+00 3.122595087981040463e-01
1.685970109514538934e-02 -2.493727388535627920e+00 -1.595888543632365542e+00
-6.800020730765519161e-01 -1.463465680865649876e+00 6.986114863405942232e-01
-3.648934337104275727e+00 -9.138726705288352514e-01 4.027627781283964481e-01
2.890913369998243887e+00 -4.002816910901085379e+00 3.914371099966227785e+00
1.880306117923732923e-01 -1.940956457515336631e+00 -3.031431605488553505e+00
2.534661928096443528e+00 -3.819244349340153555e+00 7.880378241554581997e-01
1.953703539829262370e+00 6.951708229943072137e-01 2.452205734329191866e+00
-1.622238924803159454e+00 2.314348598141990454e+00 2.531334767096079297e+00
-2.578162748801690274e+00 -3.049911172043802132e-01 -6.473950091728783995e-01
3.029617971673800536e+00 -3.897890758155239332e+00 -1.339119319778814710e+00
2.176984877413450370e+00 9.991342057485915751e-01 6.840740822970732549e-02
2.736272492786299360e+00 1.333884944707076858e+00 3.115869831860937911e+00
1.195214162120997514e+00 1.785152143935071212e-01 1.364562777674364069e+00
1.388131247018288050e+00 3.086088646313328798e+00 2.994116253128223715e+00
-2.934231912876916759e+00 1.401345997264313858e-01 3.488103261600671967e+00
-9.568298974402964507e-01 3.441756925607163620e+00 1.093805090091993559e+00
1.397653219644338751e+00 -1.429805727305758278e+00 -3.409877987301047075e-01
-1.731557761265564821e+00 2.881026663927880094e+00 7.310445108074202780e-01
-1.635843666477733160e+00 1.702369249794542516e-01 -4.615901661409966827e-01
-2.377268249458107441e+00 2.321611887435207855e+00 -3.648192004616239270e+00
-2.004968781186755145e+00 -2.707085953158601677e-01 -1.636124317654368499e+00
-1.866685565919780965e+00 2.628985305790624061e+00 -1.621790769489656725e+00
-2.658709996210593118e+00 -2.680163119067650257e+00 -5.776189205998196741e-01
-1.688209253326630632e+00 1.678718789078842866e+00 -2.770257469119572047e+00
-4.019607341080878804e+00 -4.344811589694145826e-01 1.122513188100336290e+00
1.263938648278250643e+00 2.370125245857073626e+00 -7.652734638325673355e-01
-3.516584237359042575e+00 3.887845936887136533e-01 -3.250813078158477087e-01
-3.078914923533271342e+00 1.368701871906113254e+00 -4.315111064939965435e-01
-1.082314028839873155e+00 -3.057107015969399821e+00 -3.095050174631654993e+00
-2.029061637988887945e+00 1.709978124968273505e+00 -1.739295362669043721e+00
-3.405293137865987863e+00 1.272839100458618589e+00 9.681465027474323026e-01
1.989401099996619848e+00 2.163517761833265496e+00 -3.991271560454559442e+00
-1.440923839800353656e+00 -3.944156863035163774e+00 3.311232656687694842e+00
9.735058193066092880e-01 -4.867964680915146669e-01 6.126630063909145330e-01
-9.947201624921676588e-01 -4.010165317098411286e+00 -5.044737889487894700e-01
2.831570683602319338e+00 -7.978689572841064503e-01 9.805109666041124383e-02
-2.348374483666489709e+00 2.514003696798012832e+00 -3.084783789811451279e-02
2.028375900371016893e+00 -1.475203005044998905e+00 -2.609284433636606337e+00
-1.685647065565036185e+00 3.370002762141104391e+00 4.081160179978877978e-02
3.496353753491197924e+00 1.486922368137054251e+00 3.839836055313196272e+00
-1.642141339194773231e+00 -1.967668272005580921e+00 1.796239012532990120e+00
2.678823340934204378e+00 -1.227978777677065370e-01 -2.433852162617927473e+00
1.939328364998888499e-01 -4.574376110109439342e-01 2.498432127965628080e+00
-6.072759400084047909e-01 -5.301216213542594424e-01 3.865104998046741791e+00
-2.460638161873303531e+00 1.769328946427698446e+00 2.471334629351572776e+00
-3.425508378055911241e+00 2.822452455561324847e+00 -3.915322450802647958e-01
-6.058653964574729767e-02 2.605488647728933405e+00 3.427471178196411561e+00
1.819845419814831278e+00 1.278600881405502321e+00 3.347300800829135614e+00
-3.403017540629138082e+00 -1.254888496391388386e-01 2.740780229774093080e+00
5.793188009413937842e-03 -3.380288856155891697e+00 -3.630497304909305445e+00
-2.102633235334043782e+00 -1.095317348160637305e+00 -1.137409449332183797e+00
-1.483198411632814295e+00 2.068438793875352566e+00 3.330447812591150747e+00
-2.244939542025447654e+00 -3.760499294644160440e+00 6.700551268510791525e-01
-2.189060607192498509e+00 -2.875730531483119634e+00 2.565850256964514742e-01
3.839131199131948780e+00 -3.648047638655520952e+00 2.486163757781224781e+00
3.662122819046303324e+00 -3.308161733755667910e+00 3.918974193900077729e+00
-3.135057054417155431e+00 7.301181518805676118e-01 3.074818036234640006e-01
2.826938711566663986e+00 4.360034875280586752e-01 3.024597319910552251e+00
-3.586780101593319614e+00 4.888994025075631411e-01 -4.030167311249456041e+00
1.019240741540027084e+00 -2.651635795354101433e+00 7.440572164108185671e-01
-2.442467314874380513e+00 2.150462556000177550e+00 1.431435623695284765e+00
3.942280536665179635e+00 3.313045908069174761e+00 3.859988137308488110e+00
-1.317220084741800967e+00 3.545373772150378411e+00 4.084698209120144696e+00
-3.787998411914971442e+00 -5.202352072013034512e-01 3.893416505797874017e+00
3.210612028951277175e+00 2.946716652625115174e+00 3.445199044898247909e+00
1.133174919356113364e+00 2.461251026537512931e+00 1.527599349453373057e+00
-9.795021973007629335e-01 -3.100304512384917111e-01 5.479861235177177492e-02
2.184640705492287616e+00 -8.048371743374962417e-01 -2.007345541627785224e+00
3.217732753640651477e+00 1.655158873402550190e+00 -2.129209846204573875e+00
3.706665524746911800e+00 -3.804443823058668350e+00 1.297980419079005354e-01
2.791584312997375417e+00 -1.230883801668774202e+00 3.451964517017598322e+00
-1.554822935018135288e+00 -3.456110935535737116e+00 1.930086762470555550e+00
-3.534558427458379115e-01 -2.177869783563310069e+00 -2.507872670254039926e-01
-3.352717115498555334e+00 -3.854535927187654476e+00 -1.924251775252810992e+00
2.579500607999384076e+00 3.154082479282636520e+00 4.765223510004381602e-01
1.200108929605169239e+00 1.131068006594935005e+00 -1.645343612011190171e+00
4.043893502233653514e+00 -2.816453071625021565e+00 -3.103060487983503091e+00
-2.023899316895336475e-01 4.049444339710296603e+00 9.074733690645278017e-01
-3.855519899659249461e+00 -6.479379168758434560e-01 2.234440666490110861e+00
-1.075901508430451514e+00 -8.003680933939658071e-02 1.741300181945059755e+00
2.152951898095610161e+00 9.306373525107000111e-01 -9.567360440842609393e-01
-2.413391478043332761e+00 -1.384487626704391294e+00 1.925897448261076006e+00
-3.829678943469064567e+00 2.488850091229399819e+00 5.109907432519441572e-01
-1.921644585153919449e+00 5.117798804278163027e-01 1.892627201041883200e+00
-3.797141942604425058e+00 2.496454134654075840e+00 -2.308146038611757600e+00
2.454140392416342742e+00 3.497757028449453909e+00 -2.564029438777183145e+00
-3.217417190051532483e+00 -3.157179308761230541e+00 3.396119178877756717e+00
-6.509107036331799323e-01 2.864290682190188342e+00 1.653608824229510832e+00
-1.798642960304691618e-01 1.063004242138006150e+00 5.467708558283246312e-01
-2.238911159825989483e-01 -1.547046652429750591e+00 1.786181547855350438e+00
4.508131808365630766e-01 -1.217866233401057707e+00 -2.544764557803101956e-01
3.788094605854589236e+00 1.936358772432959618e+00 1.668040227899038275e+00
1.240797201517703785e+00 -1.281027705992183324e-02 2.317457457410473154e+00
3.107560684502701065e+00 -2.984842113183878154e-01 7.764207003677346952e-01
3.931923393526083554e+00 1.736309641843478691e+00 8.267735316125359724e-01
-1.813358408204597039e+00 -3.265150279476515927e+00 -4.637005387045871063e-01
-1.025125776735111405e+00 -6.777704352586740866e-01 8.256614671393779359e-01
2.811892721024298325e+00 3.939183726044255263e+00 -1.507370515394942934e-01
-2.685711909968385491e+00 3.089009124696654451e-01 2.348803941450849919e+00
-2.299745029304978150e+00 2.923298150281915309e+00 2.532001087879625967e+00
-1.510181908285626706e+00 -3.857956277792649047e+00 -1.425909560987990599e+00
1.291865823132401836e+00 1.460795579362454077e+00 -4.063781343077638830e+00
-1.477737402716519544e+00 1.966610416886460877e+00 -3.572760567114984465e+00
-1.372532326072518849e+00 9.537023010241603149e-01 8.553455912396944194e-02
-3.467100133642488480e+00 -1.810196035525549085e+00 -1.557709296571940349e+00
-6.193275094756750532e-01 -3.304466836634619931e+00 -2.042541815496470292e+00
-1.354597177899145910e+00 -2.659150683870792342e+00 5.641972573187963302e-01
-2.960762063388453935e+00 -2.223398875398982177e+00 -2.677647952979858470e+00
5.907292780442076063e-01 -1.797789750033556566e-01 3.684624925796135209e+00
2.009707174665141149e+00 3.893512832033103166e+00 3.124149261934173083e+00
-2.585661992896404193e+00 -1.016392673513097256e+00 3.202276939374000708e+00
2.850328941230106494e+00 -1.092762950413681100e+00 -2.618145626261828340e+00
-2.840630521386975360e+00 -3.778225471345120212e+00 1.835608332160086009e+00
-3.006101778872981800e+00 -1.271091442211114586e+00 -8.257084490957955492e-01
-2.105310257771599858e+00 3.286816245532211855e+00 1.402663633524098064e+00
-3.719465294369503350e-01 2.492265468721620358e+00 -3.847583300431188125e+00
3.458757433746270760e+00 -1.101358159303265916e-01 1.497096716421911555e+00
-1.307391153127913430e+00 2.267390040769507120e+00 1.195231259110541622e+00
2.456251620414986458e+00 -1.048591749739859802e+00 -4.057581194749294795e+00
1.885435998162955151e+00 2.446871721824545709e+00 5.065862698959759658e-02
1.230377468703463539e-01 -1.059068744164168852e+00 -2.927306024861993095e+00
-3.518686071686540462e+00 1.613151849952689565e+00 -2.855376610435767848e+00
2.577520455730462512e+00 -1.562989039292411952e+00 7.524370517280529747e-01
-3.055051070136289404e+00 3.459674146113102200e+00 -9.617405864684874794e-01
3.388209157944544803e+00 3.284410251379196843e+00 -2.845612339048686934e+00
1.674158728619057568e+00 2.509514783213016020e-01 -3.333563143526470540e+00
-1.124073378435276105e+00 2.632517853477830183e+00 2.220943841551532849e-03
1.623950544756768810e+00 -2.717084169730293652e+00 2.571802567789175153e+00
-2.459841105480114198e-01 2.222037698558938512e+00 2.887635902928910592e-01
5.761376163047190468e-01 4.043136937512171514e+00 1.997389524211187428e+00
4.091632330214705959e+00 -4.074046067244305735e-01 -1.757683838979917645e+00
-3.471252028071825535e+00 3.237426335076401873e+00 -1.839267262890368348e+00
8.113230740802376273e-01 1.844155794466291853e+00 -2.443983081325676654e+00
-1.108020195989924739e+00 -1.290818313531906014e+00 1.558255388052172341e+00
3.739578704304945767e+00 -1.645074438662538663e+00 8.317213655589360544e-01
2.155299049261691913e+00 -1.872667602443938595e+00 3.314403645884269611e+00
5.174675244212705028e-02 1.099122337515773484e+00 -2.532053394722343143e+00
2.451080123819681322e+00 -1.091893263011601833e+00 2.692062191682833561e+00
-2.638200375998141833e+00 1.913463096936508512e-01 1.570487071379828681e+00
-3.504218666534456794e+00 2.956414191924148227e-01 1.024791561664407880e+00
-2.995561773975345954e+00 1.638416091945630093e+00 1.778248005563184408e+00
-3.842939597614050573e+00 1.596573811804540055e+00 -1.957751889095215025e+00
-1.130511730606705179e+00 1.704495238842111293e+00 -1.906163307555386988e+00
-2.015433031780981654e+00 -8.354028033020053368e-01 7.128317540945551256e-01
-1.240690456169442735e+00 -3.443383965153169690e+00 2.180114441612698850e-01
3.966873285438326846e+00 -3.638362770641269783e+00 -2.017516993362179267e+00
-1.729880330762620655e-01 1.646749998353383315e+00 -3.425154418766289677e+00
-2.550217510555399247e+00 1.118611018553257619e+00 3.877042337917637749e+00
-3.983771592708346798e+00 1.192772331544044162e+00 -1.006399475551373435e+00
-1.435950468764795804e-02 -2.661244237566411375e-01 -2.502006114484220500e+00
2.999799364652786071e+00 -6.364138025117981323e-01 -1.764698303264611079e+00
