8.220706914434900980e+00   8.220706914434900980e+00   8.220706914434900980e+00
500
-2.332315508115307967e+00 7.759699013515408694e-01 -2.059322380691932075e+00
4.893892109028514792e-01 2.336666272313773884e+00 -3.092688446350343234e+00
-1.174342335868937104e+00 -2.103742241040665872e-01 3.408645941948018065e-01
3.690953647942985860e+00 -1.991563344919951017e+00 3.891330835156531887e+00
2.731276126710775021e+00 2.014088867899314628e-01 -3.525534041390649520e+00
-6.586283983456553415e-01 1.742232182788030048e+00 -3.525219477481539077e+00
1.200889445934599786e+00 -3.476316352874778914e+00 2.220645119937725287e+00
-9.420645910795985012e-01 -1.293189565844341526e+00 3.653668822028112828e+00
1.843250823144687134e+00 -2.598823188952879892e+00 8.887174427500383889e-01
5.589397047617932213e-01 9.019237999766354097e-01 1.866717336929968996e+00
5.865862059260427142e-01 3.917672861669449169e+00 1.289148582857336356e+00
-1.372269257749666904e+00 -2.543618823525142680e+00 2.861646282297440447e+00
-6.384507943778514605e-01 -1.106911022454154514e-02 1.255915242748557148e+00
-2.593644801349610507e+00 5.795892449338894137e-01 3.954235487665889615e+00
-3.142796474850944488e+00 -1.768126863813447580e-01 -3.946293699335040817e+00
-2.615105910006351841e+00 1.528815708004693352e+00 -4.050611979835053944e+00
6.893775390288440219e-01 -2.175701207198887488e+00 2.465186872311033728e+00
3.548224496194761768e-01 -3.642984244839857499e+00 1.661038321794605366e-01
3.964182631592848338e+00 3.060048812543913588e+00 3.363070578135063382e+00
-2.381365711043350597e+00 -1.559034523532539573e+00 9.838383663553768033e-01
-3.059509160917775805e+00 -7.406881369240473356e-01 -1.110654968980857804e+00
3.842464200317635026e+00 -2.602265980684156599e+00 2.280927548396048277e+00
2.750979467762206365e+00 -2.405691206658314485e+00 2.382789341889910428e+00
6.115137761629432234e-01 -1.034421172240022724e+00 -1.022618765537917973e+00
-1.303151902021871811e+00 -2.183599634935852851e+00 3.868348572588823586e+00
6.084451883396461147e-01 8.256287104603104998e-01 3.148905685560503542e+00
1.388847239574539039e+00 1.976275923994011530e+00 -1.067180900491407902e+00
3.634666924447599312e-01 -9.970231631378537740e-01 1.360981221715366063e+00
-4.366846789284472563e-01 -2.670822907782823830e+00 2.551595066884579044e+00
1.288249130322462577e+00 3.893341976417712957e-01 1.057989198834286659e+00
1.323609968662847192e-01 2.195120079751854636e+00 7.300800507829413588e-01
3.407300012613345253e+00 -4.024343906052187392e-01 -3.041964304062510838e+00
-1.278975223467373024e+00 3.956680154458793286e+00 4.046681509946890465e+00
-1.737954230078579076e+00 2.016031497553953056e+00 3.273830156507266498e+00
1.031918877793375877e+00 2.968853989121947201e+00 1.139672421645685274e+00
1.663711477263400074e+00 -1.012779700439109476e+00 -1.375469207103339198e+00
-6.887462169698895798e-01 2.217270804085731850e+00 3.705248597109705777e+00
-3.275021890825150273e+00 2.872607711217126436e+00 2.524661706377693715e+00
-3.175722145189380452e+00 -2.184244510664800742e+00 3.833131733667283658e+00
1.965433674551154253e+00 2.781761729515187298e+00 -1.618559851245292336e+00
-3.940288405921092085e+00 2.529231578104045752e+00 1.714088019777628036e+00
4.990662955485055674e-01 3.752407888870940678e+00 -6.558427005683986621e-01
-1.516765547193718477e+00 3.782577176438519206e+00 3.154023244335351528e+00
3.747527516836755890e+00 9.596348355464080493e-01 -3.749006211580218628e-01
6.890398884933365276e-01 2.113330280315401488e+00 1.740914882784023066e+00
3.212882355528295708e+00 3.255288920406510300e+00 2.465888448272814948e+00
-3.116257536060461852e+00 2.092899785278606595e-01 -1.484375377288431830e+00
-8.859544384660218430e-01 -3.209694276165004911e+00 -2.511873443598348299e+00
3.694498948891598911e+00 -9.086046968390663059e-01 3.209772632652303059e+00
1.636535724670953984e+00 -3.725199189452651272e+00 2.238517949602132906e-01
2.243426103450823383e+00 -4.014239956477634319e-01 -1.992184744224809290e+00
4.100862473394692564e+00 5.031118680095247875e-01 1.770503699241437578e+00
-2.752857917876578409e+00 -1.667417260143292945e-01 3.247238725445271701e+00
-3.827342582790104419e+00 -1.629985989400275281e+00 3.220629646012488134e+00
-3.646711194287249325e-01 1.156400591557613655e+00 3.482107140336695217e+00
-2.685421047418034224e+00 1.190118351316233225e+00 3.163788892674077147e+00
-2.377272246951583234e+00 -2.983878327007633002e-01 1.101635594878866309e+00
9.190909157358581050e-01 1.400112277037712571e+00 1.070131944051752271e+00
-2.236696854773016163e+00 3.164089098907680309e-01 2.504376235394091488e+00
2.771092756586187811e+00 -3.059515660625209410e-01 2.860749328078549869e+00
-2.999623541978386321e+00 -4.068728386992372936e-01 9.778445196709506515e-04
3.350789205618534439e+00 2.666353144817167120e+00 1.551218768541841486e+00
-2.655112963474923760e+00 7.965988121212548290e-01 -6.752215008332496105e-01
-2.544351999253268382e+00 -2.419162289210719852e+00 -1.603367404856915313e+00
3.386967032961123170e-02 1.577673985460995298e-01 3.831854229614794605e+00
2.198453638622073658e+00 1.499716666054668135e+00 2.580076624102710880e+00
1.257307174066138122e+00 -1.544306196850508073e+00 1.571607634806243547e+00
-7.563229254705924332e-01 -3.724537469400552858e-01 4.005200504140708162e+00
-3.067037051562242045e+00 -2.011703191082907516e+00 3.899608544094987916e-01
-2.583536123791242201e+00 3.277442664041169795e+00 -2.491722770323183678e+00
2.526593757258766004e+00 1.874140252487294545e+00 -1.329270681801740350e+00
2.690628015812115859e+00 1.440114995167184775e+00 5.909637850133702131e-01
2.754273453015311013e+00 -1.694160732180028939e+00 -1.164398087942695836e+00
-2.922077219621951993e+00 -3.712526024676479519e+00 9.490217397560470891e-01
-2.081150035446511115e+00 -3.786698273708161810e+00 -3.491967510619824910e+00
-3.967311489873831754e+00 6.109982002078806484e-01 -1.817815844310794127e+00
-4.765904369739842883e-01 3.508367557676967063e+00 -3.653365081660463254e+00
-3.702277403432960301e-01 2.953863370925986942e+00 -2.824254290790364941e+00
2.572463553548105963e+00 3.613935097016636178e+00 -3.393173382210326494e+00
2.999105280511531468e+00 2.246756311418052654e+00 -2.159445227692100566e+00
-3.213339744683537003e+00 1.276546455922408896e+00 -1.875510581945471378e+00
1.747032211271542401e+00 -5.907604012904330570e-01 -3.898671049038221259e+00
2.495575542497842747e+00 -3.410983084964979373e+00 7.425049430678893891e-01
-1.818705529386854369e+00 -7.656453699571382776e-01 -2.558240004899944520e+00
-9.977511503488291078e-01 -3.911208891222317074e+00 2.884568125580022624e-01
-1.596783903971449758e+00 2.956858420127751685e+00 3.833935629167643633e+00
-1.786526774132025874e+00 -3.951783527991699962e+00 -2.538432544282859915e+00
3.492410144614817913e+00 -2.166692373964645757e+00 -3.252065932014923000e+00
4.011657107363824082e+00 -3.608842390920742993e+00 -4.026076867587783603e+00
-3.954239259272168905e+00 1.436884354824543575e+00 -2.720370526488413265e+00
3.101738741277034084e+00 -2.203528777213140444e+00 -2.111471919653497231e+00
1.596637385933201980e-01 -2.690539299538219797e+00 -1.324290176512439521e+00
-2.991620597297750539e+00 -1.097149934382068537e+00 2.721817871862959315e+00
-3.215664832507036053e+00 -1.440655928307370770e+00 -1.959554658847309838e+00
-2.577844489751249579e+00 1.627128747433540523e+00 5.529399474209104604e-01
6.935438228278018036e-01 1.144164714631715318e+00 1.178061939695147359e-01
-3.952672438693850765e+00 -1.061813068108201863e+00 2.358457229595178894e+00
-2.452537196975491385e-01 -3.871986105329017214e+00 3.768797725912665264e+00
1.318951694443502243e+00 3.954961746300987180e+00 -1.378511106524435315e+00
-4.807196302291352197e-01 -3.526035093177728452e+00 -1.700502185354747064e+00
-4.852479560329447383e-01 3.750255949835763047e+00 2.995845323848535635e+00
-7.668371499218435972e-01 -1.280386821632834682e+00 -2.464040492586601516e+00
3.189822375585576353e+00 5.788237742433389732e-01 2.566705097816805115e+00
7.022567932142441682e-01 2.851480050350099216e+00 -1.484450818100699898e-01
-1.375992765281574881e+00 -3.883464604069296833e+00 -7.467193834064742575e-01
3.442904279045841065e+00 -4.186588070819063923e-01 -1.275212440200492181e-01
1.686665711066254181e-02 -3.065064717973873698e+00 1.738298976435963983e+00
1.146704503076683812e+00 2.658692536989920807e+00 -2.326155257462523274e+00
3.202759530290465673e+00 -2.460786393897219870e+00 1.466714027637166851e+00
3.451430550552678778e+00 3.746938646117479177e+00 4.016165327788505657e+00
5.066173859877733943e-01 -8.005062832047855903e-02 -5.727669837775093420e-01
3.746250450492875750e+00 -3.593139018731167367e-01 1.118775401459228158e+00
-2.048875385466970123e+00 -1.884365664012275232e-01 -1.676957595376711074e+00
2.656331710877380958e-01 -9.525304535066099199e-01 -2.294712876425544223e+00
1.676703343296732429e+00 2.303995550813926485e+00 1.432168521985013321e+00
-3.262156716702049764e+00 1.035938595388592898e+00 -3.489928684924207047e+00
2.640134680282949287e+00 4.046852683502038417e+00 -2.569026624153090133e+00
-1.938602031926774716e+00 -2.970033646569594676e+00 -2.648714816619974322e+00
-3.876794358928308704e+00 3.716185551365715156e+00 2.682148177352390306e+00
-2.507860976394295616e+00 -6.171204042420599389e-01 2.032704372258475889e+00
3.255126257777400056e+00 1.762604404289889182e+00 2.522427166379997754e+00
2.629062908597819437e+00 5.693166999604930556e-01 -9.256468917399348628e-01
-1.318571687527946568e-01 3.919285328646620048e-01 1.631520620852785347e-02
3.398236951742256373e+00 -2.948168940031069774e+00 -1.458331255610080923e+00
-3.891373924369935455e+00 -3.657373288122153898e+00 3.141237641406218639e+00
1.989559142976042416e+00 -1.607609795349314696e+00 2.439238886355667546e+00
2.633852864773186031e+00 1.964421806000668624e+00 1.589341118167775901e+00
-3.095295411222261373e-01 -3.729995659275842979e+00 9.812843866601403953e-01
-2.520021823508653558e+00 2.583463332128790313e+00 -3.854264868366988672e+00
-1.331876859900802679e-01 1.470950962037756993e+00 -2.004234021791365006e+00
3.495071338274271966e+00 2.193775088129388706e+00 -1.136428878528674469e+00
-3.779457718135935895e+00 -3.464634680513305032e+00 -2.962864182756733467e+00
2.378970960677523117e+00 2.859374001256040021e+00 2.192126452016718741e+00
-3.765663209518149479e+00 3.505007680644828483e+00 -2.225891696317328083e+00
-3.675596810825071614e+00 1.512883944877393860e+00 1.046350079821600332e+00
2.084224923486341918e+00 -3.263331356880315504e+00 -3.551089159748362256e+00
4.247465999707685791e-01 3.561762116768066200e+00 -1.827863488190643704e+00
-2.286775187888219207e+00 -2.809666783464336071e+00 2.221591058124975149e+00
1.975654437714523759e+00 1.709011233260883111e-01 3.757167018304397033e+00
3.202102634938951642e+00 -1.233076452895403241e+00 7.562320480463120553e-01
-6.386047542835953106e-01 -2.991942238782376862e+00 3.899340570050966459e+00
-3.090500170267020064e+00 -3.707754044008967131e+00 4.090102220851723480e+00
-3.618775840404271638e-03 5.831282533441959348e-01 -1.062078520068518772e+00
-3.963358887614008896e+00 -1.190455023389921929e-03 -3.242322422625183442e+00
-2.085993095756647708e+00 -1.104661991600243143e+00 -1.343120796554932550e+00
4.072387573166259322e+00 -3.967230086833283487e+00 6.403666527054761026e-01
3.908135028860750371e+00 -2.016726749488594983e+00 -1.321532332190731074e+00
-2.228377928191097812e+00 -6.615496168485097694e-01 -4.055357705270723478e+00
-2.099529590050804195e+00 -2.826170834005467203e+00 -7.645781730802168052e-01
-2.127121557873895341e+00 -9.907413814034167210e-01 1.217119228032524508e-01
-4.051849319160807816e+00 -3.682178933115208164e+00 -1.173742195923002773e+00
1.853483274869665909e+00 2.519237994083173504e+00 -3.055180728766899723e+00
-3.884967185217975683e+00 -4.355532412345758941e-01 -2.284409893003564562e+00
9.833983958601286712e-01 9.377508097562009537e-02 3.706719683579218660e+00
-1.288227574802053965e+00 -5.070932933705982748e-01 -3.378403707188380345e+00
7.647594899999826668e-01 1.120171371887100031e+00 -1.380153314569793288e+00
1.110678137073160654e+00 -3.495533946180510831e+00 -6.412122967460643919e-01
-3.292744105587592784e+00 2.533947370988529180e+00 3.692934377482747221e-01
5.081755898618122158e-01 -1.311647466521985494e+00 3.139356393698790326e-02
-1.830420917477012965e+00 6.073570819852871505e-01 -1.113368359764246085e+00
-1.301748241620613644e+00 2.851912420579429064e+00 2.784875985592581316e+00
1.305973799452145423e+00 -1.664316521458035991e+00 6.224421379734385029e-01
3.162842679807709612e+00 -9.870456592240677285e-01 2.001765945183324735e+00
-3.072482696881641662e+00 3.701513424282621312e+00 1.573282561342118913e-01
8.711474541371753144e-01 -2.823422701233631593e-01 3.485846629758559412e-01
1.021348521742785342e+00 5.847048225111057818e-01 -3.509809360269451783e+00
-3.479961426422779169e+00 -2.277292441831664238e+00 1.410381737777334221e+00
1.028367474048377916e+00 -1.347187496878006652e+00 3.011213533960006128e+00
-2.496496279471639657e+00 2.989361776306382890e+00 6.042052942233719914e-01
-4.068486869080460089e+00 2.266308571688226081e+00 2.734524317989926345e+00
-1.627780189327659999e+00 2.159733744982830494e-01 -2.579765731750128577e+00
3.384592806897330219e-01 -4.004519384611314736e-01 2.998464874009124870e+00
3.087301433138845752e+00 -4.024166892586954702e+00 -8.624031014735323852e-01
-1.143843114679631290e+00 3.999021218931991140e+00 -1.735159106187097011e+00
9.402105385652250735e-01 3.676594820809320208e+00 3.525045674146854435e-01
1.515507220834325430e+00 -3.456475060061144244e+00 3.859649357747954479e+00
-1.232666748951355862e+00 -2.973677827180835731e+00 1.842411241167998481e+00
3.185732741918067656e+00 2.325474248385854370e+00 3.465145207219159751e+00
7.969474792977089272e-01 -1.652573434112371453e+00 -1.747771684724453989e+00
1.127842258175840717e+00 -3.198066157470805582e+00 -3.058581372434854728e+00
-6.959886634159433150e-02 -1.950285912299830171e+00 -5.126681810041103793e-01
-2.968540179514345123e+00 -2.977124274970384565e+00 -3.436665093896324130e+00
-3.221726874802950391e+00 7.961562378398302497e-01 2.274625857976294796e+00
-3.111082397458228233e+00 -1.116636390633361842e+00 3.767178128980113172e+00
-1.417942246311933552e+00 -8.007252795546822011e-01 1.015153196506489275e+00
1.801631609755540930e+00 7.330357079553673216e-02 -3.141928942143414449e+00
-1.320167534086431060e-01 3.139413920072231523e+00 1.071513257104295125e+00
5.907185377987809183e-01 3.417341372331391902e+00 -2.866065908193293765e+00
-3.115140657092297261e+00 -1.459032230600929347e+00 1.748687041721292967e+00
3.315199137585509881e+00 -3.612697394239439141e+00 1.244309386207561596e+00
-1.560808104686421061e+00 -3.315817919780973178e+00 3.774142296484886749e+00
-7.607310955317755363e-01 9.182278501898439860e-01 1.621420743469459635e+00
1.584885963690874311e+00 4.017075228965609313e+00 -3.357305686391104604e+00
-7.172344545053709330e-01 -2.769540856958157438e+00 9.800454767344788376e-01
1.143883748100087194e+00 -1.399961180244124748e+00 -4.056981883023254909e+00
1.994784520731419430e+00 -2.456000320325909314e+00 -1.225877840205078062e+00
1.129155295966439487e+00 2.198258335471680258e+00 5.080616765625507458e-01
3.941664520262034177e+00 2.542556429795608253e+00 -3.960386154365113320e+00
2.399127310981880257e+00 -3.010876107115178613e+00 -2.761815522375661303e-01
1.937946350053535660e+00 -2.873828158890767259e+00 -2.266849349977823724e+00
8.070428502546580507e-01 -2.199696035054344634e+00 3.616480079832744110e+00
2.562954474818940120e+00 2.615675795322626840e+00 7.197115846560921959e-01
-1.365370371180074649e+00 1.661094272147064732e+00 -2.838530161595625323e+00
1.050265765933116713e+00 1.711980167254807395e+00 -2.186893062407233135e+00
-1.766714294179420275e+00 2.227729779654409104e+00 1.766758977760752025e-01
-2.831664281749528556e+00 -3.912802708752095793e+00 -2.825217992791521748e+00
6.205141319024364277e-01 -3.844716820556857595e+00 -2.472377032200798297e+00
1.450400096390420668e+00 -2.489483795623469664e+00 1.896892347839846282e+00
-4.186787426376212262e-01 3.725537980292272788e+00 -9.645012980428274707e-01
-6.906038544300536763e-01 -2.087797722015723334e+00 1.808230498126852659e+00
2.457395826249497262e+00 -3.711496804132261573e+00 -1.656350106142458367e+00
2.788624059268979494e+00 -1.781245391229016262e+00 -3.949814924206767497e+00
-1.110418060647384131e+00 -7.042193185906454600e-01 -1.518989410500034776e+00
1.682623337048329670e+00 -6.003346596406794466e-01 3.084498820889047810e+00
5.621952023045437841e-01 -3.048506331851327467e+00 -4.089087874915531273e+00
1.510653013687816903e+00 2.494927058262536690e+00 2.508781007830564569e+00
-1.059567840852404075e+00 -4.025321986282319742e+00 -3.202314358295076602e+00
-2.806759317174811308e+00 2.180581394801616391e+00 3.156034190361052705e+00
-3.562948089625974091e-01 -2.820212110626506785e+00 5.387992869807223251e-02
-2.885565515933335323e+00 -3.156920636019853177e+00 3.157165597642439980e+00
-1.268479731196693994e+00 -1.731811638567309686e+00 -7.448252102060963775e-01
-2.140385077041535133e+00 2.331259500745427538e+00 -2.844626767859182337e+00
-2.977598110126985720e+00 6.788170910006060543e-01 4.274358999591406638e-01
-2.793140701392782255e+00 -4.943929948982235256e-01 -2.253182466705090814e+00
-2.366298916521013262e-01 3.516669603666985555e+00 1.999599924492813763e+00
1.096557325315217657e+00 -2.263857516545907167e+00 -2.634267055452594430e+00
-2.110573775078006253e+00 1.370700351925528138e-01 2.166125656804586963e-01
-3.221503955687891274e+00 3.377039449998838982e+00 -3.224410649794877681e+00
-1.611656265758101725e+00 3.754387784930656835e+00 2.069309616184306311e+00
-1.679673590936779703e+00 3.434229215921031031e+00 7.205217757998579053e-02
-3.223187106109685063e-01 -1.476015728597096288e+00 -1.437076343839498227e+00
-2.269139992074085121e+00 3.127595678587190342e+00 2.923763307139291889e+00
-3.549541852965421906e+00 3.322200038559288693e+00 1.074588088819668608e+00
3.397215484124805673e+00 4.049748877413287040e+00 3.088303996365624471e+00
1.306992200889030897e+00 1.470632058379468754e+00 2.294171781430680124e+00
-4.163411567086754139e-02 1.241883182172335065e+00 8.377269298524082641e-01
-3.258077276129947908e+00 3.564469239813478296e+00 -1.060497703881516651e+00
1.071671689938899830e+00 3.014631689687352623e+00 -3.707927268075018379e+00
-9.718957540169150811e-01 -2.709732671622353983e+00 -8.983255003717676157e-01
-3.058562821539455578e-01 -2.070413769835091067e+00 3.685143364939874377e+00
-3.232309855437695667e+00 4.459321315701790245e-01 -2.656121943640144423e+00
1.873758083134200447e+00 2.831613354877068334e-01 2.027491783741037334e+00
1.441903292938461867e+00 -2.570164215796743701e+00 -3.956834731130329796e+00
-3.574555667602824727e+00 -1.111327735808884665e+00 5.626971488078388317e-01
-1.807273777179548402e+00 3.133034839244069891e-01 -3.727891534430480824e+00
-1.582792409494807595e+00 -3.477564682171411015e+00 1.046670766606257574e+00
-2.196078951871907492e+00 -1.763163618868208271e+00 2.066335558315942400e+00
2.997928168182142805e+00 3.316179705529442856e-01 3.663500847433394103e+00
-1.790502552511408219e+00 -3.527352260976710063e+00 2.768934967454726781e+00
-1.783808579721042620e-01 -4.673516359913850726e-01 4.975582178796963406e-01
-2.428791701488283827e+00 3.146517299359843367e+00 1.670427635144386969e+00
2.548149977075008454e+00 -2.686760703917010940e+00 3.809705687293083454e+00
1.305578331622688548e+00 -2.585040306497699003e+00 3.477907840869646182e-03
1.888683729641950082e+00 -1.486959927162658790e-01 -2.943349819464725625e-01
-3.437740602090378239e+00 2.013686661446970838e+00 -3.476054726308284604e+00
3.900609002251920199e+00 -1.478368507239222307e+00 -2.379592963979256570e+00
3.463063240629480788e+00 1.884921470283074774e+00 -3.231301466659306953e+00
-2.222616893927877424e+00 2.610766867316487438e+00 -1.514255987919437718e+00
2.389326379097784336e+00 1.464387094426010449e+00 3.545240428544816247e+00
5.946285548958770706e-01 1.968221737679565431e+00 -5.636099059048101934e-01
3.100415630807580314e-01 -2.099428140281243582e+00 1.463057142214381212e+00
9.777882940146156443e-01 -5.461736723603047849e-01 2.154055455128623286e+00
3.918274081145638910e+00 1.481802188686351107e-01 3.147329915047010651e+00
2.179657656699589552e+00 -7.843487575872279960e-01 1.885811142447896271e+00
3.385224951572614049e+00 -2.564854846474602379e+00 -5.143809413808795306e-01
-9.927286955602734331e-01 5.059863553341917841e-01 -6.577448482653377448e-01
3.467789137932066001e+00 -4.057454386004730296e+00 -1.791595169735713977e+00
-2.612106304922095390e+00 3.668974553670786509e+00 -3.908696359267794573e+00
-2.865044583671436107e-01 2.650972233880968254e+00 2.793772901954448606e+00
-3.093383693598628525e+00 3.036912270323280261e+00 3.616058314601287016e+00
-7.987139241038787585e-01 2.757625262513212938e+00 1.745645804630923115e+00
-3.867622419466037464e-01 -2.400558650226064294e+00 -3.412925985237804660e+00
-3.785792234869413964e+00 -1.720582666226154522e+00 -3.392720271049721070e+00
1.326609238681768277e+00 -3.249312554819379972e+00 -1.553817472233400609e+00
1.521758806836169153e+00 1.056695857249892567e+00 4.027772379403416814e+00
-1.274404622861335046e+00 2.276957740072026670e+00 -8.084799932925131882e-01
-2.309794924905305802e+00 -2.564430356685670986e+00 3.764340514908102620e+00
1.933472321462031962e+00 1.004685921172979945e+00 -1.598231350753387625e+00
3.695309436351088106e+00 3.271165737337601520e+00 -1.276484722502911451e+00
2.664364017468039414e-01 -2.853243875939252661e+00 -2.357897078608104824e+00
3.527988518004009144e+00 -3.888224653371875394e+00 -2.905657475407385615e+00
3.146408936954169011e+00 -1.778323141985560740e+00 3.060025240899026500e+00
9.014086924573434523e-01 -1.278266801336558567e+00 -3.073809887894668247e+00
3.110908331447447051e+00 3.365040116678867044e+00 -2.353825982806972694e-01
1.826389381408200174e+00 7.206287112771327941e-01 3.146281907731585670e-01
-4.072288899797133155e+00 2.597445600221861106e+00 -2.837484825082241091e+00
-2.586006939905642010e+00 -2.816263670160014332e+00 1.251329748953024401e+00
-7.835829253669959193e-01 1.352445087246184841e+00 -1.204167571651909796e+00
-2.274291786056733544e-01 4.005265998203576316e+00 -2.531673489483564854e+00
3.694342017861766969e-01 3.575664998402127814e+00 4.064074446207346369e+00
-3.706953430557021978e+00 3.736605574406836272e+00 4.055409790830879935e+00
3.891600639588547850e+00 3.522991445802513333e+00 -3.359758242410048723e+00
9.821049650943799447e-01 -3.371571842580614042e+00 9.762327224232277834e-01
2.653585624104047636e+00 3.506487498926583068e+00 -1.576307904741813593e+00
-3.718889875876953077e+00 1.489523171458734030e+00 -9.520972010725056167e-01
-4.808725710734965131e-01 1.301715085471569111e+00 -2.624976852758974522e-01
-5.783273771561803223e-01 -8.881132990133081551e-01 1.755885773992188481e+00
2.604753159231043558e+00 -2.425122993993908516e+00 -3.077367727866840319e+00
3.144788953740834447e+00 1.087227473513846077e+00 1.501521323382627005e+00
-5.453354128033585102e-01 3.167212100471901604e+00 -1.881575837201169055e+00
-9.803259327528061062e-01 3.119056325173618083e-01 -1.665199841063333075e+00
-3.630398485048577317e+00 -2.734526428817036336e+00 -1.576153641600686939e+00
1.391782504146644284e+00 1.768498018272865124e+00 3.250690296852618566e+00
-6.965491862294844738e-01 1.697988504269395627e+00 2.734154567353695775e+00
2.539716678591580568e+00 3.872441829292301296e+00 4.397474411519143866e-01
-2.321669602856414549e+00 1.055516044369691819e+00 -3.133691881055519879e+00
1.865414433291982421e+00 1.242447136659238449e+00 1.396601361714679967e+00
-7.171099698999148231e-01 -3.832009523025200259e+00 1.935449761955422732e+00
-3.845706455690331427e-01 2.459678110470821633e+00 -1.701411256706916175e-01
-2.195660064924314536e+00 -1.764202751384266632e+00 -2.471158525448645005e+00
-2.722719616912784968e+00 -3.748847334327574998e+00 -8.110468399500491143e-01
2.122546197541027801e+00 1.848538280348293705e+00 -2.259542575280439891e+00
-1.783583558037507455e+00 3.422151975063576490e+00 -3.381065108160042687e+00
1.867124871009158804e+00 3.345433136743447999e+00 -2.447712906093985286e+00
2.904615803009539032e+00 3.639975982802030163e+00 1.305994957835821424e+00
-9.685927584687507030e-01 8.652064117972657620e-01 4.757250348863569234e-01
1.684751396051584749e-01 -2.985395596878976043e+00 3.206855841977084953e+00
-1.268563266118904576e+00 -1.713230791456535229e+00 3.444417431630809601e-01
2.496833394388357164e+00 -4.024618698543869222e+00 2.368340415288847645e+00
2.068903824866065388e+00 -9.072163404542963328e-01 -2.816569922982109286e+00
2.879260992406330599e-01 1.816196698121494313e+00 2.617102787327886038e+00
-3.369302039412938488e+00 4.103704784079513779e+00 1.861588725668971156e+00
-3.478894532184550137e+00 -3.618146675284569458e+00 -1.249698744635050346e-01
-3.635894118137577902e+00 8.015410292221715194e-01 3.693336066109305982e+00
-1.777961309102264797e+00 -1.499156692395550383e+00 3.149372610551837592e+00
2.959816540937610374e-01 3.459766720752647240e-01 1.173518423854297277e+00
-2.617917553910043882e+00 -1.978943458701670099e+00 3.007757968468324883e+00
-1.075946813631742938e+00 1.458619430576205689e-01 2.229963555853846202e+00
-2.952190382593684048e-01 3.567491983410251866e+00 3.865737459943963811e-02
6.724667717723675775e-01 -5.126918931615291886e-01 -3.835653843976140731e+00
-9.737958506600197239e-01 3.760607747503902587e+00 1.219487005130939883e+00
1.918816238135745200e+00 -1.693670246599557450e+00 -2.092099998379541415e+00
-2.841317931477309044e-01 1.857695166594498737e+00 1.683642177335233248e+00
1.331963803350584508e+00 -5.522269601357386870e-01 1.261036395390657372e+00
1.863499511288041921e+00 -3.736506416595331004e+00 1.377073881846941017e+00
9.531364217049580478e-01 2.902576070393199537e+00 -1.197491649056115381e+00
-3.955594604617781673e+00 -2.655796101537204468e+00 3.410898650010688815e+00
3.412546300733195981e+00 1.344120928832053030e+00 3.655989830294051668e+00
3.436111100137954899e-02 -2.740907521995775836e-02 2.033760547436695099e+00
1.316990936619188313e+00 7.751602512791023747e-01 -5.659800080831917102e-01
-3.281966790545023827e+00 1.921571342264696058e+00 2.172319374376471934e+00
1.682448550850912827e+00 3.383577457932867905e+00 -6.194178324737965591e-01
2.033850875180640116e+00 -3.895095443145631720e+00 -7.406442204801972906e-01
4.032316715618926573e+00 5.760805389362736451e-01 7.607019458289695502e-01
3.021767567987438063e+00 -3.129639046181833972e+00 -2.457864982653801267e+00
1.354884458667115599e+00 3.679537570394231683e+00 3.777259495424927671e+00
-2.581203233471065062e+00 7.042156707103812696e-01 1.474047431333881386e+00
4.074435319369273500e+00 1.120092424015105115e+00 2.876399265791302007e+00
6.794943170395063570e-01 2.616940846987828362e+00 3.225523017049526597e+00
-2.849479286613817663e+00 -1.169183296701407304e+00 -3.227987475411814966e+00
-2.221437634438895969e+00 3.850780460563522745e+00 -1.759186636367904288e+00
-7.905851256370253211e-01 -1.656256635563077673e+00 2.747107023213879895e+00
1.282522213083105989e+00 5.748288926586111458e-01 -2.332827030637741661e+00
-2.386995336595882033e+00 -3.785171258923719417e+00 1.808196324035672653e+00
3.679874859895669648e+00 3.228441632556372287e+00 6.817372501077921809e-01
2.563600875480848362e+00 -2.003477041811921655e+00 -5.505832137550202565e-03
-2.166603616159352264e+00 3.595041421256599978e+00 -7.867369529151340135e-01
2.659596977763625691e+00 3.312348631144066857e+00 3.289102091438866005e+00
6.231876148833269680e-01 -3.951810885009476415e+00 -3.560149414581558869e+00
-1.579784323874620755e+00 1.110326875183133666e+00 3.851100023468153832e+00
-3.377589773050357902e+00 -3.562461282312245903e-01 1.435100545791138327e+00
9.346627318528533124e-01 -3.492658132793711179e-01 -1.745588135818547437e+00
-2.302837585971588830e-01 8.659842917865143708e-01 2.495714031055225934e+00
-3.742635765528227854e+00 1.841809717302548055e+00 3.554640769176204973e+00
-5.486645498246037200e-02 2.599916493215469249e+00 -1.121148422558118307e+00
3.217553951424099168e+00 1.221876458817057476e-03 -2.086657439791582469e+00
2.946474479548311987e+00 -1.320666465706593851e+00 -2.678509643687554398e+00
-2.767495294574637832e+00 1.817396823319270993e+00 -5.028496336355925411e-01
-1.235940965076155029e+00 2.172904535016938254e+00 -1.852350571148822844e+00
9.836038227010550361e-02 1.222010890431180774e-01 -3.230066198801996080e+00
-3.398850377306273263e+00 -3.214054159555078005e+00 2.348478386163542986e+00
3.866038955376930542e+00 3.542821914194887789e+00 1.720665388464547751e+00
1.967065734363036889e+00 -1.959760874768623928e+00 3.528377859166542230e+00
-8.319080874644679824e-01 -3.489858539960385642e+00 2.951671336848253446e+00
3.412091450736070009e+00 3.396638092472477055e+00 -2.424957591043185534e+00
-3.921582155767760369e+00 1.739825843092974944e+00 5.298137059833041979e-02
-2.423167687304763618e+00 -1.108917656594737566e-01 -3.113819011732494868e+00
1.701231633476065763e+00 -3.910401678379986645e+00 -2.325669516143905824e+00
1.690675285587460164e-01 -1.204153690573466218e+00 3.850061113062393403e+00
-3.295286271512665177e+00 2.673034733383202521e+00 -1.754290667472537146e+00
-2.758147972407793969e+00 4.110166254682646958e+00 2.785230064223947810e+00
1.515160393036844300e-01 1.025533732927275121e+00 -3.868084005347386611e+00
-2.354868064785863524e+00 -2.783009417976870736e+00 2.355261334177987664e-01
-6.114385347502198087e-01 -7.044493124074631130e-01 2.822286320367727086e+00
-1.232896621069137666e+00 -3.057804364150378262e+00 -3.531834622143035674e+00
-1.333705052880180597e+00 -2.914189348104441635e+00 2.609064399781951815e-02
1.790795007448780840e+00 3.047034190553538302e+00 2.923981025538631706e-01
3.283904019990142142e+00 -3.100803363216027453e+00 -3.644250112873657965e+00
3.788780142177451626e+00 -1.455502040689744092e+00 -1.558506918442267852e-01
9.281018348198444290e-01 -3.699068262447287037e-01 -2.800160478725751467e+00
3.770927693300484940e+00 -3.979744791434502993e-01 -4.099506619162069043e+00
-6.561969064225842141e-02 -3.365849461910225493e+00 -3.268383179066870703e+00
2.773460303092690538e+00 1.571470930280694844e+00 -4.224568656953234802e-01
-8.326634096013009190e-01 1.999880001251260753e+00 7.471966631798682146e-01
-1.274014607591908099e+00 -2.233848130325864823e+00 -2.668558838331166694e+00
1.494941252195657988e+00 5.203547445617022760e-01 2.834983607003590755e+00
2.492044074076657623e+00 1.075712115180877060e+00 -3.785922064218573801e+00
7.266896787307944861e-01 3.031317078581531543e+00 2.154292040477150838e+00
-1.683475611052405618e+00 -3.437694720137118853e-01 -6.491994723664256117e-01
-1.670536899295432809e+00 1.103378684537840604e+00 2.718309359871112552e+00
1.951625042805423593e+00 3.434381265028881192e+00 1.157919746039308917e+00
-4.042443598738798549e+00 1.995369202814577969e+00 -1.933586438097556481e+00
2.677320469521315083e+00 -9.933744091112935992e-01 3.593601730704063968e+00
-3.347861845979196449e-01 -1.515011780595127089e+00 7.065126957819157782e-01
4.626694593355360485e-01 -3.710962085922822951e+00 -1.416170924496465533e+00
2.391803676056426298e+00 -1.704003118758045332e+00 1.230475128003316598e+00
-8.184239823031305150e-01 5.266821187151092820e-01 -3.748956760354845485e+00
1.901183960854847088e+00 -1.849625588816758315e+00 -3.334565233868359790e+00
-6.728747969240620463e-01 -2.169347183837556092e-01 -2.434893406180484998e+00
-5.611643781478294901e-01 9.274447222095008048e-01 -2.768771497878553145e+00
-3.828583457295499759e+00 2.766361193681178499e+00 -4.067680041675056368e-01
1.500630943601077405e+00 2.086433669701537319e+00 -3.948113004203143817e+00
-2.966926584527976640e+00 2.336877628805102525e+00 1.314696716485158179e+00
4.063549981112988263e+00 1.502090396103773706e+00 1.889646643904554280e+00
-3.392536235425346103e+00 -1.758793830098945854e-01 2.380416286297240003e+00
3.271126156168707722e-01 3.251259612077816441e-01 -2.216558715883114594e+00
-3.101802500742112834e+00 2.058293083648795818e+00 -2.542515197314650699e+00
-1.619083265947389050e+00 -1.985118554775721744e+00 -1.610685305814879342e+00
3.855825785507934533e+00 8.360316643699826633e-01 -3.630253723286217760e+00
6.982212930992472977e-01 -3.762812735570507439e+00 3.352982818656159214e+00
2.185724798761919718e+00 2.455664656538761204e+00 3.226796137341179094e+00
4.097998000549926800e+00 -2.554610958252689468e+00 -2.537172644088835138e+00
2.410210263389411800e+00 -3.932113822371958278e+00 3.870816132683971400e+00
4.091797764107463764e-01 -2.411591420761800109e+00 5.553781885589140765e-01
2.555534807116655038e+00 -6.838171885114118220e-01 -8.790261011504457711e-01
-2.614133601508911164e-01 -8.847700269177374288e-01 -3.428055225766477587e+00
-1.627477912624966994e+00 -2.158182198567196952e+00 1.360202705316819083e+00
3.272619097180273773e+00 1.247983316217065708e+00 -1.801041975078104596e+00
3.039273356850987540e+00 4.527147678751511917e-01 4.050875285983114304e-01
1.352604321266145243e-02 -1.940102996752957720e+00 -2.548888074549536586e+00
4.715914235224840656e-01 3.523460613829512589e+00 2.979350788362152169e+00
-2.380312374569238720e+00 1.713519574115980548e+00 1.824855974166348815e+00
2.194920934933428214e+00 -9.545405122155803390e-01 3.449483062862047089e-01
-3.286358525088505456e+00 -1.861778904689085357e+00 -1.011434478688457483e+00
2.573034013584888591e+00 2.642192291196086895e+00 -7.708285823260672132e-01
4.465522407679801686e-01 1.748816045601166547e+00 3.808407904004236233e+00
3.002519871722242328e+00 -1.792959231106307921e-02 1.763067194322135878e+00
-1.811334796789795032e+00 1.322343872665216136e+00 1.085837736174841472e+00
2.099517567227644210e-01 2.497333643506977285e+00 -2.066510697475653746e+00
-2.110060275153967435e+00 1.640023900979717730e+00 -1.275853837729861828e+00
-1.544276539247951829e+00 3.982917852869837794e-01 1.277598329079696615e+00
8.910873503541917318e-01 -2.194378203380875192e+00 -9.481222985780403123e-01
-1.441482689188560151e+00 1.126842398514716681e+00 -1.985450292273942541e+00
-1.184230123652397632e-01 -4.356891463356655780e-01 -1.394605499871735876e+00
-3.070517981097804494e+00 -2.078759409861661300e+00 -2.743507195841311752e+00
4.103660439019570561e+00 3.778649133081014355e+00 -4.656192608394973953e-01
1.276665001278177503e+00 -2.781645525883297054e+00 3.022323675850624891e+00
-1.416218557680675394e+00 1.823138815453447803e+00 1.989032499570406731e+00
-1.316607734552357689e+00 3.210830451995610346e+00 -1.121865559965856018e+00
3.313367688946196932e+00 -3.509140309268436120e+00 4.999302033812037110e-02
2.260914337925144846e+00 -6.429640253789542514e-02 9.584375461224592385e-01
3.818039393226988043e+00 6.461126788947479938e-02 -1.016875994657699955e+00
-6.945070884042924275e-01 -5.646896801699029522e-01 -4.627008280959049036e-01
-3.701658848511134359e+00 -2.836909075136882397e+00 4.506238527781523118e-01
-1.505620282631913831e+00 3.164852734840634785e+00 -2.266986482650948265e+00
-3.592717151063122838e+00 4.082251318110205474e-01 -4.118398645615434783e-01
3.752871092822661847e+00 -3.828510630706102535e+00 2.238706955684012012e+00
-1.107862485366126082e+00 2.718818833887302500e+00 -3.422697571146000595e+00
3.359683094402156289e+00 -3.096194289453025217e+00 3.099958601544384518e+00
1.598505521635170457e+00 -4.064006398607305393e+00 2.967514255597536010e+00
-6.944203590015968208e-01 -2.473180394236114132e+00 -1.889523165547838612e+00
-1.677225281459410411e+00 -3.242248383504162668e+00 -1.631823605408465827e+00
2.518870822572106261e-01 -3.850118174773780044e+00 2.380593112858909954e+00
-3.285988991185705199e+00 -2.772155744210999639e+00 -5.543729879177200504e-01
-3.979198570639812083e+00 -3.223056143794958750e+00 1.474085318053983684e+00
-2.706235281569805196e+00 2.808547560900848339e+00 -5.498969270008144949e-01
-1.723402000105980436e+00 -4.552285948531985538e-01 3.323219500573718399e+00
-1.481698559223010081e+00 -9.176536585144950964e-01 2.320328059498980799e+00
2.168351435866617383e+00 -3.223763814546578121e+00 2.949656147464398526e+00
-2.080138577885704443e+00 -2.502600932839713188e+00 -3.451553897154648443e+00
-1.685052060804511642e+00 1.352964869680916893e+00 -3.380934064978529663e-01
-1.203147257660498681e+00 4.195187604920575519e-01 3.262608453362488170e+00
-9.527370889047992453e-01 2.962675051484322530e+00 5.590579701524859280e-01
-3.413659355793834838e+00 -2.136987495787387559e+00 2.499408214393922911e+00
2.826637088480512094e+00 2.554376930178668292e+00 -3.542921003001782143e+00
-1.907110168749936774e+00 -1.545444191366728504e+00 -3.891022285210729681e+00
-2.998009994649572629e+00 -3.033680572610197856e+00 -2.274519836947038520e+00
-2.064105094347955749e+00 -3.936885699066442701e+00 6.609593569344185404e-02
4.748967337314209392e-01 1.275138621042953169e+00 -2.891590378614156354e+00
-3.246514938557753638e+00 -3.939339516615826930e+00 -1.747324894752140256e+00
-1.687786986311677229e+00 1.988790527323884838e+00 -3.806285110376276926e+00
1.667970482603257532e+00 -1.427907789883509970e+00 -4.056731512800098027e-01
1.929318100741754582e+00 2.157228417185939495e+00 -8.800677461004573210e-02
4.376933488696008179e-01 -2.030840013685906609e+00 -3.624379283589190148e+00
2.035464259410432852e+00 3.064021593292748591e+00 4.090558388618698693e+00
3.493200081945454727e+00 -9.289971709861503113e-01 -1.521264821067402018e+00
-3.881788818967848442e+00 -2.701003527435850149e+00 -3.767335819666513874e+00
1.936079838220977900e-01 -1.228745220545638395e+00 2.429101799135072071e+00
2.353111278292691733e+00 8.635135459581178008e-01 -2.626275042945943383e+00
-9.217308814484991286e-01 -1.586733462812685014e+00 -3.445743535974419736e+00
1.704582288860814421e+00 8.121954245941755135e-02 -1.269803554495801734e+00
3.486608659766328167e+00 -2.519653720908960004e+00 5.060859673591172614e-01
-2.126779071061343007e+00 3.813309387507455739e+00 9.908269121754370579e-01
3.332311927972235299e+00 7.485573657081679988e-01 -2.796644207961876294e+00
3.850450534006419456e+00 -1.719218748781073725e+00 1.523623293206108231e+00
6.820061894701706651e-02 2.636982777681785350e+00 -3.949512944485083832e+00
1.498747792334530482e+00 3.689411398375489703e+00 2.037803231641942325e+00
3.378451643927591341e+00 2.417797288343777939e+00 -1.228971703133634186e-02
1.549415258001532569e+00 1.413372150372530278e+00 -3.143523986378883528e+00
-1.736644562151126836e+00 2.535226893772941192e+00 1.263460780032186426e+00
