8.220706914434900980e+00   8.220706914434900980e+00   8.220706914434900980e+00
500
3.704470106785228367e+00 1.570041032635690392e+00 -1.196121724932762920e+00
-2.009699680487369466e+00 1.788068146493149158e+00 2.126213538882356646e-01
-1.627418324209726208e+00 -2.837962997318963509e+00 2.323149534641010483e+00
-2.465513453621615003e-01 -8.894224814041319371e-01 2.244361140589923753e+00
-1.678108328833103347e+00 -3.357013690925490845e+00 -2.844182431662666488e+00
3.608414690198504804e+00 -1.953106726433291529e+00 -1.025365191470266168e+00
3.946213340555449367e+00 3.628054923410437116e+00 -1.653417612707269946e+00
6.105637442198249554e-01 -3.225523835824484209e+00 4.062918304032799632e+00
3.441273461493372210e+00 2.354286153967336315e+00 -4.059307900207344666e+00
3.990413244571640039e+00 1.642784717771761382e+00 3.511879748464369566e+00
-5.027793785030755247e-01 2.261163723259526748e+00 -9.992532435542567093e-01
2.421323590004613724e+00 2.121764677805827226e+00 2.901820357102242287e+00
-2.517401199766263198e-01 -1.910872983056014940e+00 -7.709117756292891421e-01
1.575671538503618629e+00 2.536711464412626960e+00 2.853426812506408838e-01
-3.308043138167565456e+00 1.952047819776804527e+00 -3.896152634509702395e+00
-1.017894968764961883e+00 -3.760026396578948216e+00 -3.854099208629790385e-01
4.035903282224231337e-01 2.036201931448494928e+00 1.543755962775337887e+00
-3.930875854892141863e+00 -2.306141703587936131e+00 1.998527786663134798e+00
3.246588312711990554e+00 -9.849679112082936339e-01 -2.994415488809841097e+00
-2.575033976432291372e+00 -3.273680223886609397e+00 1.683356812167256189e+00
2.311249082353304729e+00 2.909145529830126531e+00 -9.799964981551092524e-01
-3.633984527378292029e+00 -1.032344603442550968e+00 1.409419113125432332e+00
3.686212610138912549e-01 2.250370041908371643e+00 -1.367231695915050782e+00
4.008093782141559203e+00 2.747193416431508162e+00 2.583432060315103751e+00
3.009858127260068628e+00 2.869929984139357071e+00 2.382414824262887976e+00
-1.784132174794371695e+00 -2.596385153502550391e+00 -4.007381308831091005e+00
3.730060291982633558e+00 1.374054302081748169e+00 -2.263181569395405823e+00
2.352540669419282970e+00 9.246682205596210569e-01 4.032679816231373060e+00
-1.993959824497113509e+00 7.840835280198192869e-01 -7.098781085659900958e-01
4.940841385441615552e-01 -2.494493735310767235e+00 -3.367433879557944376e+00
-2.508364522361134163e+00 -1.622233688960871723e+00 -2.172177168726396879e+00
3.867845462323801886e+00 1.844977311802785014e+00 5.891273124764433433e-01
3.069863747790229525e+00 5.167298593148607067e-01 -1.230305781081014738e+00
-1.990040034497950083e+00 1.967343243506368244e+00 -2.002383734419060701e+00
3.309046357082811252e+00 -9.555358297897981190e-01 3.465073812273750775e+00
-3.077220347381251386e+00 -8.313011611958703861e-01 -3.813246227848269054e+00
-5.986539607519758555e-01 1.206032765673172635e+00 4.101273670932417126e+00
-3.090886200544939566e+00 3.998241894709557154e-01 -3.490437988423146787e-01
-3.451290495657818980e+00 -3.395010449358619731e-01 -1.620574781445636825e+00
-1.216291132997179059e+00 7.036751983277018674e-01 -3.058805735485661259e+00
-7.702375163099416389e-01 1.649537843149636585e+00 -2.868622866294012752e+00
-3.244908709052080731e+00 -2.274536327759501209e+00 2.670505862323867774e+00
-3.820302286536072955e+00 -2.891197297340206696e-01 -2.778610866040998495e+00
-3.696532686644239618e+00 -2.579890830541093916e-01 3.854518885333905187e-01
1.667984855696477808e+00 -9.238282878293899714e-01 -7.886900104713309156e-01
3.054454672626467193e+00 3.032168062980522549e+00 -3.377947524569687943e+00
3.068058932417903506e+00 -1.475899643752697221e+00 2.648189680128898882e+00
-2.884270102453757367e+00 -2.246161731128766270e+00 1.737842575071715023e+00
-3.935495756873564677e+00 2.789752261140469258e+00 -3.730190343507258977e+00
8.294727602573849223e-01 -7.710268946526523948e-01 -4.064952489750440101e+00
-1.594678513803685638e+00 -1.740692285241037363e+00 2.874522256265730658e+00
-2.730250377534552353e+00 -5.935089219515825576e-01 -3.129750100875727248e-01
2.487410953350151388e+00 2.217493596288488966e+00 -2.113270851329301647e-01
1.985978618697943121e+00 -2.252681659037807815e+00 3.728773147916363051e+00
-2.347103293803789015e+00 4.067462314342495250e-02 -2.052615399370649296e+00
-2.012560828814197844e+00 -2.961866939219021333e+00 -1.780388972582883200e+00
1.257772126403471802e+00 -6.625256775275520926e-01 3.096451496731456032e+00
-3.274370858286273389e+00 1.707927776479301718e+00 8.990781669811138688e-01
1.096720513524445995e+00 -2.272504013494205111e-01 8.104555855993479385e-01
-1.051532869610336096e+00 3.092017588522797400e+00 -3.374665120041040467e+00
-1.351679365073049421e+00 2.856331721413079894e+00 1.677887393664066806e+00
-7.201087302652509070e-01 -9.318566182324024005e-01 3.849922158848061660e+00
-3.553923000829243839e-01 2.935616854087363059e+00 2.534705766251036607e+00
-2.650889704959725979e+00 -4.044879079725054005e+00 2.537548490171381399e+00
1.502543164792694119e+00 3.719352856204752200e+00 2.527327420028190996e+00
-2.621519693944293738e+00 9.210351969055326216e-02 -1.182576806882401854e+00
2.790546000833865614e-01 3.634810169747693553e+00 -3.184493038280814758e+00
-3.621125344103244270e+00 -4.060633228549213491e+00 2.882784446679452994e+00
2.346773654458285563e+00 2.804612151123823782e+00 -2.914101960977425243e+00
2.973265775974413661e+00 1.300589605455185316e+00 3.251525201777710095e+00
-4.347631191449190524e-01 -4.015481738733928552e+00 4.048763106016562419e-01
-9.391117053507587187e-01 9.563748982983287794e-01 -8.367771371465853036e-01
6.105466887257041675e-01 -6.145315055073210520e-01 -1.268522723551224751e-01
3.096432025357919393e+00 2.330781888275279545e-01 1.233804218603922420e+00
5.847344645784421924e-02 3.977390419389864817e+00 -4.866004547028731642e-01
1.824355111425827181e+00 -2.684513676447783048e+00 2.759238910649062682e+00
-2.475171892757977998e-01 -4.713444492120235085e-01 1.337561185035479383e+00
3.196671801135388513e+00 -2.524543801086676531e+00 -2.539129088192994210e+00
3.715967773331103174e+00 3.855950239997549378e+00 2.489187949831626057e+00
3.358460108432792524e+00 2.535597187996423418e+00 -9.306831205048549105e-01
4.487815453418314560e-01 1.025403581237899431e+00 1.224075143832826229e-01
-2.930246131885250183e-01 3.584271212409970264e+00 -2.004701294352019492e+00
1.145519523612170965e-01 1.425185576564126089e-01 2.889913552882417136e+00
-2.106183249142899339e+00 3.778173689963439053e+00 3.490910135503346279e+00
6.829163283716992439e-01 1.384858926362942722e+00 -3.541576094823229326e+00
1.018258885785019663e+00 -5.792374998189775415e-01 -3.081848405402773494e+00
1.604616407023865765e+00 -1.675721647021755079e+00 -9.538382153012064935e-02
3.121550111433655683e+00 2.368600936236231913e+00 -1.921656710851075589e+00
-1.872509860978306628e+00 -2.356502723447200243e+00 1.342154038715976716e+00
1.664704710083488859e+00 1.267900426069918707e+00 -3.470315946004183250e+00
4.103809748882373931e+00 7.319656906440898947e-01 -2.932307247771154479e+00
-8.185020380157299602e-01 -1.071329480579966464e+00 7.955685632844180510e-01
1.550587465848682234e+00 -3.131669677765330562e+00 3.867563205152839245e+00
6.176457261162633383e-01 1.575437992946429278e+00 -7.089192628532782203e-01
4.615622381716395495e-01 -1.144141214899949688e+00 1.225666410309310894e+00
-9.682410005858890223e-01 2.076715618523517382e+00 1.256288421678076306e+00
-3.386035970621805280e+00 3.948276180856705952e+00 -1.417623784639281181e+00
1.596698207683400428e+00 1.838078682172969436e-01 -1.322933116710956147e+00
3.432386424939231517e+00 -2.630116764647037808e+00 2.527232306148838870e+00
2.185973545146660424e+00 3.994431461957896445e+00 -1.698611643820289396e+00
-7.040784362813642394e-01 4.098739443770068824e+00 3.527671079485915406e+00
2.297766214221184100e+00 3.751792547294130475e+00 -6.356479855112218136e-01
-1.506145128914503584e+00 -5.793000383941727671e-01 -2.164822395676705202e+00
-1.051451283580451479e+00 -2.923566129859628049e+00 3.916416506393841090e-01
1.615705345690261474e+00 1.989211910306279307e+00 -6.882830868660736456e-01
1.899948444912623879e-01 -3.744293394331678737e+00 1.703612498666989383e+00
2.586478816115712620e-01 -2.330149610039566888e-01 -1.300528231565784676e+00
3.810423300410874958e+00 -4.014219975747352898e+00 -2.432267567076324077e+00
-2.497732800985800861e+00 1.626310040271131019e+00 -2.838788457144356236e+00
3.146319850520589601e+00 -3.984626543982648261e+00 -1.622188936552114269e+00
4.619700389945014529e-01 -3.958513299647952621e+00 -1.554664191012134156e+00
2.301929767618210221e+00 -1.111314550086865971e+00 3.578736742606898780e+00
-1.460126584457723364e+00 -1.801116866037481667e+00 -2.165135595851290340e+00
1.954554248039575004e+00 1.323615935942967781e+00 3.130509347699713008e+00
-2.161347647008203587e+00 6.400976162394286240e-01 1.120541682029173813e+00
2.129943798893434881e+00 -2.308133432984597277e+00 -2.606435152244339637e+00
2.655855861712974164e+00 -2.572143499934168798e+00 -3.681557490336457295e-01
2.297736660609293491e+00 -2.967108470148988042e-02 1.415468349111386193e-01
-3.271840537600167576e+00 2.537399651234742759e+00 -3.084873261351099849e+00
-2.266841922255052655e+00 -1.079645402354617145e+00 -1.362981943868641688e+00
-2.711706921052680741e+00 -6.920736805579652540e-01 1.640481326643251636e+00
-2.143335967178194412e+00 -2.458133318693799474e+00 -2.754700148439461760e+00
-6.010058826243932506e-01 -1.661677332659991624e+00 1.674923144501434091e+00
-2.969873443822857784e+00 -7.493863773677349460e-01 -2.464650102638095586e+00
4.008007613242677181e+00 -3.806830970936745384e-01 3.789229114504406581e+00
1.913140453521757101e+00 -8.860878920569693618e-01 -1.739507157052044395e+00
-2.005217592478627520e+00 3.532353746831669472e+00 2.158410247553823602e+00
2.638891245699743204e-01 2.605282520409911484e+00 -3.624507142428309847e-01
1.497459298131709859e+00 2.641601940702155371e+00 3.585804905957117317e+00
1.114532536880044944e+00 8.748370301967933749e-01 2.694928819923235075e+00
-9.739511896794142420e-02 -1.663374680346640266e+00 2.825477254665429427e+00
2.933005614612856693e+00 -7.296986174483991450e-01 -2.023403829441240198e+00
-1.003769315508117099e+00 1.538163110374712178e-02 -3.800459349772538520e+00
-2.861820809808925059e+00 -8.341547105553550612e-01 3.275703691789914718e+00
-2.345714918172268071e+00 8.065592704019349801e-01 -3.245555686327453948e+00
4.010062534790212463e-01 3.908898792864909488e+00 7.819877324433922583e-01
6.670706058778200775e-01 2.207713532147373314e+00 -2.819600800623315529e+00
1.540898523277309251e-01 9.667942760407269853e-01 3.420530259940461448e+00
2.129186139680927070e+00 -6.317556787329523527e-01 -2.777859473970457849e+00
1.402448827909491103e+00 3.109347658780091672e-01 3.551109626981154843e+00
-3.713204489656365404e+00 -2.763686701799171530e+00 4.103171970914369027e+00
2.517302208302484301e-01 -2.076283337493319170e+00 1.436384131804204545e+00
2.143752889523851124e-01 -7.956438755648025385e-01 3.250925453521782860e+00
2.723982489755886860e+00 -1.756762702958773570e+00 -2.026016544871809710e+00
1.625395824840674130e+00 2.867710964019923203e+00 1.656199956544337715e+00
1.245074600191419245e+00 -2.741922805858519885e-01 -2.142422993100681072e+00
-1.143990339854795035e+00 3.741211332511088283e+00 2.524137102800300347e+00
-3.896736141033476208e+00 -3.247093142923613840e+00 -2.159015354489621785e-01
1.819407067429275937e+00 -2.938801519524204542e-01 -3.759346258798915041e+00
-1.980136784992896137e+00 8.469534274442608313e-01 3.955190771887339363e+00
-3.389506999544464438e+00 -1.246654292791122609e+00 2.435970455577338711e+00
3.119244231796963085e+00 -3.963347189019875927e+00 -3.060846516887951729e+00
-4.136688554008777219e-01 2.582646428474336009e+00 4.976500429862367181e-01
2.607794301597643472e+00 3.727641543532242530e+00 -4.063869069444856486e+00
1.753388844350902254e+00 -1.242789291916720273e+00 -3.642565261979443747e+00
1.971507920764182131e+00 -9.889385728387205532e-01 1.641957883977432697e+00
7.713095350497145564e-01 -2.550223773637225744e+00 -6.329647660768692452e-01
1.466973424512420243e-01 -1.593025452955322274e+00 3.824342962720593153e+00
-1.991256138548680887e+00 -1.091847270665413872e+00 -2.898238024481101682e+00
-1.978679189460491150e+00 -3.449119527208084346e+00 3.298388488020653764e+00
-4.058608279162144505e+00 1.639384300711871356e+00 1.532455053607820750e+00
-4.349575662099386952e-01 -2.935953923090971251e+00 -8.239001397593676002e-01
-5.542168802232890767e-01 3.511004081225339579e+00 1.199145104005540308e+00
-3.113570808068835127e+00 -3.021343401021316932e+00 3.357280678382714711e+00
3.839173772459471001e-01 -3.270688617330601122e+00 9.628157687532528097e-01
1.354664652421465831e+00 3.532654178326814165e+00 -1.313932268515777269e+00
6.654011347226723716e-01 -2.799826594028087534e+00 1.918425672240949620e+00
4.014363545974973246e-01 7.531504010337963795e-02 3.824668285415356639e+00
2.846662739039731438e+00 -2.061103071482411675e+00 3.484600762841769228e+00
2.042582777804307081e-01 5.621188634083931768e-02 5.239788289294031731e-01
-3.944139669810345250e+00 5.686743458795127104e-01 3.239549199963848825e+00
-1.089360152850812336e-01 2.479006192727776892e+00 -2.307323807967899043e+00
6.999088051135748945e-01 -2.324479384143896432e+00 -2.422701920844648527e+00
3.783907327358780881e-01 3.269826721980642059e+00 -1.163728687215481727e+00
1.442459432975979672e+00 1.224099049776399717e+00 -1.238375327319260810e+00
-3.840698152434522505e+00 3.645476029708545340e+00 3.697666028603202371e+00
2.564426654582983023e-01 3.300734250508525758e+00 1.897422521418772545e+00
-3.845620648430588151e+00 -2.244494767901986876e+00 -1.663513515450079083e+00
1.168766232436071695e+00 1.207477648603165976e+00 3.745796859778004695e+00
-1.247527211645231615e+00 -1.369904251260270156e+00 -1.342110627097536923e+00
1.431449588221868741e+00 4.086363129329603439e+00 -3.358764347985082832e+00
3.198080677428949858e+00 1.375109658417974279e+00 1.180768903590591279e+00
-3.579562501103875416e+00 -4.375863259095156832e-01 -5.804461985400577451e-01
-7.545846131736566598e-01 -2.324006246317147362e+00 2.528078645807990021e+00
-4.096356050118812320e+00 -3.645330082212103751e+00 8.867312437894988575e-01
-2.216131765837300538e+00 2.657929415728978118e+00 -3.380356911944153886e+00
1.465090994765530397e+00 -2.591387228055651026e-01 2.095046892734687027e+00
-2.800863114813132437e+00 -4.037022442467113059e+00 1.031088913462177903e+00
-1.068007016783789842e+00 -2.354181019626920612e+00 -2.916483516249052332e+00
2.303917377645069653e+00 2.704540422744552863e+00 9.167971553611725666e-01
9.272052629270900459e-01 -3.822979113905128568e+00 2.052563048411363417e-02
2.740553381750567841e+00 3.254137110590243687e+00 -2.081076832298615287e+00
-3.764589296373249017e+00 -1.211852976580937158e+00 4.314651189489014382e-01
1.329060590093502914e-01 -3.389850378098711925e+00 3.211302593470868327e+00
-3.272632240694929973e+00 -1.967691796906262169e+00 3.542616746706122477e+00
-3.311450838516509343e+00 1.949890315519549944e+00 -1.160618536352818975e+00
2.229392249510193658e+00 -2.255255105860104248e+00 5.843658777236301338e-01
2.555544882237308801e+00 -2.215456058345302903e+00 2.288296251238945977e+00
1.180258410350828457e+00 -3.479560062133446596e+00 3.063061290041717566e+00
-3.336336826454068927e+00 -2.442122300556189618e+00 1.874404602616176196e-01
8.551415814042954977e-02 -3.173778529756586586e+00 4.243236673316172491e-02
-1.598845087694446443e+00 -1.622033968551279237e+00 1.928927725003703131e+00
3.949424863711463729e+00 -1.236046439171288647e+00 -3.545236478618645659e+00
-3.897298918914113841e+00 -1.450540757813735260e+00 -5.335710030453785224e-01
8.484170104708975702e-01 1.577676996676247612e+00 -2.081321417976412125e+00
3.936801505581972727e+00 3.778067374957594371e+00 -3.423304928712431749e+00
-3.323986060778501450e+00 1.073237588055132141e+00 2.665561824661747625e+00
-3.510291053611254153e+00 -1.258591832319304826e+00 -3.021012895030283030e+00
-1.999010924790008970e+00 -6.696529624406042380e-01 2.442757570283438096e+00
3.102836068383662216e+00 3.276942365473664243e+00 9.909187805658522530e-01
-1.720470373234544104e+00 3.319674054563602983e+00 -2.395222492812854931e+00
3.270357301519596582e+00 2.645866727992640111e-01 2.655447613859672540e+00
-2.180817529927163267e+00 1.899760954373394206e+00 1.212683277140317983e+00
3.281409821131701765e+00 3.497085504670795153e+00 -6.353014947055838357e-01
1.254511423393606107e+00 1.676294992709264742e+00 8.354613677502722990e-02
2.253848837117043757e+00 3.504518758380438248e-01 2.519801257494749258e+00
-2.348816146408752470e+00 -2.210299647892960628e+00 3.291037587162497502e+00
-3.534184390442086876e+00 -4.042191508235147168e+00 -2.896898239689786436e+00
-3.610407246144399229e-01 -2.144627536399263068e+00 2.533532338505732895e-01
-3.760327458961223307e-02 1.418824471216934224e+00 9.240366878280517060e-01
1.762991219663913589e-01 -1.427994189712762374e+00 -3.320310216748161292e+00
1.943632767545279805e+00 -1.553535299982559348e+00 2.755599678032166544e+00
-3.911744849058111040e+00 3.502221872086466625e+00 8.761600661546159463e-01
8.245159177017225699e-03 3.116370236185240783e-01 -4.572446017413235309e-01
-1.098949088798624407e+00 -1.647651912269562757e+00 -3.613184823961087311e+00
-1.185942105411676550e+00 3.640988215755327495e+00 -1.275862147728416440e+00
-3.049745141404317739e+00 6.300095109454271203e-01 -2.444722562244758368e+00
-2.905742755185516835e+00 -3.921982394355912671e+00 3.657043232839307212e+00
-1.677623134182109288e+00 7.254401341389074553e-02 3.258400245297533804e+00
2.788953270991781697e+00 -2.616032104383023138e-01 -3.770573235765073417e+00
1.281483998950229797e+00 1.192431512826791273e+00 1.009501168867140475e+00
-1.437171785969789450e+00 2.296518539953241511e+00 -2.761749967574070652e+00
-2.714785281787540860e+00 2.652359539090238805e+00 4.843369759350860115e-01
-1.048446880043345519e+00 3.040156513906406843e+00 3.309285200432393825e+00
-1.630476665408965742e+00 1.608864213099864493e+00 -3.451609915073493351e+00
-3.524245464951814011e+00 -4.069644379572728177e+00 2.471051868850466515e-01
-1.735573029173560711e+00 3.739105547276996067e+00 -1.997423695206337058e-01
3.978526190128013784e+00 1.745612193233059051e+00 -3.471585606704731042e+00
-2.620217690478925832e+00 -2.976329172142603507e+00 2.572645870489287390e+00
-2.416839902409001706e+00 -2.445545542420568985e+00 -9.078576211110299388e-02
8.477859717708716158e-02 -4.089158844629761091e+00 4.058378071648394148e+00
3.296705474971364791e-02 -2.535680034019892393e+00 3.964368374699942077e+00
-1.835175285751722729e+00 -1.429406976901559934e-01 -3.049520424635472793e+00
5.054429188728054578e-01 -1.696389193314095989e+00 5.703111342338135908e-02
-2.921410750506278742e+00 -2.469026450312319376e+00 -1.979640394019572147e+00
2.297169882889705139e+00 1.893584458803119874e+00 -1.402427588442707984e+00
-1.014935575300815795e+00 -2.302120077570603218e+00 -1.347551219243255494e+00
3.758507732473846286e+00 3.118914890364579584e+00 1.730482870096792247e+00
1.580431565153309181e+00 -2.903979249941136764e+00 1.598712497591443238e-01
3.939964641531173761e+00 -3.147052995926234775e+00 1.785632615602968931e+00
3.617182909414972336e+00 4.044007578291288318e+00 1.555451625618347267e+00
-3.573089407582244359e+00 -1.850975308269884545e+00 -3.758985354839639470e+00
-8.058110972699210617e-01 -1.273558954515455088e+00 -2.146524891395023560e-01
1.447497046938059917e+00 1.881075456281341429e+00 2.473314525065832825e+00
9.265710451168887030e-01 -1.541601632120199961e+00 3.069836805068133501e+00
5.796944782858054479e-01 5.656879155024455708e-01 1.295641650300333847e+00
4.020638891727398523e+00 -5.781927971554285950e-01 2.735352565944958680e+00
2.311387977567676444e+00 3.879433603530348940e+00 -2.811335631470055940e+00
-1.205477150181746504e+00 -2.252599711878138677e+00 -4.195149555005449615e-01
-1.470038832997340839e+00 1.657228144392116853e+00 3.682043266591926489e+00
-2.271483900437154535e+00 -1.111035576044301643e-01 -4.004578985338790531e+00
3.670452991747211069e+00 -1.642711452930957883e+00 8.143091877416130941e-01
7.921172248370514923e-01 2.961075861987912283e+00 2.690481048755272386e+00
-2.164663445086758564e+00 1.774493034877121511e+00 -9.960887041167293399e-01
-2.483240240997433901e+00 3.663681120451320439e+00 -3.245856148614288728e+00
4.105072316694427847e+00 6.900466167573507947e-01 1.479922033550088445e+00
3.838814097217976506e+00 -4.621472579769045907e-01 1.096722731629821812e+00
-3.863094445424676837e-01 -3.009341431867208705e+00 2.026784103406487070e+00
1.216237647671370325e+00 2.786229772246919811e-01 -1.692918264841901665e-01
7.572462440184200005e-01 3.702444386134748910e+00 3.316494671670028538e+00
2.083757729321092711e+00 -3.710762677891167982e+00 -3.878249287768670062e+00
-1.513177062261846784e+00 2.630555223151210598e+00 -1.463682149132454535e+00
1.771154497575101239e+00 2.918422892129792334e+00 -2.135627165036385833e+00
-2.920027759336289996e+00 3.097917378463604376e-01 3.247528725609121203e+00
2.435964354682324196e+00 -6.161362120986723090e-01 2.685315966662089160e+00
1.568728830051489220e+00 2.253166548664983004e+00 -3.128911483332849741e+00
1.792980537599742297e+00 -2.706971779400103362e+00 -9.340793294358671339e-01
-3.260366813716677470e+00 -1.382655357871289903e+00 -1.169646676286913101e+00
1.786758990955964466e-01 2.478334328705101175e+00 3.225467272947470931e+00
8.069976671585398220e-01 3.324824164988395836e+00 -3.914256476181812161e+00
1.170043454212549294e+00 -1.513491442363148476e+00 -2.728811492589053422e+00
-2.910271591834496352e+00 -2.323307704103486415e+00 -9.420121853251122168e-01
-4.034455380693446003e+00 -3.540056354622600931e+00 3.531090818701168921e+00
2.284535368549099055e-01 -2.581188562405450693e+00 2.685297306104386994e+00
1.643067984077726251e+00 -2.417134406085910125e+00 1.429117067457994938e+00
1.493592495574405765e+00 2.102101486985031187e+00 1.220432323939873109e+00
2.648790973612175303e+00 -2.203112628661633376e+00 -3.462800499808119881e+00
-3.091850197502518771e+00 -3.364211286387600808e+00 -1.272102772896934075e+00
3.135869781086430219e+00 -2.516948627003818828e+00 -1.594999655570606523e+00
3.730652649259952103e+00 -1.691253750453056703e+00 -2.282186710294936915e+00
3.487007320777621544e+00 -3.126907388325383508e+00 -9.723786854120082257e-01
3.084510778822540100e+00 -3.497714462327369045e+00 2.068628518200616995e+00
1.902955259025687962e+00 3.453011503921346592e-01 1.164212803702459498e+00
-9.646075268065297248e-01 1.910750198490553386e-01 -2.235234155184564475e-01
-2.383976971330136863e+00 -1.554804247708625242e+00 1.317750187115187765e+00
-1.035164613431900082e-01 3.872412338055724934e+00 2.793919931467971463e+00
2.480652926276766479e+00 2.741817441474591277e+00 4.050562293071936715e+00
2.289329236845265125e+00 -3.474132371489816240e+00 3.193643612258069808e+00
2.389409433568240537e+00 -3.156475024817434250e+00 -2.976323738490874504e+00
1.548207604275967819e+00 -2.225524843344015569e+00 -1.838417606523392145e+00
-1.026621946663385909e+00 1.250612234607438422e+00 7.228544711988715843e-01
-1.730639843975973813e+00 -1.954985274668535222e+00 3.674724128510079568e-01
-4.296660316047796191e-01 4.862790032772221216e-01 1.257654086975270369e+00
-2.875359975329931483e+00 2.275752205483618340e+00 1.685407880710004136e+00
-1.496448150803243449e-01 -5.033456992719788081e-01 -3.518125684403969000e+00
7.592649737521965925e-01 -2.520902537046721292e+00 4.603341254599006560e-01
3.772102729806584787e+00 -1.371047533038034283e+00 1.866007301829299525e+00
3.158922502460838055e-01 1.766334267170285299e+00 3.845120128166545914e+00
-5.306298861588455429e-01 -3.864054604492828116e+00 2.151703955191412554e+00
-3.491287647903266844e+00 3.654848244531983870e+00 1.858304193727812192e+00
-3.477278706004963138e-01 -1.736183300298537180e+00 -2.361878880137071590e+00
5.247763423500085844e-01 2.152617796066580880e+00 4.280522737521154086e-01
-1.616201208276850654e+00 3.602449431309538319e+00 -3.914122404400086630e+00
4.088492770156356038e+00 -4.097793684819888149e+00 -5.783281484803746153e-01
-1.027657176750343293e+00 -2.025936536439281177e+00 1.011872246411513965e+00
7.458191569141047195e-01 -1.659614968596577755e+00 -1.160364055739668832e+00
3.768340068108409824e+00 -2.330799676656977848e+00 1.010237184678157152e-01
1.815732104367426381e+00 -8.781492380055101465e-01 6.408677648071963162e-01
6.861643439953588608e-01 6.497374931237315243e-01 -1.804197343732494074e+00
-2.230439028236711252e+00 -4.013752330755668396e+00 -2.124555893097449299e+00
2.828556621922830860e+00 1.063727053293295643e+00 1.972459298965256291e+00
-6.116974433371273889e-01 1.541926553253187560e-01 3.548846770421342889e+00
-1.993781104486910483e+00 2.776157562676721202e+00 3.636086198341085485e+00
-3.930074201651649890e+00 2.521530976334911855e+00 1.196218579975139029e+00
3.970206666164657783e+00 3.007988176629548871e+00 -2.606180255169646909e+00
3.083514001917986858e-01 -1.034750968997401738e-01 1.999313791389777606e+00
2.307409096391385361e+00 1.785399959854820473e+00 7.551096972273716457e-01
-2.190507528532995352e+00 3.592724743410039334e+00 -1.123821495816065275e+00
3.788511561358591795e+00 3.182149867625757578e-01 -2.961915088536714036e-01
-1.902369233594790598e+00 3.198805885817989303e+00 9.727033094649802925e-01
2.961180835084386231e+00 1.188793010263689665e+00 -3.058069030491735063e+00
-4.045827651879171150e+00 -3.445260945465824953e+00 -1.586888216710593769e+00
-3.219878473961231613e+00 3.284637949336703944e+00 -1.637946037911328645e-01
-3.626046287144168434e-01 1.357878391321577505e+00 2.798609102145257044e+00
-2.877998081674016273e+00 3.235959923537391703e+00 1.280912812507939647e+00
-1.682425130911067157e+00 2.663532843003336703e-01 2.009036797520234785e+00
3.031775876688939775e+00 -3.202258415931608315e+00 7.025932211615197875e-01
1.121149803150626179e+00 3.207908631600736360e+00 -2.829265305850900969e+00
2.277114202648609087e+00 2.056036968957886568e+00 1.886919215113629145e+00
-2.347910308846811400e+00 1.946575590363509134e+00 4.013979024469799484e+00
3.233594760912340327e+00 1.314419862414910600e+00 -3.998303724466552023e+00
-4.036669947977292061e+00 2.646041238447593980e+00 3.504653567274301551e+00
2.521125754535731733e+00 1.394517326597950468e-01 -1.949723094364348652e+00
-4.010393464185097123e+00 -1.402932807796229531e+00 3.668984032704335263e+00
-1.976702577375171188e+00 -1.002096819860396559e+00 4.768638384222417814e-01
3.311199408026832991e+00 -3.008404113089179877e+00 -3.355306558609877587e+00
3.349227825430248551e+00 2.150687049148308105e+00 1.748016678038454286e+00
-8.577069223943817322e-01 -6.789239779980905665e-01 -2.900407374229116542e+00
-2.883939749342177894e+00 3.098573899952953070e+00 2.639268208789069536e+00
1.543463033945568386e+00 -3.276109674023226503e+00 2.007297104325334480e+00
1.104481696842306848e-01 1.216605388568378077e+00 -2.615385324478471496e+00
-3.344020080782140525e+00 7.082417345070091130e-02 1.368702809819920985e+00
4.007815692951973041e+00 -1.786512433483929296e+00 2.805653410549339366e+00
-1.780262703806303692e+00 -9.664453288975070055e-01 3.336967640924601852e+00
1.479304779237948786e+00 3.898452902880251258e+00 3.822585823395808990e+00
-2.344080280237558433e+00 1.368496391024354164e+00 3.087594531761216121e+00
3.297854280961340034e+00 2.087010544380086596e+00 -2.913903953853376638e+00
1.804030226368259493e+00 1.001046781859890489e+00 1.968336905510201573e+00
-2.641248424982965748e+00 2.645562813128282009e+00 -1.176099745473109026e+00
1.261624375085685035e+00 2.339634570705193983e+00 -1.636390839723905088e+00
3.396545009774262436e+00 2.632142030818136469e+00 1.852673002214942355e-01
2.995001984696268327e+00 -2.368321975914732480e+00 1.268262856338256084e+00
-3.551998282568790355e+00 1.599726459256025857e+00 -2.817611060811681334e+00
-7.698914658681401679e-01 3.109001676587703322e+00 -3.594573226537832733e-01
-1.140521789875270198e+00 2.312265787197555600e+00 2.583922049120927600e+00
-5.477657584606105967e-01 -3.774063294996970352e+00 -1.515762976893808345e+00
-6.458488936333891539e-01 2.124655636740832687e+00 3.397958673738739499e+00
4.498853659757234280e-01 1.936998238678750983e+00 2.435538688923819972e+00
3.731902583187904909e+00 1.358831173155664818e+00 2.558568908783585005e+00
2.919673082928120333e+00 8.865152239344022966e-01 -2.275261134554586451e-01
3.300673439604882020e+00 -3.528398933300744833e+00 3.023257273084542618e+00
-3.181157371042423243e+00 1.999202173601720922e+00 3.264841556081186980e+00
-2.830013638883027927e+00 -1.564750474258814972e+00 1.769383941914035585e-01
-3.448354141072283330e+00 -1.926436235707017719e+00 9.968055402702326040e-01
-2.676497554256844769e+00 -2.209184982339330861e-01 6.487892501316232519e-01
-3.792750691827930787e+00 -2.457219796921562338e+00 -6.847926230175058748e-01
5.514521162523678965e-01 -3.745904620303806443e+00 -3.315198575018825533e+00
-9.755702834213529906e-01 5.384888150726362399e-01 2.625678532513659569e+00
-2.693877874247208037e+00 2.111836686349793379e-01 2.242019004000234350e+00
-1.035111096271721820e+00 -3.023796721315177294e+00 -2.081774562394271388e+00
-1.047573823854946601e-01 1.284208748737612149e+00 -1.492999679570997662e+00
-2.288189630386867179e+00 -1.455892597973893032e+00 4.022716397620840212e+00
-3.424609593738216162e+00 -3.515688063186185985e+00 2.092199340740761304e+00
-1.099374612494868453e+00 2.304246090669187730e+00 -3.946461342283141160e+00
-1.319163973491198849e+00 2.014441767001672989e+00 -4.015899794399896416e-01
1.778650148772307427e+00 -3.623371220029120376e+00 -2.314367576312502450e+00
-2.989583745982774321e+00 1.026634660196048765e+00 3.996278075243586692e+00
3.349478319167681573e+00 4.059614161653819053e+00 4.616547492851509338e-01
7.772517944180848959e-01 -3.904273311728703622e+00 2.363673825307595511e+00
1.996353989830380593e+00 9.388438136931801514e-01 2.101937266248628533e-01
-1.625158894937047682e+00 -7.495042046659737833e-01 -3.785370884734944319e+00
1.250145816941540255e+00 -3.091490260144758917e+00 -2.920784202001333707e+00
-1.973811709501356981e+00 1.360903936520397595e-01 4.693637632345445260e-02
1.168148227926267824e+00 -3.626732453945813894e+00 1.150980454589720203e+00
3.363180399982565127e+00 3.527203242403404437e-01 3.800344388158728659e+00
-2.142622152041258499e+00 2.061308670276330801e+00 2.303470662157729443e+00
-3.994673455882255197e+00 1.305384848323209779e+00 -1.988430054172762584e-01
1.822019505037818066e+00 3.241795651532827449e+00 -3.616214505599787188e+00
-3.429802450462980268e+00 -2.965637177287891557e+00 1.098433429436079800e+00
3.713336313332379568e+00 -9.924185778532791380e-01 -1.510071772914950872e+00
-3.216635369450543180e+00 2.250964419096133984e+00 -2.133858715504860282e+00
-1.183773472785712988e-01 1.962220249090099511e+00 -3.533631134697010623e+00
-2.813839111450496144e+00 1.226772382016714458e+00 1.790669472346238633e+00
1.126200926592684670e+00 -1.556864445325412571e+00 2.042739507593096970e+00
3.436901569287034164e+00 -3.896889873220144906e+00 4.040089655913857491e+00
-4.056243053899944329e+00 -2.554082023914783672e+00 -2.860271088304670695e+00
-3.059221863678096121e+00 -3.667656863103970988e+00 -3.577966928867994056e+00
8.679241567047603356e-02 -2.348775698994044703e+00 -1.633848808942667041e+00
-1.845917817636770319e+00 9.827172044004024443e-01 -2.210478959075611094e+00
2.438744059603377590e+00 2.484906824567578026e-02 3.448801185011545201e+00
1.038019195842120324e+00 -1.825897005641252013e+00 -4.101381691512625771e+00
-2.346778102313129999e+00 -2.954291776263415770e+00 7.869543640916956129e-01
-2.765581922349796606e+00 -2.731650711188551295e+00 -3.937834249572113254e+00
-1.867637611959662269e+00 -3.860026656673322121e-01 1.275689297382716303e+00
1.693131391322881374e+00 5.930824290679184152e-01 -2.588591789527799669e+00
1.982279475116214718e+00 -3.522357367761713043e+00 -4.150964942796233070e-01
-6.512098845010569903e-01 1.181873631100287980e+00 1.868954226736820878e+00
-1.763921001025907098e-01 3.161069686790604294e+00 3.954317800763822888e+00
-3.535910504912293195e+00 -1.413587628426182352e+00 -2.056696717644265870e+00
-2.902644458365058799e+00 -3.371600123237958879e+00 1.936352510009543559e-01
-1.620192757829737928e+00 1.285298391214487301e+00 1.660664423495484154e+00
-1.829388455239007616e+00 -3.532792132868521673e+00 1.374680279983464537e-01
-3.725398614728532287e+00 6.484002387575544812e-01 -1.073509998780531660e+00
-2.599743427508678373e+00 1.045929341018002612e+00 2.722787038970583273e-01
1.021842816964977807e+00 3.779744263576217955e-01 -3.559326208116023960e+00
2.628105272904933898e+00 1.179306634457794489e+00 -2.040901159551021138e+00
-1.422462336565261554e+00 1.363487998627755937e+00 2.675467618600838815e+00
-1.427911942917124977e+00 3.304222943957652592e-01 -1.578332148923210942e+00
-3.416014650386897777e+00 2.776382344899251675e-02 4.067626866961050247e+00
8.822620402585378274e-01 4.038620549589444053e+00 -2.440340361872365804e+00
-1.144685193737330797e+00 -6.884575198682528763e-01 1.768923485200518453e+00
3.089529963939117718e-01 1.105737761030169519e+00 2.046723736339743915e+00
3.738787838519655349e+00 -2.665919211153896295e+00 3.426676716249295040e+00
-6.814201704912288271e-01 7.634663752934707226e-01 -2.181895928552575636e+00
2.781136306558178450e+00 -1.469016945593542678e+00 -8.930859352345982272e-02
3.225964443486560196e+00 2.096342465296303359e-01 -2.782961870147533823e+00
-7.809045644295402600e-01 -2.031602678272856455e+00 3.669611046648806774e+00
-3.090859190128201650e+00 1.826272529347323426e+00 -8.362410276475339133e-02
-3.585315167812610060e+00 6.344343078014528237e-01 4.714658616995363594e-01
2.450912926099129585e+00 1.950831436705941613e+00 -3.546333267236673414e+00
8.734377077598960426e-01 2.309086266024329426e+00 -3.774818905953023052e+00
-1.200907395154144464e+00 -3.148683046236560923e+00 1.293143181114879248e+00
2.201074042403478703e+00 3.725427951821629335e+00 3.152018359533969694e+00
-3.618124448813090588e+00 2.031920284779860530e+00 2.332085387405838706e+00
-2.832476222561014723e+00 4.099163972647850152e+00 -6.085930992353788538e-01
-2.344221458452188517e-02 6.187493534077115331e-01 -3.384947607808269865e+00
-2.303470120218914730e+00 -3.305461877614955579e+00 -7.061680480364757040e-01
-3.006107334063765180e+00 3.035495610344730366e+00 3.986730560817028035e+00
-5.134546409577116499e-01 -6.762678918124344074e-01 -1.935364870444946428e+00
-3.662787624291016009e+00 2.680870320117062278e+00 3.313534044168809922e-01
-4.143072348819987760e-01 1.593334549423873980e+00 -1.940669059845151478e-01
3.227903062538520551e+00 2.637451492373489970e+00 3.281483090015543169e+00
-3.513545998994262565e+00 1.206072914281510533e+00 -1.835765264288763632e+00
3.099539477564643875e+00 -5.564530049214436724e-01 1.974765710336881197e+00
1.135962934147593195e+00 -1.743731104578908786e+00 8.960750585082687403e-01
2.923926893897763168e+00 -3.636434826780983176e+00 -3.603674597061045093e-01
3.817563126222079273e+00 -4.269281634408517156e-02 -3.509119727715834802e+00
-2.732832519100790947e+00 3.226206349539101570e+00 -1.913547068920729677e+00
1.123486683855517088e+00 3.647748338675179447e+00 1.488675110209127572e+00
3.549271140132561619e+00 3.276133745115064944e+00 4.067739300552440262e+00
-1.749529063367637027e+00 -2.528241118602808646e-01 -8.911787454609382264e-01
1.044372449066832687e+00 -2.446151198397516602e+00 3.288392036286120756e+00
-9.140242518898409330e-01 1.942785930831647301e+00 -1.863300353444964585e+00
3.704875113500222028e+00 -2.224860995083396187e+00 -3.833212555515359110e+00
3.961524540164518715e+00 3.149504515109954328e-01 -1.953146598262566869e+00
2.323877407966727482e+00 -3.002880924129761819e+00 -1.798379186982774103e+00
2.196136212146676758e+00 -3.872501435423285177e+00 2.234676132231002033e+00
3.157507849121932608e+00 -5.443653602220206444e-01 4.263675330779905792e-01
-3.097153755407362485e+00 -2.798358133601858366e+00 -2.990780450386813172e+00
2.461445562406161802e-01 -4.538931538120909437e-01 -2.528993450781581220e+00
-1.954650787094559972e+00 -2.217191674530265555e+00 -1.012734030716650135e+00
-6.822216481078094974e-01 -5.811361075546090937e-01 -8.719060792706134766e-01
-9.074721965232480647e-01 -3.262709913672679818e+00 3.017817485864676463e+00
1.912550874815627688e+00 1.686672809309730736e+00 -2.393431256024951992e+00
-1.357380912169094067e+00 4.058217134198298659e+00 7.882927793856108201e-01
-1.717833162236515721e+00 2.770988034624194629e+00 4.521758471755824710e-02
2.063734991575990829e+00 3.763918538817338622e+00 1.196291287189211960e+00
-1.254571955939894901e+00 2.292642343741581878e-01 7.103766171245579075e-01
2.679719196518478785e+00 -3.087922443267540284e+00 -4.100034355981630796e+00
-4.017827835393710245e+00 2.185887141379913245e+00 -4.458318539267076552e-01
-2.020812242260721536e+00 -3.685523809274593443e+00 -3.944536679331291928e+00
-1.661394321967506249e+00 -3.771342980152488700e+00 -1.296374200068526106e+00
1.250277207530173351e+00 3.327432359124639749e+00 -2.690666307830844040e-01
1.750442593474442976e+00 2.781272916485753921e+00 2.680051491552171150e+00
-4.559265550602449868e-01 -3.010338766351309925e+00 -3.497125191481432527e+00
-1.855739879796959979e+00 -1.355043767609972916e+00 -4.766672052037624896e-01
-1.629952672823636317e-01 2.850656107099884817e+00 -3.312122123085149639e+00
-3.813090174323395587e+00 2.990124775874730911e+00 -9.593859201215009236e-01
1.628609061624795906e+00 -2.491322329265842406e+00 -3.582575064163594281e+00
-3.168491799604921333e+00 3.393711945225623250e+00 -2.646710862368234718e+00
3.058909902078986498e+00 -1.416521877850905664e+00 -3.922609828467262805e+00
-3.217373517761717316e+00 -3.398803503035720652e+00 -2.176849975791766312e+00
-1.772024426626112703e+00 -3.823417855961261491e+00 1.655535677733975364e+00
-2.712634181444735670e+00 -1.820247182006972331e+00 -3.294693844089573442e+00
-3.916760793214762448e-01 -2.694586217423609487e+00 1.060895833368672658e+00
-4.065292361143407973e+00 -3.497856024935169117e+00 -3.513519464998057895e+00
-3.880900944058711666e-01 -3.730200780134373506e+00 -2.615152493096181363e+00
3.114748659513249862e+00 3.659698070919232826e+00 3.219434889740327321e+00
2.338806570964179876e+00 3.427926692300213851e+00 2.062755188430058340e+00
-4.012178856868554355e+00 9.634736648643540402e-01 -4.035848507518449146e+00
