8.220706914434900980e+00   8.220706914434900980e+00   8.220706914434900980e+00
500
3.622091443424628743e+00 1.506312834237574894e+00 -1.118390988092634819e+00
-2.075702712389648763e+00 1.804012443019545664e+00 2.337152270899305051e-01
-1.591031939755248592e+00 -2.839091580894537614e+00 2.347075365778493072e+00
-2.205954477965143823e-01 -8.022905219160084700e-01 2.288975518275241150e+00
-1.552781447484934629e+00 -3.348884750359423457e+00 -3.047308350001899591e+00
3.436752603226663538e+00 -1.823062132128391077e+00 -7.407835089970852271e-01
3.700510375414303166e+00 3.460124488908734364e+00 -1.498540253346607010e+00
7.755406175635377597e-01 -3.348899497283869930e+00 4.052961424746952979e+00
3.375733294013568919e+00 2.373564782376692328e+00 -3.936568220448898980e+00
3.832605893567486710e+00 1.657962434522884276e+00 3.419131827120355904e+00
-4.770342832051728821e-01 2.278088090719347036e+00 -1.078645645286905763e+00
2.529126632592354262e+00 2.103520587248004947e+00 2.794968738026033961e+00
-1.507826914090318049e-01 -1.728923558198633526e+00 -8.344666421083687391e-01
1.586227955901646558e+00 2.575285652215982157e+00 3.020798964285857924e-01
-3.342812063634290176e+00 1.988646247116185428e+00 -3.957759508254130143e+00
-9.871721288708864561e-01 -3.707076044918564683e+00 -5.584535430930868127e-01
3.410549978785434311e-01 2.261667391454146525e+00 1.444575421220798850e+00
-3.948341411471652851e+00 -2.203645801906204849e+00 1.849137404725415212e+00
3.077055924911600737e+00 -1.095252745572603326e+00 -2.905595428524015311e+00
-2.627846688673853404e+00 -3.299801178915912292e+00 1.553747364550749355e+00
2.153549298359509034e+00 2.915656289888700847e+00 -1.149123573279021482e+00
-3.527231121750588283e+00 -1.102589985590541888e+00 1.533857293603335226e+00
4.109610021054396212e-01 2.300460637459837976e+00 -1.579976199238652512e+00
-4.060931878154249830e+00 3.058681404583500907e+00 2.575040442473145230e+00
3.063952030266177573e+00 2.901013384474408596e+00 2.438161433175094039e+00
-1.440196318205523074e+00 -2.729387820733152559e+00 -3.875953486486795274e+00
3.859810344392989201e+00 1.547803281699692279e+00 -2.269732252133607187e+00
2.223771419398576032e+00 8.183605295732099272e-01 3.991066290623620283e+00
-1.870916721722532872e+00 6.300482619162955933e-01 -6.531823202826558816e-01
3.369480706264449954e-01 -2.616885492018691917e+00 -3.180091265661888489e+00
-2.414067209600469166e+00 -1.666317946473880429e+00 -2.025975000922272784e+00
3.945536021750895905e+00 1.815541875944209682e+00 5.741198855980477189e-01
3.022320232380203642e+00 6.391780407136515851e-01 -1.118828480216878418e+00
-2.155244165870202622e+00 1.806276301911179383e+00 -1.789220637869064046e+00
3.247650306800185849e+00 -8.028903219929522939e-01 3.606185497618320746e+00
-3.148224967688318721e+00 -8.780590173810290944e-01 -3.851985321912863913e+00
-6.415982540026403669e-01 1.234752847279811716e+00 3.960758122978398799e+00
-3.066677556010175110e+00 4.139140499830645248e-01 -2.738048547400234178e-01
-3.383566215975960301e+00 -4.278001799119572901e-01 -1.680344226745806413e+00
-1.085281226090464290e+00 4.513305774308877805e-01 -2.871739434838830540e+00
-8.543748833646919172e-01 1.631424822841084588e+00 -2.777391044844989221e+00
-3.503437145949576337e+00 -2.318232618207338280e+00 2.727185462799371685e+00
-4.008081614523485214e+00 -2.788012962300829845e-01 -2.623776424341378366e+00
-3.701334649708182489e+00 -1.875799220381218491e-01 3.733739828912844283e-01
1.872957929387867759e+00 -1.034102254577995428e+00 -8.836303737403342629e-01
3.199392920792558659e+00 3.132764095975546947e+00 -3.322712873970168346e+00
2.981376318654974877e+00 -1.385158450194288848e+00 2.494972501083825289e+00
-2.759622336602051806e+00 -2.305939968807911633e+00 1.794723257902430369e+00
-3.915399498370377707e+00 2.744856984090539243e+00 -3.760826321093345026e+00
8.993589407188157248e-01 -8.436421985034558979e-01 4.010073796878986130e+00
-1.601911569763619259e+00 -1.815816047006742595e+00 2.839617658223732466e+00
-2.587035959158009657e+00 -6.731689918098474612e-01 -4.477813136602706301e-01
2.692454648125348182e+00 2.019905815835825624e+00 -1.102619664252977166e-01
1.837869004038340748e+00 -1.994347699748725278e+00 3.707644240254210022e+00
-2.349794684038540193e+00 -2.167434704574088683e-02 -2.131153907738230213e+00
-2.008967886833024963e+00 -3.030247562478623813e+00 -1.953096226064421126e+00
1.361643030591352721e+00 -6.668220054995913637e-01 3.059640223410499793e+00
-3.166963764977379636e+00 1.738809025601812053e+00 7.815674791447646541e-01
1.091915796968276009e+00 -2.783891993597491510e-01 7.155694439039528287e-01
-1.097090575421410197e+00 3.276755661609170645e+00 -3.272655785962749864e+00
-1.415832158931007001e+00 2.948435966879730419e+00 1.715775676545167938e+00
-7.289210343369333378e-01 -9.250964345021261970e-01 3.829094458009506319e+00
-3.572869940857478777e-01 2.831630633653455131e+00 2.387466841379506821e+00
-2.586159140116552013e+00 -4.046035240119396192e+00 2.389586128605912574e+00
1.524644254790793463e+00 3.700110963363768768e+00 2.507218439574161906e+00
-2.709685264272998051e+00 2.736121870688157931e-01 -1.196465551200483590e+00
2.290569924625542875e-01 3.725603958545999017e+00 -3.154770984380848464e+00
-3.624939297970922958e+00 4.032619620378040892e+00 2.811233341433549526e+00
2.473099365510196712e+00 2.638980548734276788e+00 -2.812741228691929773e+00
2.964873219383992620e+00 1.142222532824623160e+00 3.115081066371915508e+00
-3.777879812856077546e-01 -4.105343236665210505e+00 4.225902754305891906e-01
-9.933528496949737274e-01 9.819140831032312500e-01 -9.049538124775095005e-01
4.402031130053510877e-01 -6.845108997088519276e-01 8.958921285851711991e-02
2.957086321415332009e+00 2.654365323408851007e-01 1.296059750670134791e+00
2.600390244696936803e-01 4.100308934806282224e+00 -4.401632138848047271e-01
1.907962124955602023e+00 -2.704589315087702062e+00 2.825717110984651281e+00
-2.029463700497534107e-01 -5.371248159029267111e-01 1.239636979823129703e+00
3.174011263757539947e+00 -2.476632909090707546e+00 -2.602512498792314499e+00
3.684149750680616009e+00 3.941183961627311216e+00 2.327260204245007902e+00
3.144219148501326000e+00 2.531849561223732170e+00 -9.044123326576243294e-01
5.064737416607469900e-01 1.002794552497657143e+00 1.254085379717777560e-01
-1.869164128771588773e-01 3.602992477047186615e+00 -2.237638221390091164e+00
1.722455636555972891e-01 8.670645763113876692e-02 2.861504770132959674e+00
-2.110041889730346565e+00 3.631569787395204418e+00 3.326435015183500266e+00
7.313824425456471046e-01 1.296087268645970791e+00 -3.291500472431963864e+00
1.160668768383638527e+00 -5.413270552775912847e-01 -3.137130438973105839e+00
1.863842559999826509e+00 -1.771717768145156580e+00 -3.082504704946102334e-02
3.118654741769008254e+00 2.183912242125114034e+00 -1.957104999022936331e+00
-1.857368886809517505e+00 -2.341914617455133296e+00 1.436319265968730718e+00
1.708510427796188447e+00 1.216813775930453589e+00 -3.345976444008831319e+00
-4.062973368855052669e+00 7.293455880830964633e-01 -2.967934511315566848e+00
-1.096775147377839321e+00 -8.777355765345119520e-01 9.490140721202060536e-01
1.697335420804202855e+00 -3.065601913479711005e+00 3.880712152560766182e+00
6.307734592521307970e-01 1.377452838499769738e+00 -7.819574260695385526e-01
7.096997679697225614e-01 -1.040594548196917435e+00 1.435792163888753414e+00
-9.546311472741333404e-01 2.048014388465531077e+00 1.174135086269644246e+00
-3.449696661483578009e+00 3.910836909793238281e+00 -1.660205094768667067e+00
1.656141929178373884e+00 1.423733556195733996e-01 -1.168060793951553267e+00
3.521366153089681372e+00 -2.643825067389894645e+00 2.474814000471254438e+00
2.143374866220359110e+00 4.071261049051297043e+00 -1.499220043029449778e+00
-8.085341697806535111e-01 4.088799138676780132e+00 3.451808106100552109e+00
2.364403484961063562e+00 3.560261899235199312e+00 -4.173250555236671100e-01
-1.591301554876709767e+00 -7.037392038945172734e-01 -2.076115000774291453e+00
-9.777412632947223292e-01 -3.164656133385780556e+00 2.656450332759660582e-01
1.621347944237541139e+00 2.138582005906749295e+00 -6.300196197198880688e-01
9.879586307526909417e-02 -3.985744796015683988e+00 1.582888904103044059e+00
5.063698430153088514e-01 -3.832143920105455792e-01 -1.236002736654205680e+00
3.910153307652194155e+00 4.048551361733612630e+00 -2.435329384760931415e+00
-2.446266531447025550e+00 1.647524317345044453e+00 -2.863739039353903504e+00
3.115583136548587984e+00 -3.831526214304862510e+00 -1.676301256896607361e+00
5.248571474608960674e-01 -3.814516698186849464e+00 -1.434601435091918731e+00
2.211031884028380468e+00 -1.100158159433134886e+00 3.737077592887105837e+00
-1.405766998081296570e+00 -1.887610270896646014e+00 -2.246834087499582910e+00
1.902431966570488520e+00 1.338509967589139427e+00 3.226436164656082184e+00
-2.125957763683878010e+00 5.924584596981242735e-01 1.128267085503447564e+00
1.977638729920080385e+00 -2.299839436613424937e+00 -2.592810548871696597e+00
2.584636179562849190e+00 -2.590418268445898065e+00 -5.693406701599376118e-01
2.145778312862613113e+00 -2.215064805664860026e-01 -7.387916582188196191e-02
-3.127081278837090750e+00 2.568071753660333467e+00 -3.130686624533363105e+00
-2.215201132012202478e+00 -9.789883293839899414e-01 -1.357190758585216983e+00
-2.618253000531485686e+00 -6.624680718279183367e-01 1.717617725706499066e+00
-2.080597362514773341e+00 -2.537572383738426751e+00 -2.800177718074661648e+00
-5.857882927869580980e-01 -1.505056727166441233e+00 1.736965693063961869e+00
-2.935234681599964368e+00 -7.074483463787438753e-01 -2.586238262162064316e+00
-4.051757609450038267e+00 -4.015051664193136638e-01 3.703946704508606746e+00
1.917521859976877074e+00 -1.054604013462887346e+00 -1.913311336511592575e+00
-2.365655949884515330e+00 3.285922998127535077e+00 2.070573089127377031e+00
2.183490787920366882e-01 2.732270384583418643e+00 -5.180653873408689325e-01
1.316784107220335898e+00 2.558055485990698763e+00 3.580543056533799451e+00
1.082499109571414930e+00 9.032632422684457874e-01 2.727045543197051725e+00
-1.874950469941240871e-01 -1.605046130444281793e+00 2.909615365220645344e+00
3.173947551922089438e+00 -6.429250438832599945e-01 -2.062911808591230134e+00
-9.965463724508588639e-01 8.566119623136390915e-02 -3.810966023400233382e+00
-2.815206717032645578e+00 -1.051504820140329199e+00 3.181716129976464025e+00
-2.366108277761575174e+00 6.433870204439220419e-01 -3.391637035191533922e+00
5.775408870272833450e-01 4.015692615600809923e+00 7.415010022201856676e-01
5.272834455726198577e-01 2.174339496223901769e+00 -2.731266873124013284e+00
2.316931469498187957e-01 8.370524770931544456e-01 3.466848267392274252e+00
2.158540295421827349e+00 -4.882603935721097077e-01 -2.793899177561112168e+00
1.429395373606992869e+00 2.054161454365658057e-01 3.534926823180284838e+00
-3.724324510924120091e+00 -2.670955739131273265e+00 -4.080668773549002815e+00
3.304914907666662849e-01 -1.960446961544351385e+00 1.320169659790885186e+00
1.874120497181020473e-01 -7.781149402156617434e-01 3.276798178788527416e+00
2.709662160848248735e+00 -1.732683465630645792e+00 -1.854163977336991120e+00
1.368519016378233033e+00 2.874793746800276217e+00 1.813791916349982047e+00
1.287421033165397910e+00 -3.063776717535088290e-01 -2.057179346032095513e+00
-1.451349817404521181e+00 3.790402268454526435e+00 2.538030467606839480e+00
-4.007653872839586739e+00 -3.243877770430619201e+00 -1.076669725613099982e-01
1.797002317959982998e+00 -3.959340738596286435e-01 -3.836240229181217209e+00
-1.684509783568136410e+00 7.846715766584494434e-01 3.873475835632969932e+00
-3.463423146718493939e+00 -1.354010823995807744e+00 2.507734797634243673e+00
3.100316676150706829e+00 -4.074772247862626706e+00 -3.128559145758474713e+00
-5.175685704129925346e-01 2.835199530448326399e+00 6.190057047632544496e-01
2.668712486234393388e+00 3.562036390580439527e+00 -4.103465984331652550e+00
1.862186138107303490e+00 -1.442939827563966215e+00 -3.506482291278703922e+00
2.053341699257167807e+00 -1.262199125640915964e+00 1.779635028061444579e+00
6.989870725149219810e-01 -2.675301553973760793e+00 -6.192744326874493055e-01
5.570393313307230726e-02 -1.522432428621512734e+00 3.931056206328391145e+00
-2.015341652287832908e+00 -1.208663427460630047e+00 -2.833348158332718913e+00
-1.823404277834195009e+00 -3.291439748738053783e+00 3.423455334431789066e+00
-3.999214721599888556e+00 1.616718508557500433e+00 1.543817832179023020e+00
-4.068576060629329749e-01 -2.712953402711748119e+00 -7.396673787606190542e-01
-4.792357306821670715e-01 3.525888766278251207e+00 1.299203408440284591e+00
-3.162904365420827979e+00 -2.999515792248567791e+00 3.398127384225462677e+00
3.476424519667975499e-01 -3.269582531672968528e+00 8.938543821970736936e-01
1.278365762472225109e+00 3.573973068871775460e+00 -1.292935725293534288e+00
7.388243277360512229e-01 -2.681334334573466815e+00 1.734989268863770917e+00
4.242114946159897260e-01 2.611877531823184745e-02 3.995745552704760062e+00
2.865814346777022958e+00 -1.919172021608717138e+00 3.464490180148988241e+00
-2.768785137691130022e-02 1.360765126517769208e-01 4.483933161815697455e-01
-3.942073440788104843e+00 4.672665064617708142e-01 3.319998872818496594e+00
-3.568214075762012882e-01 2.590608682915652494e+00 -2.161363829578258233e+00
8.789729662301694058e-01 -2.408321166972986482e+00 -2.339748514031981586e+00
1.983070713886868064e-01 3.360988174353636726e+00 -1.207905343172832380e+00
1.754422029487538781e+00 1.103742550521950694e+00 -1.390402557694596641e+00
-3.764112968084163402e+00 3.761571052308436691e+00 3.866036210569787634e+00
3.887356076850613240e-01 3.334481064431229491e+00 1.807703434465202763e+00
-3.882521002586015069e+00 -2.315664723991000429e+00 -1.667064691820459021e+00
1.191763095060259792e+00 1.154136467673294808e+00 3.890404803897239638e+00
-9.632970046124977870e-01 -1.308519405139947134e+00 -1.262935965306332564e+00
1.352184003089767161e+00 3.965536774406081211e+00 -3.150649200657049676e+00
3.149960965669000856e+00 1.353075301783325024e+00 1.174620290557843116e+00
-3.646081371307441366e+00 -3.351084799878276677e-01 -6.905366767908189818e-01
-7.054160517342368264e-01 -2.298506270715659827e+00 2.426814572436725825e+00
4.094110642524534605e+00 -3.529178040371331981e+00 8.212579612404318219e-01
-2.189791286376143731e+00 2.803230642623063318e+00 -3.283036569304146557e+00
1.406977869709336471e+00 -1.441229806583845807e-01 2.178818458448112061e+00
-2.864666440671796543e+00 -4.101565754607766401e+00 9.963196067183354154e-01
-8.277452826548205023e-01 -2.509897186628035293e+00 -2.955098002480724961e+00
2.210659329513782190e+00 2.980332723716678789e+00 1.071125094570974268e+00
9.396404398117333967e-01 -3.614206791244702899e+00 7.264419839487393227e-02
2.812193810158524876e+00 3.263358307637100886e+00 -1.966233004127853734e+00
-3.818247751183712069e+00 -1.233099105768343584e+00 5.428647464750888663e-01
1.080140117881827899e-01 -3.453021151472340122e+00 3.232816951473896250e+00
-3.118584799707883715e+00 -1.999413891351830008e+00 3.561877585574332539e+00
-3.535093159446569100e+00 1.972949001186201867e+00 -1.349564729560003062e+00
2.404432391662049806e+00 -1.965055732663804067e+00 8.224620930482325898e-01
2.535576825864994444e+00 -2.166714780302261278e+00 2.212069276828071640e+00
1.229659820614451338e+00 -3.542458018181815493e+00 3.082297966073625162e+00
-3.467740087243410319e+00 -2.396801301479105195e+00 9.652153030154037028e-02
4.274782886411841731e-02 -3.189246119766734999e+00 2.746913374475611676e-03
-1.610293265084717929e+00 -1.490426690019010847e+00 1.857604386231931359e+00
3.890441274130648885e+00 -1.019503087794629836e+00 -3.727925419886553016e+00
-3.907169680118099286e+00 -1.513199605221395849e+00 -4.803220456374885927e-01
9.644395350051749860e-01 1.474296624218339291e+00 -2.049488480944454238e+00
-4.098588436538090463e+00 3.629408698265508271e+00 -3.400098035750112491e+00
-3.324591914915409951e+00 1.031026729123261543e+00 2.719259973479986048e+00
-3.605721473374531083e+00 -1.264621442354343595e+00 -2.979240627099694283e+00
-2.021294219041463336e+00 -7.906823748722573431e-01 2.540937306759341041e+00
3.167443727288144828e+00 3.303321310195661997e+00 8.870729098820079317e-01
-1.636190006453935197e+00 3.433040900410768259e+00 -2.406462420580379291e+00
3.277051358718588325e+00 2.475428665504613157e-01 2.662726469111715843e+00
-2.055622446106035728e+00 2.060201013881713283e+00 1.278622734339923905e+00
3.429568355390996803e+00 3.458812149552382031e+00 -5.548313832609005347e-01
1.216276365695624584e+00 1.630182694026610868e+00 1.917904319853065264e-03
2.153079413984927637e+00 4.447458312254524149e-01 2.568889595342129351e+00
-2.241998929680825370e+00 -2.334448696890836228e+00 3.242117249390157330e+00
-3.491368687169876139e+00 -3.931181087592328982e+00 -2.802895612675596837e+00
-2.934697128395067356e-01 -1.979037254963817549e+00 2.239375441902327346e-01
-7.806630998518296338e-02 1.409526850524885466e+00 9.428181640418806797e-01
2.668852134351109018e-01 -1.440623458962244863e+00 -3.286146228954959891e+00
1.856222204205614457e+00 -1.597966897542545617e+00 2.749790909286325746e+00
-3.904615633259084895e+00 3.637962257357885143e+00 9.144571619308969890e-01
6.048089282545102141e-02 4.381263202198121265e-01 -7.584543253893903936e-01
-8.314275389899897784e-01 -1.750958148804014014e+00 -3.632673273866358077e+00
-1.038046026377190900e+00 3.585679480313875622e+00 -1.243241784209747625e+00
-3.152367762817441132e+00 3.993816825131578097e-01 -2.616719513469020875e+00
-2.907809987604886182e+00 -4.036806420907280923e+00 3.415142316546146084e+00
-1.692296919974756397e+00 1.477881603554235812e-01 3.104860888703330435e+00
2.888783117866439820e+00 -4.425845449159631073e-01 -3.719724773843437582e+00
1.270421861746604320e+00 1.194219051613482296e+00 9.613428105705981164e-01
-1.364389582392049993e+00 2.486930255042836713e+00 -2.614896401430490513e+00
-2.662861417965048272e+00 2.631411844336696948e+00 4.858555716050295681e-01
-1.079391914280056985e+00 2.947283861691194051e+00 3.372732299485426299e+00
-1.539521017674143399e+00 1.311269496680037783e+00 -3.445733088005823674e+00
-3.577676937032402193e+00 3.962093722389854911e+00 5.878266969721939600e-02
-1.689603677268050275e+00 3.630500538130634336e+00 -2.446066791669161411e-01
4.048890077372212737e+00 1.850671694108127596e+00 -3.423883159699856460e+00
-2.510348042035332128e+00 -3.048073531125621738e+00 2.584690094966400231e+00
-2.428663433767720647e+00 -2.427219868434538075e+00 -2.612589128715703257e-01
1.027242364877771486e-03 3.969880006528768934e+00 -4.082458472122032056e+00
8.203282947345746923e-02 -2.532416828817816601e+00 3.752636091805407581e+00
-1.875495356870244157e+00 -2.332963877449378554e-01 -3.008985856274296822e+00
7.256573774432000246e-01 -1.646719545320938449e+00 -1.586174797278026016e-01
-2.986597285014706227e+00 -2.523871014561844373e+00 -2.013010644870099508e+00
2.428355398154734779e+00 1.900988322528234686e+00 -1.321788051739860359e+00
-9.216586238934285635e-01 -2.292314025307225389e+00 -1.487481597577916093e+00
3.700233930364521306e+00 3.188728456831839253e+00 1.704331705476245240e+00
1.714561082628019317e+00 -2.816024193090834071e+00 2.640458318962115025e-01
3.964262198893473865e+00 -3.106241381433803905e+00 1.675848010818531630e+00
3.474098207553390605e+00 4.084186867514396191e+00 1.390379361420362558e+00
-3.647979956428037074e+00 -1.821984331940147417e+00 -3.734874843532006938e+00
-8.192966510272239322e-01 -1.180261797031441073e+00 -2.319119281566007218e-01
1.331751538960127323e+00 1.928509781153841418e+00 2.410932926409461441e+00
9.113994745738670522e-01 -1.521402030439576114e+00 3.244988464040300613e+00
5.778730903898046112e-01 4.083148950251195286e-01 1.201298302128812390e+00
4.069221618815695329e+00 -5.982543555179108408e-01 2.726095880094341783e+00
2.252009156068677687e+00 3.771982304878988224e+00 -2.750760417044304962e+00
-1.191978765348354896e+00 -2.259740569600324989e+00 -3.277077349489588287e-01
-1.565295521882900553e+00 1.874680761100262716e+00 3.609333924289151341e+00
-2.201395357677838671e+00 -1.701334567207802295e-01 -4.035813560079181350e+00
3.346855002038224391e+00 -1.518212501614886634e+00 9.227944381511853367e-01
7.672080668438258089e-01 2.991125906215890140e+00 2.630007339216044127e+00
-2.225999802735978417e+00 1.630163761104779452e+00 -8.459515159703917542e-01
-2.566027419909256757e+00 3.691122347450279229e+00 -3.288804210307844311e+00
-4.083084893091220913e+00 6.406730462439049756e-01 1.743647472919561014e+00
3.858185429780394582e+00 -4.410955048883352658e-01 1.204822767050826693e+00
-3.173401308416489708e-01 -3.051175979234020730e+00 1.981519295914350165e+00
1.137344554087422521e+00 8.021266967881227061e-02 -2.464953609687854374e-01
5.620703416381920281e-01 3.806078359664090360e+00 3.349877443569236224e+00
2.216359436918751591e+00 -3.875624044110696609e+00 -3.850532405589216722e+00
-1.616337771685723457e+00 2.674200341741951092e+00 -1.200603606805770385e+00
1.759198528986392063e+00 2.993056763460844483e+00 -2.180836683636278472e+00
-2.902343114376850775e+00 2.225270403757551307e-01 3.198370616440266989e+00
2.398565676327670371e+00 -5.582075205052758893e-01 2.684666173770864361e+00
1.553465666188114325e+00 2.215124172122856283e+00 -3.084210476979383220e+00
1.650736775511289167e+00 -2.571425796878594738e+00 -7.890862280201961232e-01
-3.156056539388740756e+00 -1.334249379502339128e+00 -1.112841639141999739e+00
4.282778557265206620e-01 2.395769293588387416e+00 3.332315404659222935e+00
7.697771147402612257e-01 3.295818402270248804e+00 -3.963234663131113944e+00
1.260133674780570923e+00 -1.434308630839805643e+00 -2.559491348945268641e+00
-3.002057814100770994e+00 -2.435713475400922867e+00 -9.952927796257667881e-01
-3.960885768190203216e+00 -3.490087927796604372e+00 3.513447422415620913e+00
2.402814979082851521e-01 -2.548348582471466006e+00 2.607739927669988411e+00
1.687475251050073899e+00 -2.348348105558850651e+00 1.639448544913919115e+00
1.392148402527590756e+00 2.049166278643098860e+00 1.322734510144175868e+00
2.635582418057308196e+00 -2.246373966615244022e+00 -3.394322180721846216e+00
-3.288908401997886699e+00 -3.378486907850278609e+00 -1.014371142823221827e+00
3.276019557279235883e+00 -2.511379865243134724e+00 -1.589710991571159138e+00
3.655472806666215657e+00 -1.551476582821225580e+00 -2.282826750884527911e+00
3.552681226644937240e+00 -3.192330410632012061e+00 -8.520300633026206549e-01
3.042822869575515732e+00 -3.463413710042475113e+00 1.998130466245341186e+00
1.952194656446554877e+00 3.237110896154675177e-01 1.119824242026902894e+00
-8.796339494191279806e-01 2.513806096880466523e-01 -2.614302556083754059e-01
-2.421957829573805565e+00 -1.578904104657872898e+00 1.160056122117457678e+00
-1.679828883991054123e-01 3.766534868444088247e+00 2.696757268743890101e+00
2.382008017306477932e+00 2.653939562786467921e+00 3.785974038677281328e+00
2.193705254289255446e+00 -3.615312975808355755e+00 3.257236719239982037e+00
2.430244115955979556e+00 -3.200253559562954209e+00 -3.178243031258011442e+00
1.610055558472603732e+00 -2.058701841394486198e+00 -1.638429403544893415e+00
-1.373062633879856165e+00 1.001151519778004095e+00 2.245413273263700271e-01
-1.858697009173005066e+00 -1.985668450405434049e+00 4.213296355650037461e-01
-4.661720143204501898e-01 3.772914328884141022e-01 1.469753765336049067e+00
-2.816307839418350945e+00 2.345337310934783925e+00 1.926742038595550710e+00
-5.801207411213295945e-02 -4.448554198518201996e-01 -3.534644140790235589e+00
6.565641234367572965e-01 -2.468602830827764993e+00 4.549617299389390745e-01
3.739632434439449593e+00 -1.271200870343766498e+00 1.878314390268612577e+00
3.075640591075802233e-01 1.639223446142874963e+00 3.908992271944031760e+00
-7.665162517927904817e-01 -3.903397954056182506e+00 2.064483248187543918e+00
-3.596561498844971894e+00 3.765247693382530070e+00 1.918682784697280042e+00
-2.940676462112241096e-01 -1.655365350609733888e+00 -2.125563280149503242e+00
4.725668027022247863e-01 2.144752145245372166e+00 4.880751159562821129e-01
-1.433736338244876674e+00 3.600807202328840440e+00 4.065471550247965915e+00
-4.103137924718359031e+00 -4.077810597818124272e+00 -8.681023798873549469e-01
-1.080212221808842576e+00 -1.953644501148549928e+00 9.848824814812411343e-01
8.216457701659423130e-01 -1.336947620021157412e+00 -1.080433778079604945e+00
3.735463872690120368e+00 -2.327224478528932661e+00 1.156067760404625999e-01
2.076779856688430570e+00 -7.943553055592341705e-01 7.967865516767201894e-01
7.553770928957181940e-01 6.061903656397233942e-01 -1.684418414049384083e+00
-2.152771178739795399e+00 -4.032639118356963870e+00 -2.149437720165644272e+00
2.780660521635399451e+00 1.081917081442461015e+00 2.080349526688140216e+00
-5.361621453690528227e-01 1.929201316833852042e-01 3.563522141281513456e+00
-2.059036392307210583e+00 2.710364327789020145e+00 3.646151302594199617e+00
-3.750626156270464140e+00 2.608317195406149924e+00 1.401124873328335685e+00
3.732238990401282042e+00 2.914586390525681026e+00 -2.506872467750010269e+00
4.722986543699232431e-01 -1.177921457231586311e-01 1.963973420332897568e+00
2.196289346332724435e+00 1.614535777406207018e+00 8.072574473207404511e-01
-2.162811938559361380e+00 3.533466436719741921e+00 -1.126984804183793987e+00
3.693474951070102374e+00 1.237288470990978162e-01 -4.661556229945841290e-01
-2.021836647390635733e+00 3.424894191455437831e+00 8.644511515529755830e-01
2.808606082278639615e+00 1.120917724892795952e+00 -3.059894190955939841e+00
4.067751669696991534e+00 -3.390041785188417478e+00 -1.737318625870437616e+00
-2.980530614289753188e+00 3.094437813551246919e+00 -3.110525702110711888e-01
-3.359873430482688828e-01 1.249108788411068094e+00 2.692243819910560720e+00
-2.986197686194761225e+00 3.131653407882981188e+00 1.172983140368436317e+00
-1.768576284554733036e+00 2.820452629140636214e-01 2.026794767573026679e+00
3.013957366702799678e+00 -3.089584973892444353e+00 4.930907604932464050e-01
9.747407582480143162e-01 3.079487528394623030e+00 -2.830692029450745828e+00
2.487485326315836520e+00 2.151584122153122447e+00 1.634344816697328007e+00
-2.321452279246119410e+00 2.036114284636150185e+00 -3.888445801904381049e+00
3.212386995309909121e+00 1.290889080431122160e+00 -4.033306830252031183e+00
-3.945072403312702480e+00 2.700605822032339898e+00 3.467511835610832094e+00
2.471358677795695513e+00 9.140619430776125709e-02 -1.802793127473961032e+00
-3.819213556894826667e+00 -1.346148397377764594e+00 3.660357410812800083e+00
-1.929079516235836289e+00 -9.509256578397115023e-01 3.826794856363356923e-01
3.383444059899041623e+00 -2.972581197100950590e+00 -3.452133786636369273e+00
3.413408051423529876e+00 2.084493254421261543e+00 2.003166275334147262e+00
-1.019937193549768750e+00 -6.889239897932226686e-01 -2.899785865999618739e+00
-2.998280143945002862e+00 3.036633614643586832e+00 2.839719471077669866e+00
1.499035694004504871e+00 -3.341723746915250093e+00 2.110649598557376549e+00
6.643295646847756364e-02 1.201929240445413605e+00 -2.541338612761789850e+00
-3.378969899353073014e+00 -3.519808973212264214e-02 1.422576857064367761e+00
3.901137034315937058e+00 -1.736861120477578568e+00 2.942038857096479276e+00
-1.737822826975097934e+00 -9.673594011207186094e-01 3.418312974907368851e+00
1.490636982283311207e+00 3.970436763894348520e+00 3.850883895863206785e+00
-2.260291053062701394e+00 1.255370248340576422e+00 3.176855885529184853e+00
3.190188107794074579e+00 2.006102503867686959e+00 -2.973207352959114758e+00
1.749818246381954934e+00 1.127746896578092350e+00 1.881771947849338211e+00
-2.614161377418792398e+00 2.539673651696406242e+00 -1.109260034660031424e+00
1.403177027083284845e+00 2.219596964116358428e+00 -1.587965618789965561e+00
3.443157869520756975e+00 2.668534222775263753e+00 1.148198907648091821e-01
3.166269220681644292e+00 -2.567627093543457750e+00 1.348325849336011073e+00
-3.475874045423774650e+00 1.555068767838881039e+00 -2.830018011081983698e+00
-8.769681823540198540e-01 3.081963175026869006e+00 -3.206305377914073773e-01
-1.227616193545117751e+00 2.336830684704401140e+00 2.535923586852398603e+00
-4.950073803368821856e-01 -3.751100869457025144e+00 -1.588679812217443921e+00
-6.401414648511533079e-01 1.964019984891144377e+00 3.259872206354823998e+00
3.442697778897019223e-01 1.953682909655571454e+00 2.460046337601004218e+00
3.801821585362764822e+00 1.253262438685616154e+00 2.552039727849448436e+00
3.019180127971367700e+00 9.315827057298317060e-01 -1.337110002412948973e-01
3.353826879150966445e+00 -3.526244466848275305e+00 3.000722100767267086e+00
-3.163588907351172264e+00 1.975325314347152084e+00 3.235794891711984533e+00
-2.941118823658253056e+00 -1.520577425310769337e+00 -3.806959881202377771e-02
-3.385402378079481522e+00 -1.966414072389034207e+00 1.005313316309160987e+00
-2.691448090636123336e+00 -2.530566451001679540e-01 6.030155887921757607e-01
-3.922300704921032999e+00 -2.553902973000496068e+00 -7.574648364195233352e-01
5.196746536717478104e-01 -3.619835874369230488e+00 -3.253388595530603666e+00
-7.961402677843594233e-01 3.876211389530284102e-01 2.486662225640593693e+00
-2.759297484580724991e+00 1.789719719442641743e-01 2.250785738217362386e+00
-9.600360857576022422e-01 -3.048158753728074100e+00 -2.115397072051184324e+00
-1.786793032701248229e-01 1.364398373259495312e+00 -1.522434380119944475e+00
-2.317966078011480136e+00 -1.653332275369404192e+00 4.053554900173800490e+00
-3.543037683471357280e+00 -3.379319843491937814e+00 2.267922916801249578e+00
-9.408466059737299325e-01 2.283693156294093196e+00 -4.012813097433034493e+00
-1.219930350790275453e+00 1.937764526259416975e+00 -5.208192595580859452e-01
1.782547187179267079e+00 -3.599649972618644167e+00 -2.310605879265270168e+00
-2.927013019219009138e+00 1.118936765330550198e+00 3.911806135898083792e+00
3.625782852873534967e+00 4.036434014380169799e+00 2.529214379758230602e-01
6.833201869667425710e-01 -3.960162503256254851e+00 2.383301450232289564e+00
1.904841144011794052e+00 8.398639042360609430e-01 1.774419853169824646e-01
-1.613491335279548355e+00 -9.183437418537927499e-01 -3.695641346018267992e+00
1.292952147862661993e+00 -3.086743066219107767e+00 -2.947586944385811147e+00
-1.863338197244910788e+00 1.194590682209226706e-01 1.112406895111989202e-01
1.251466188361259446e+00 -3.492012703110998650e+00 1.119722377255467194e+00
3.251300558108646932e+00 3.536844073983692605e-01 3.778085205813957792e+00
-2.205059528291215099e+00 2.224371532351401282e+00 2.684728998781090947e+00
-3.974488198908603831e+00 1.101914813365902912e+00 -1.917044835141520909e-01
1.880510446773896671e+00 3.142852670038915885e+00 -3.612808905624030231e+00
-3.418034682141851910e+00 -2.917024332908423112e+00 1.036361699954708726e+00
4.023930875265384621e+00 -1.112130538574825689e+00 -1.430653842029102840e+00
-2.963319031069033826e+00 2.288633600530441292e+00 -2.092047401350852542e+00
-1.481772379103706849e-01 1.821229397526468841e+00 -3.482032230367321457e+00
-2.935482770611044678e+00 1.288538668203286885e+00 1.824714654187095109e+00
9.664351187069959437e-01 -1.796080411833437473e+00 2.201676688373734425e+00
3.345103607212248864e+00 -3.808429994246668393e+00 4.038558485397536479e+00
-4.011816604666025299e+00 -2.673136445311684373e+00 -2.849727035631773209e+00
-3.052700030882470550e+00 -3.744615192314526997e+00 -3.736993622368169454e+00
1.946362664241697016e-01 -2.381913603758867293e+00 -1.557493049077619318e+00
-1.987935852448701857e+00 9.360580792471477896e-01 -2.350342934476832291e+00
2.416599091179382874e+00 -1.035002116396680077e-01 3.544739514357435173e+00
9.273305967752853984e-01 -1.925911099188501341e+00 -4.048839068460287294e+00
-2.262204083568424728e+00 -2.882823173253685756e+00 7.073585174371754825e-01
-2.668510051310037490e+00 -2.687095042763063990e+00 -3.909006596296126457e+00
-1.870443193464881970e+00 -3.578563031657515658e-01 1.237909934892390762e+00
1.876820766046353173e+00 5.434208381430201129e-01 -2.550287653722390857e+00
1.826950273924456081e+00 -3.704719562833810098e+00 -4.281922086491458668e-01
-6.149610854625432443e-01 1.270821909018992724e+00 1.779920585314676895e+00
-1.345850239049375396e-01 3.023744186444291770e+00 3.880087534036736674e+00
-3.415791619958237213e+00 -1.499531804946777402e+00 -2.063025832678153648e+00
-2.974171757192689114e+00 -3.391496187390242945e+00 2.445274217444696474e-01
-1.608510066296779950e+00 1.220852411995941855e+00 1.721949245217702540e+00
-1.957138671523941165e+00 -3.613584044207487800e+00 3.023058645402845052e-02
-3.703341357409467793e+00 7.117370320180294030e-01 -1.059673822668864895e+00
-2.564280906871358567e+00 9.601827910103031272e-01 3.099357915341727221e-01
1.094400946987464485e+00 4.233857315803354893e-01 -3.553837040095822797e+00
2.722600692449946624e+00 1.135717698796065545e+00 -2.027560357224957865e+00
-1.295944138463105855e+00 1.347380823919928305e+00 2.733533090951516531e+00
-1.597346518769467316e+00 3.518299222521084069e-01 -1.530552918393822681e+00
-3.267379484358542197e+00 1.386273406469689107e-01 4.100206524599258273e+00
8.301849624268924366e-01 4.081871252761970936e+00 -2.335963902333598519e+00
-1.088432410722086852e+00 -5.170127769880648039e-01 1.841438271717811936e+00
3.994488584642661433e-01 9.097942418569266998e-01 2.045560552877240479e+00
3.655910803771956541e+00 -2.611551942358417477e+00 3.431129015575688612e+00
-6.825321811569178276e-01 6.165687493226730265e-01 -1.940054298449071402e+00
2.919644943074925614e+00 -1.493758027250278175e+00 5.203671129638462456e-02
3.234660482623512578e+00 1.526387348099043917e-01 -2.773896590866453238e+00
-9.261176331035612108e-01 -2.095001766740855143e+00 3.574139240051775968e+00
-3.243016732203878316e+00 1.931992837526965490e+00 -2.349621334184671950e-01
-3.517567907277858730e+00 8.130821092240398951e-01 7.541233165618071999e-01
2.320123041583796564e+00 1.994302750304107086e+00 -3.704920280945036559e+00
7.831507950829849074e-01 2.285969711087357581e+00 -3.759579291873808238e+00
-1.297876830508680079e+00 -3.188071371514599406e+00 1.212100423361462287e+00
2.165248384302957518e+00 3.560836944277155247e+00 3.244683360437531583e+00
-3.749622046683279919e+00 2.038136176726957682e+00 2.378763237189696955e+00
-2.788429724493604933e+00 -4.104529934821211867e+00 -5.042023295108842840e-01
-6.200893018216517560e-02 5.253304605915363190e-01 -3.336695700245915219e+00
-2.300003136482309696e+00 -3.182085196145569839e+00 -8.841981159389765699e-01
-2.936863229663762453e+00 3.143121124553768464e+00 3.888425199171969826e+00
-3.736910275818882132e-01 -6.308060452376850202e-01 -1.873298305686710519e+00
-3.718062615847291585e+00 2.704523639111258149e+00 3.777950871852829295e-01
-3.824664426680364215e-01 1.522876600043520767e+00 -1.179267089631287901e-01
3.308194228190530772e+00 2.516558229005618319e+00 3.357698049043358779e+00
-3.442041454177560134e+00 1.155006599811555956e+00 -1.885825181430920372e+00
3.013597112304079673e+00 -6.532370729029726153e-01 1.815868162181236256e+00
1.320879679332216838e+00 -1.723189759845565439e+00 8.692966156892059093e-01
2.930527537345923417e+00 -3.717066464375620161e+00 -3.604918804373297148e-01
3.887407992412379443e+00 -3.654611746609687239e-02 -3.606818740988659400e+00
-2.496445149565264643e+00 3.192701033414588441e+00 -1.952756278021623881e+00
1.306195935725002366e+00 3.854977471146515899e+00 1.561162319171119250e+00
3.606297393266977735e+00 3.287842699548388481e+00 3.978171265331618578e+00
-1.548662107919800635e+00 -4.889892423396800525e-01 -7.874668457903298835e-01
9.699137417584865473e-01 -2.524108610952056519e+00 3.297090514187211330e+00
-1.173552709633349789e+00 1.802316879428840668e+00 -1.749328218753821496e+00
3.630816886483486883e+00 -2.087892415612294883e+00 -3.868789099433821210e+00
3.849550250313293009e+00 4.722769110731764308e-01 -1.927829835186660068e+00
2.350974952231960291e+00 -3.058268270901821850e+00 -1.652189604579897386e+00
2.250184585579126040e+00 -3.886009515557890648e+00 2.315375076526467790e+00
3.145435309909740074e+00 -5.379392290419645617e-01 4.970668502556556678e-01
-2.942113790533824158e+00 -2.927981225577314994e+00 -2.977063886361368983e+00
2.941498111111851554e-01 -2.902005037748799920e-01 -2.605956787307021294e+00
-1.850078276010244105e+00 -2.218060401284764893e+00 -1.318673750726084393e+00
-5.216655458996098949e-01 -4.502881950161203295e-01 -9.139346267583526862e-01
-7.864230671039393883e-01 -3.119401566136926096e+00 2.988987700586065444e+00
1.908437820979300703e+00 1.595108254509833401e+00 -2.391344071116500380e+00
-1.347892152687623524e+00 4.105590288598441440e+00 6.483289933471506616e-01
-1.721153736289851022e+00 2.712425051627872286e+00 1.511059397125370518e-01
2.278115377266109576e+00 4.104590395054501961e+00 1.203150640130372873e+00
-1.054577608923545906e+00 1.467950895251254884e-01 7.480157417560200361e-01
2.802179510375955473e+00 -2.986576358233522299e+00 3.854427260011117351e+00
4.046635881375983956e+00 2.134754203845853127e+00 -4.355367679422506577e-01
-2.002645828282795026e+00 -3.711329348268593620e+00 -3.909488233530057588e+00
-1.466267113899597296e+00 -3.730524346101081079e+00 -1.400048599354414280e+00
1.253139697522700491e+00 3.332683649723420238e+00 -1.818001215492426326e-01
1.817297352984644787e+00 2.786547459044789843e+00 2.783562009891190847e+00
-3.868192684253470293e-01 -3.231191583000311951e+00 -3.843968680027495033e+00
-1.941195017572732162e+00 -1.539741080322794664e+00 -4.909303285419721052e-01
-2.296860011886160680e-01 2.779260815152331254e+00 -3.137530654543143616e+00
-3.832517545215541332e+00 2.912612675137259632e+00 -1.016684424957256638e+00
1.664817757025750744e+00 -2.454847112820693233e+00 -3.559696340135454218e+00
-3.479742030569950018e+00 3.202878552152911951e+00 -2.426049462158337278e+00
2.918781997805279804e+00 -1.413103626452155037e+00 -3.853107497126396552e+00
-3.205245863810460172e+00 -3.403001957326849958e+00 -2.102909998151059501e+00
-1.886098709638815762e+00 -4.001012357965468169e+00 1.567554576969591107e+00
-2.794622538345241658e+00 -1.747020533888089089e+00 -3.373487760331327134e+00
-4.397127251838227058e-01 -2.735204704757630889e+00 9.894235093892851385e-01
-4.032406905412790898e+00 -3.556299999895175201e+00 -3.606206488480787620e+00
-4.542207309181357511e-01 -3.713207734024024376e+00 -2.769768096495440535e+00
3.153072073398445418e+00 3.598733408482563068e+00 3.208535619938710060e+00
2.321410388882061859e+00 3.397683927436282225e+00 1.945681036946445230e+00
4.083049660686126181e+00 9.682013957111815783e-01 -4.005980147425844073e+00
