8.220706914434900980e+00   8.220706914434900980e+00   8.220706914434900980e+00
500
-2.317550680599016921e+00 3.607728579328229657e+00 -1.511848054776250061e+00
1.783396525668471622e+00 -1.868664152911778453e+00 1.560041369420441359e+00
-3.366824370221342733e+00 -3.438103240411079842e+00 2.913711804395563210e+00
-1.966514452057147866e-01 2.442560026460276035e+00 1.216693759964733834e+00
1.932574588914854008e+00 -6.679983183389229806e-01 -1.082843964761007749e+00
3.126541126561673156e+00 -3.777875313868504836e+00 1.472680410125061456e+00
-2.763519170281583115e+00 3.995133657208203015e+00 3.190752282306782206e+00
4.044093268233014626e+00 -1.541889611199673604e+00 3.158443103506047400e+00
1.132571657664325437e+00 -3.527326473856270184e+00 -2.740466146198230479e+00
-2.231970784279761588e+00 2.235026143620657990e+00 -2.978384495266572340e+00
3.052883191526333473e+00 4.034487591224286684e-01 -3.896647184600295077e-02
-1.688980740184216289e+00 1.127861911436010889e+00 9.635608340094905522e-01
-1.813546113499438395e+00 -3.526859538480709433e-01 2.653228573704841775e+00
2.670659053094035507e+00 -3.485967505372864622e-02 -8.585018829393130657e-01
3.677837379977897392e-01 2.738587186261051354e+00 -1.023982233404674203e+00
5.434150872114489050e-02 -1.159569349325316079e+00 3.074895574962001277e+00
-1.380132818740740230e+00 -3.151144453533517353e+00 -3.687997616392289846e+00
-2.336786314515270746e+00 2.198874779887612263e+00 3.481840299373810232e+00
-2.262663900441866383e-01 3.917786063436356159e+00 -7.887201481475147880e-01
2.128492112351362042e+00 3.862493617635322618e+00 1.413011110692837136e+00
-6.595135957066818877e-01 -3.427292518622563566e+00 3.869296048447369074e+00
1.614931270692636645e+00 -5.589790912861528627e-01 2.427054191451952558e+00
-2.855935888554265834e+00 -1.332248108621031601e+00 -3.403584360591251468e+00
-1.404826363413184787e+00 3.067003743745907673e+00 -2.982988460327345770e+00
4.633178454451762629e-02 -1.961821333830207958e+00 -2.289389013613995161e+00
-3.764837031586043992e+00 -3.011363560819598995e+00 6.207572605460842663e-01
1.434238875540251090e+00 -3.654716735305994835e+00 3.296781743813071763e+00
7.615366440464135245e-01 -2.060705779453120279e+00 -1.402676062297747217e+00
-5.990382428031749695e-01 1.629990460877658531e+00 4.108398687295945706e+00
-3.880761130025446870e-01 3.380316013933188479e+00 -3.171729193406604530e+00
-1.816415127106304261e+00 -9.721922129664092860e-02 -2.762902027498539859e+00
-4.084057730873023928e+00 -2.708455207859656433e+00 3.627949403503220260e+00
-1.928403452777923244e+00 4.055285800508840133e+00 -2.609658061043359289e+00
-2.136759243628843841e+00 -5.701104272949357732e-01 1.728683798509559333e+00
-3.963497144565668595e+00 -2.553688740400593904e+00 -9.918375495656680529e-01
3.284124942143717085e+00 -2.490518909221968169e+00 -2.412229169929063222e+00
1.557622691051697483e+00 -3.582008985485278796e+00 1.028166940279144459e+00
4.147694108594397466e-01 1.682380614535391894e+00 1.276966802242488264e+00
-2.634690062091324947e+00 1.340101516362945500e+00 -3.487537983827348143e+00
2.489391159130679210e+00 1.713546075762720333e+00 -4.073730094267965285e+00
2.671467129896315296e+00 2.146539359785653911e+00 -1.489410577709766370e+00
5.897244382200222956e-01 2.886138266750756465e+00 -3.105951005500498407e+00
3.287114896692515109e-01 2.560117699599170571e+00 2.210126500675115846e+00
1.201392997355142711e+00 2.118855298092660266e+00 -1.351802818747442014e+00
-9.093153204421522418e-01 1.181122328379910158e+00 -3.111701172552238770e+00
1.903053929621273399e+00 -2.217244215606355429e+00 -3.637631851899721269e+00
2.287291872941442428e+00 -3.419242500958911357e+00 1.909816767026351059e+00
2.446247673289915880e+00 -2.408962279330426171e+00 -1.695350205728129334e+00
1.481084290585013230e+00 -9.380908654335665675e-01 1.215379544437894532e+00
-1.020540454236381844e+00 -9.631801541736021433e-01 -1.285394111598888500e+00
-2.965696843859810361e+00 -4.061870914314489767e+00 -3.871715734233891482e+00
1.101566681859511787e+00 -2.814041279957861796e+00 1.602019177624603774e+00
4.690458300406241676e-01 -3.845193617434449429e+00 3.792730020343955566e+00
3.853388120758753921e+00 -4.078783559427607841e+00 -3.318796033299798776e+00
-5.675121494457138205e-01 -1.131027337744491934e+00 -1.885174392538156440e-01
4.761177964105752225e-01 -2.153762751824498611e+00 2.692481360639284560e+00
-3.801283783272877859e+00 4.025303116099057554e+00 3.757302652322212388e+00
2.284048244765229718e+00 -2.490095638558012858e+00 -6.301524724041049907e-01
1.045495249797742332e+00 -3.649133763916724948e+00 -4.286252804554148699e-01
3.343526758382368680e+00 -9.559515117275146912e-01 -7.367542299923084403e-01
-1.519991342965137937e+00 -1.207991684131554333e+00 3.197845891472457680e+00
7.455901105878820490e-01 5.782245094535436447e-01 -2.930794805208306375e+00
-3.203635616408599507e+00 5.016303764573039059e-01 -1.881791199278958882e+00
-1.985364943500662838e+00 2.257632861380525768e-01 6.384348517938680523e-01
-3.253832513805329452e+00 -3.245438232705648018e-01 1.699236312142626271e-01
2.159737344152892646e+00 9.963453403688680154e-01 -2.924908936224382305e+00
-1.769728184540204863e+00 1.276649751383852893e-01 3.490191491045208760e+00
7.456012973608482364e-01 5.863537693973137621e-01 -3.997489455940259173e+00
4.601056618056539316e-01 3.287655365654568396e+00 -9.031124378374458250e-02
-3.416392205192844145e+00 -2.199782267183694628e+00 1.147285385370467647e+00
4.551389586111808105e-01 2.540723378542654842e+00 -2.133255491005681570e+00
1.688658681049184374e-01 1.655402603932287331e+00 -1.496978195806567768e+00
4.451302187161744750e-01 -4.106252522719339382e+00 -3.187111844681801642e+00
2.010817678080116799e+00 1.107803281454887490e+00 1.811294205842412630e+00
-2.269401907770619009e-01 -2.888991864397334908e+00 3.051485961650783896e+00
2.749409498481366398e+00 6.666619834611509088e-01 1.124018588283181463e+00
2.787285698364332820e+00 2.520631608182716032e+00 2.289884528788159290e+00
3.534475269718862389e+00 2.412317325740444218e+00 -1.650765258342669906e-01
-2.166830387950836823e+00 -4.022879832324629312e+00 -8.963337248403452362e-02
3.875517716068383578e+00 -4.104441948137518281e-01 -2.776544564237814594e+00
-3.304549904930202509e+00 -3.936562475329337119e+00 1.000513194441627229e+00
3.015201237398594802e+00 -3.274017526898580055e+00 -7.516540211356681489e-01
-1.722249464485216874e+00 -1.665620470425559718e+00 8.618902992533229446e-01
-3.573515574540327755e+00 -3.605727552782514778e+00 -1.071304432232520254e+00
-6.767385892114918811e-01 -2.869705427193138814e+00 -2.986146643327059369e+00
-3.871753613420489959e+00 3.900128975851730129e+00 3.127691415199555514e-01
-1.981090448341469967e+00 3.984571073766103755e+00 2.260840082418595465e+00
1.186733391290595158e-01 -2.983724018906690034e+00 1.602058328191807490e+00
2.400469106010628462e+00 -1.158127851753245841e+00 1.608509277157514017e+00
-5.143368656910024539e-01 3.892555252391140197e+00 3.402047581743679494e+00
-3.629954043850494028e+00 -2.899841537802337221e+00 1.871730645048694130e+00
8.670757331814115121e-01 2.567307132496118527e+00 4.001778950356956521e+00
-2.253722136274361354e+00 -1.865920872199523517e+00 3.652082962700007762e+00
2.930986306956580467e+00 -3.280667459069219749e-01 4.026847639503460918e+00
-3.312409629139598799e+00 3.174247284712830464e+00 -3.926378874451083245e+00
3.807675116987569996e+00 5.606844076417514255e-01 2.456941116627402444e+00
2.715833292766396401e+00 3.029758638806519855e+00 -4.098789077806201497e+00
4.594492637155710990e-01 -2.192385962844812575e+00 -3.435604369444021922e-01
-3.959403193953392908e+00 3.773136928277409208e+00 -6.526278381760153291e-01
-1.500242588882606531e+00 -1.608120570272262739e+00 -6.914487680497739541e-01
-1.422676480083487238e+00 -2.490442789723835482e+00 3.760235413560436779e+00
2.924212029198527407e+00 -1.120756944013335810e+00 -3.445082923851002121e+00
8.074976760485752525e-01 3.633649205047411623e+00 -2.346192564108682266e+00
1.212233947374305121e+00 1.099706069996729596e+00 -2.411078013271055753e-01
-2.619331418237520470e+00 -2.468237672816688377e+00 2.970762949982068690e+00
3.581418488175015735e+00 1.399349190732879000e+00 -2.501498035615916105e-01
2.332173217085146966e-01 -3.061181751369640214e+00 -2.392379358681264723e+00
2.100222490514800366e+00 3.823457571236724917e+00 -6.274338808627120123e-01
2.282255340448244990e-02 -5.041514431502570615e-01 2.882714725894906516e-01
-3.739787914024013116e+00 2.093464211195310565e+00 -7.722597156386923345e-01
-1.611546975101862289e+00 1.020633446874117389e+00 -1.259086396096990690e+00
-1.537387261459783439e+00 -1.490404586425478684e+00 -2.002121412856581184e+00
1.603839442221920875e+00 -2.011687002875419239e+00 -1.984630704575518489e+00
2.082473438817534217e-01 -1.151030695249767088e+00 -4.095664945029756865e+00
3.776789736847075307e+00 4.781675419955929152e-01 3.545705396955995514e+00
1.408146958147241889e+00 3.215245981066843228e-01 3.552613797857052891e+00
2.774566424790724017e+00 3.535753612255403855e+00 2.443314984154087988e+00
1.581357019424964427e+00 -1.703872585825436436e+00 2.578032100471544297e+00
-9.281333844664083621e-01 3.939011544489883221e-01 9.030000901597106111e-01
-7.714364854539319527e-01 1.568893844542202709e+00 8.757744407863252145e-02
3.756737885717056358e+00 9.538015628616915986e-01 1.011966477393281050e+00
2.892725646121641514e+00 -2.680597145232079370e+00 -4.070600600558234028e+00
2.891609490330181664e+00 3.090125867559128992e+00 -6.598418397532042068e-01
8.450614751348909381e-01 6.420234152996578958e-01 -1.136627172102768757e+00
-2.591515474191903756e+00 2.647479264494069451e+00 -1.250599492374224297e+00
-2.819639126437651466e+00 1.366130541673266752e+00 -2.480684178771895176e+00
1.911355335570437353e+00 1.755093160438472077e+00 -2.064987381691642199e+00
-2.218025981726253093e+00 -2.194389099020849887e+00 -9.494603993751739024e-01
-2.537069254602814627e+00 -3.662206143216836463e+00 -1.020810691689022720e+00
-3.921469308974190771e+00 2.390679169463260756e+00 2.504131657559395929e+00
1.068604483477895828e+00 -1.629942328321968503e+00 2.329073219473611900e-01
3.937529052810805119e+00 2.063361201935070444e+00 -2.930566365469452705e+00
1.106189232879613682e+00 -1.558724941254167051e+00 3.516339643953324767e+00
-5.830230585190651071e-01 2.807220620934946176e+00 -2.206648423010825422e+00
1.307604084020086210e+00 3.047853481326845859e+00 -1.665076797900215455e+00
1.640758998789988210e+00 -1.688256858049497877e+00 -8.952775866851353515e-01
2.993770928642098816e+00 3.310217160215267018e+00 1.437551305907880606e+00
-3.588899651848128425e+00 -3.454946451986882217e+00 -2.838769653237820378e+00
1.843224020271274410e+00 2.109916323121217907e+00 2.465500114460819514e+00
-6.746908837394591796e-01 1.578808068092827810e+00 -9.696568650866128625e-01
3.735708048530676173e+00 -8.819335106229219123e-01 2.356297848218690483e+00
7.999541817737134686e-01 3.696303685297845476e+00 -1.030377432288443584e+00
-1.855905057865546992e-01 -1.701484785654739262e+00 -1.274876675936903681e+00
-2.549509235615625258e+00 -3.354602954677392557e+00 -3.280417921177865015e+00
-3.163004319337507475e+00 -8.771737522810567622e-01 2.224167327344507950e+00
1.371262579234233447e+00 -3.856876511339417390e-02 -4.564415931017199446e-01
-2.737656508892905460e+00 -1.385665373997546856e+00 1.318715918346285099e+00
-7.219335336517522794e-01 -3.342692857762327829e+00 -1.085363249272943920e+00
3.040166948282687631e+00 5.665540697456608044e-01 -1.701042928595771775e+00
-1.375054596844767385e+00 -3.953884962827319605e+00 4.274260901767147902e-01
3.541286427761749067e+00 2.253421222118470180e+00 -3.862615014801486613e+00
-3.338311533526313601e-01 3.249694341450433566e+00 2.738021398316346389e+00
3.834281347529894912e+00 -1.445249090954374482e+00 -1.483577226739663857e+00
1.765657828318456524e-01 9.415078727433904282e-01 -4.487890993408039653e-01
-7.802106396437806790e-01 -1.479758595954085154e-02 -1.399235817898428325e+00
-3.948555260053656202e+00 -1.455236764527952253e+00 -2.614657108226855264e+00
-2.492469219499956701e+00 6.728460294104753325e-01 -1.060203867233116437e+00
3.476035325637556905e+00 -1.039967574526909910e+00 1.279669576472299841e+00
-1.194463020620019300e+00 -3.991197593552594292e+00 1.494696639552879125e+00
8.018863933214407380e-01 -1.231566922567810751e+00 2.274932848959998477e+00
3.096949172227063674e+00 -2.003453186054195978e+00 -3.448976269788156523e-01
-2.623204615771416837e+00 -1.607835140506005622e+00 -2.353739738995868525e+00
3.774991148757143034e-01 -1.998566196332400013e-01 -7.581666550701747775e-01
2.061196935842793287e+00 1.938568984865781664e+00 1.102538778027054578e+00
-3.780238550356215477e+00 -1.161561095001861332e+00 -4.032504305916941867e+00
2.009153810755741620e+00 -2.076618365914000286e+00 2.871710922377266328e-01
-3.672001008892351592e-01 -3.755542437910578180e+00 2.183184754514631842e-01
7.929331189769697752e-02 -1.624334144976621097e+00 4.716147216919893692e-01
2.392898331284357916e+00 5.931579614764943553e-01 -4.010765460143044692e+00
3.108016073217161335e+00 3.013755371903468205e+00 -1.860922478975671979e+00
7.506345661917396273e-01 -4.771676171273689926e-01 1.645689593925880434e+00
5.862556223135910738e-01 1.956417690998197623e+00 -5.245561289896359947e-01
-9.769517765812917309e-01 4.049777824402462478e+00 2.433800922090129326e+00
-5.565912460786707205e-01 2.212161598587242040e+00 -3.099454519354724713e+00
-2.583679985557532088e-01 -4.050964607389881067e+00 -2.466117457213548025e+00
2.044366366053113282e+00 -2.899778515527991374e+00 -2.932769810511620889e+00
-1.947062871212987600e+00 -5.082468611201326203e-01 -3.909662943839432803e+00
4.022408479644125734e+00 3.334655070068769156e+00 -2.095005753372812585e+00
4.027940773342901792e+00 -2.432631989818519358e+00 2.550139811787431654e+00
7.868644165535101376e-01 -1.905880650254541786e+00 1.295858043013183414e+00
3.740790086841048190e+00 -1.550851600698597510e+00 3.600009576294516123e-01
2.454643689734115508e+00 -2.298098613928953871e+00 2.234659805537707822e+00
1.459544774133379352e+00 2.748496476399100885e+00 -2.666321230766955264e+00
-1.808484105730964853e+00 -1.504692039202329745e+00 -3.033672794727040323e+00
3.481142890997428185e-02 -2.711874685533629759e+00 5.401684852120021141e-01
-3.237531524735288713e+00 2.471312858114385946e+00 -2.681480786628880342e+00
3.178314195488080252e+00 -2.396100735982271690e+00 3.197908489240749219e+00
-6.444306135596197804e-02 -3.816154585303979996e+00 2.565452241952742352e+00
2.070584813684266834e+00 -3.465986951131051264e+00 -1.068117093695929443e+00
1.484041230254961929e+00 -4.083268739039948692e+00 -1.628250377526214931e+00
2.798553919032972903e+00 -3.325182724163249670e+00 -2.002348564046505075e+00
1.600042477879176084e-01 -3.117460173579956528e+00 -4.401102973102375415e-01
-3.934608797252554080e+00 -3.274361683960099967e+00 -3.785676117310321054e+00
3.081299780216554485e+00 1.209232957158422828e+00 1.968730769232069466e+00
-3.215284571466087815e+00 3.192282961316891932e+00 2.194864364345800123e+00
5.009123880259950257e-01 -3.555854152380349298e+00 -1.579395448116623246e+00
2.900374131318190329e+00 1.500694112530780222e+00 6.141092182593369531e-01
3.185882342357298391e+00 -2.874657421468739482e+00 1.931383309200636944e+00
-4.594724146825988897e-02 7.318807516878885755e-01 -1.547367972183705254e+00
1.363229353213076367e+00 -3.679671439969841362e+00 2.031939020263302531e+00
1.817461138601957682e+00 3.556743486604368787e+00 -3.283393204525306697e+00
-3.545606696816580694e+00 1.297526566413300664e+00 2.323709317432973154e-02
2.326158786556363545e+00 3.485809683976251350e+00 -1.572863288045667662e+00
7.377861105885841209e-01 -3.142950761747624444e+00 2.727860812800379176e+00
3.902015769962172254e+00 -2.574177505851448444e+00 -9.043596034925477367e-02
1.441736315656170886e+00 -8.066100724187134086e-01 -2.088303551357795662e+00
-1.385289919936015579e+00 1.059264406305688855e+00 3.669290528058211542e+00
-1.539853161793351966e+00 3.408049064191443822e+00 -8.527108037184729650e-01
-3.967531974364699732e+00 -1.529310272464541098e+00 1.740104398586538093e+00
8.996928522740716971e-01 -1.755703606081542523e+00 -2.787100945140326580e+00
-2.298762058953746745e+00 3.166087457409749284e+00 3.803132445698887310e+00
-1.684940795210680076e+00 -2.294600420307496336e+00 6.723561148438078616e-02
2.110515583041774335e+00 -2.464161728837413468e-01 3.263368021325882662e+00
-1.049969992731100144e+00 -8.493952885498031735e-01 -2.769831342347991665e+00
-2.588343051695329855e+00 3.232339313424694272e+00 -2.501010640956214282e+00
3.695071900545936927e+00 4.244895016165431967e-01 -3.627061932025535729e+00
-3.454323479553968568e+00 3.591832650626617163e+00 -2.903867378082698902e+00
-1.539195806051896653e+00 -2.270212432925689860e+00 2.791273674181721010e+00
-2.647298628661159725e+00 -2.764739189260418506e+00 1.485217277240966194e+00
-1.074193658838384469e+00 -3.977413256403720787e+00 -3.194473765677556809e+00
2.709910783850899563e+00 3.942903176247794406e+00 -3.465326064497325831e+00
-8.409880567076248870e-01 -2.156761525463406937e+00 -1.880010162856387446e+00
1.473071890703366582e-01 -2.201009148235515966e-01 -3.666663364769771505e+00
1.178619529487179074e+00 -1.409550292951674111e+00 -3.683740474126631081e+00
2.820187079918516471e+00 -2.076827806505755714e+00 -3.171042319029540923e+00
-4.987719449585883424e-01 4.654466158208794280e-01 3.831215699313498035e+00
-2.500991110137438245e+00 -1.547943560517176964e+00 -9.954020028684726351e-02
-4.016742815557236668e+00 2.398737216183841614e+00 3.476062977224079198e+00
-3.418952611438851097e+00 2.286531205775947484e+00 1.632078313201448694e+00
8.575522794926018211e-01 -2.675978761595497080e+00 -3.267118582761725509e+00
-2.873233079463112016e+00 2.260120244909980813e-01 -3.478967986236783716e+00
-2.181714563873799584e+00 -2.244146200511579980e+00 -3.552599295476858821e+00
3.342451323050234513e-01 1.974342952965042031e+00 -3.545928592587995976e+00
-2.077842932150177457e+00 -2.448843594657082789e+00 -1.988771245149280942e+00
-1.007630654097286138e+00 7.069254992687541428e-01 2.809544335163979056e+00
3.788760858784950281e-01 3.188020033300227762e+00 3.395922666537592782e+00
2.694619168934158981e+00 -1.405221741492340914e+00 -1.377659500788113389e+00
-1.926990371220404841e+00 -3.887656013328977256e+00 -4.106937299988973500e+00
2.192923842540616342e+00 -2.430083180538612497e-01 2.195907339757487975e-01
7.160001553327881574e-01 -3.798595253848027653e+00 5.784444947015193739e-01
2.227849898700985598e+00 2.376624062044454533e+00 3.368624342857722720e+00
2.483169382780203271e+00 5.055866094101166969e-03 2.182595863896057864e+00
3.300094100374890260e+00 -2.297878041365121415e+00 -1.380017141309102913e+00
-6.727941195891370407e-01 1.458871857250369830e+00 1.136614873511859303e+00
7.504670031919689066e-01 3.561664664610880937e+00 -3.931090522355321415e+00
-7.747807272365754283e-01 -7.742006497453210456e-02 -3.394766298522180037e+00
-5.883776217653251539e-01 8.692136704908841605e-01 2.005721742332979396e+00
-7.618073026261881209e-01 -1.834413727769526936e+00 -2.837002177615265186e+00
1.394550718134050404e+00 -3.019674567708835689e+00 -3.967590795640214107e+00
-1.337355660598002149e+00 2.540947631262544970e+00 -3.941694979945885358e+00
-2.608130995361636617e-01 -4.741227898132155394e-01 1.281846099757209645e+00
-4.017204079831268260e+00 -3.974299590033612439e+00 1.790482587412948190e+00
-7.583268785453780580e-01 -2.905942135903553325e+00 2.188162880498256690e+00
2.474441383734885758e+00 1.977049774812343008e+00 -2.937279299779695929e+00
-2.246703841304561688e+00 3.553448022580333543e+00 -3.456126400331547721e+00
3.237725501022413077e+00 4.039993877327374250e+00 -2.557131028337046086e+00
-3.211240508561695961e+00 -1.551688975274049032e+00 3.248588315583499142e+00
5.346525350824150591e-01 -2.838953485534477128e+00 3.839187478587964275e+00
-3.176196315105664247e+00 -1.994581347019630302e+00 2.246218904055591103e+00
9.115391320305943346e-01 -5.317553017339724519e-01 -2.946143103810131780e+00
-1.600262389424106368e+00 -9.891905810913482755e-01 8.541540354970089677e-02
-3.718159064628640653e+00 1.965961181273120140e+00 -3.853375571255777121e+00
1.466514461246938295e+00 3.678928020824847156e+00 6.114930142950375513e-01
1.130387219978713720e+00 -5.008528648706666031e-01 4.049665794484872627e+00
-1.917934625507970781e+00 2.074604589743475280e+00 -6.751183054141044471e-01
-3.308029503544061001e+00 -2.227834423352855087e+00 -3.951885844844008844e+00
1.295809938335514166e+00 2.029780965486859490e+00 2.575748764780012579e-01
3.758190607297608565e+00 -1.948019207633959970e+00 4.085151261985558335e+00
2.062457796319477232e+00 -3.998569886203549029e+00 -2.457259939219042622e+00
2.366412534082984021e+00 -2.815119945479166663e+00 1.064490903744012451e+00
7.792709513595915682e-01 3.720030127150093069e+00 2.561749042358832718e+00
-3.830261278096186661e+00 3.874896513910543128e+00 2.680303042879756514e+00
-1.194764769868850607e+00 2.481800376996333934e+00 -1.262926459037201576e+00
-2.684845583645387723e+00 7.352473702965738322e-01 1.137778472921252781e+00
3.469701980307411393e+00 3.703082881536362336e+00 3.213686796820057978e+00
3.573594158868340198e+00 1.730440702276613951e+00 -1.173687190780582812e+00
4.713875448492345077e-01 4.556253991667320036e-01 1.631296391355844921e+00
-3.536182612831212602e+00 7.701782454226735464e-01 1.852302656671569903e+00
3.976176348988441411e+00 8.506962231970862653e-01 -2.025431269206000362e+00
3.515492513789948870e+00 1.873096555133494601e+00 2.778258190991455656e+00
2.013425584438493843e+00 -2.634675471073464337e+00 3.552466241592052931e+00
2.888782430515405952e+00 -2.762979367901550187e+00 2.458380464841219415e-01
1.967098401224887549e+00 -4.033688219855824375e-01 -3.287328592546730821e+00
-1.751490230889737099e+00 4.767960919900870453e-01 -3.627934862501975388e+00
-3.521361873531944742e+00 -1.973572592025978567e+00 3.267483556082247109e-02
2.894600467208205075e+00 2.434467413507137579e+00 8.617586563924263254e-01
-6.034604625799455668e-02 3.441996780677589740e+00 -1.606775349640061190e+00
1.798646636335221149e+00 2.521146161188035362e-01 -2.247556894275138717e+00
-7.615527004272143463e-01 -3.135288201998692514e+00 1.102128262860615049e+00
-3.280477761555153915e+00 2.990898985473367855e+00 3.237134176920187123e+00
3.970252704650068520e-01 1.588777608339297931e+00 3.779139723194074207e+00
4.075265186802239370e+00 3.980027324621444595e-01 -1.916010537390935298e-01
-2.606505036455956770e+00 -3.426330887543857173e+00 -2.068047226278918238e+00
-3.607779021565990174e+00 3.341754795283280899e+00 1.237658299402952577e+00
-1.460708696267255524e+00 3.111920642758599698e+00 1.819723491460983222e+00
4.041811043461885689e+00 -5.953294937801069109e-01 -6.430344848084654230e-02
3.749176401818627546e+00 3.271374458170672739e+00 2.216127666454942524e+00
1.745789278365415198e+00 -3.108201714915987512e+00 -1.993343990594288018e+00
-3.955041291647507506e-01 -8.221717562894852449e-01 -2.070690633523400770e+00
-1.296164375126316326e+00 3.671973123138793760e+00 -1.782436248508602050e+00
3.746308340132298298e+00 1.131598537426533047e-01 -1.027778342188055971e+00
-6.209526012277503115e-01 -2.431730981128496616e+00 -3.934075447987497309e+00
2.001381317515917857e+00 -3.282575552769999572e+00 2.264288369682104091e-03
-2.583599130091532192e+00 -5.095701890070036821e-01 -2.176408617745504426e+00
-3.958248233600818455e+00 1.378699633477384667e+00 3.190053436408988308e+00
7.952151371226695575e-01 1.356228970254843569e+00 2.181584944279187255e+00
1.922883982918141887e+00 3.032326755004139063e+00 1.877884669591818101e+00
3.215737957187648988e+00 -3.309621848529811672e+00 -3.159780580766852420e+00
1.313758169562616374e+00 -2.688030359766690580e+00 -6.214466982704659470e-01
1.395205920950540524e+00 3.277901500046644379e-01 6.775293127188137809e-01
1.484618875349477563e+00 -4.020229878839661097e+00 -4.023670042495900212e+00
-5.337481596858058008e-01 -1.868508923151742662e+00 2.612777200743667372e+00
2.318456169701364811e+00 -3.469936347392384324e+00 -3.807676821898046793e+00
1.982013042268615521e+00 1.840914430309630978e+00 -8.625598346311289522e-01
2.208524315260133708e+00 -2.077325344567851340e-01 1.268880513503228391e+00
3.226517304844976675e+00 -1.757147340019796999e+00 1.806690046098882840e+00
-1.257698516525417531e+00 -3.363043563191999485e+00 2.982912318649844963e+00
-3.991471842222514610e+00 -2.653364503847279288e+00 -2.102104766930423807e+00
-2.034296518823776267e+00 1.082767410207881476e+00 2.738987234758340605e+00
1.797331425252771675e+00 3.194657182570901810e+00 3.817085962566122426e+00
-2.852379047535648748e+00 3.361403067528856869e+00 5.575526689827837723e-01
3.163441410303710288e+00 1.305141332689493394e+00 -3.286415441024994166e+00
-2.239786147751395617e+00 6.134552377273104762e-01 -2.132258149895636556e+00
-1.200316605638479306e+00 6.091240893000067214e-01 -2.193160054549841753e+00
3.713963023091510607e+00 3.073873644707377562e+00 6.446608271604037377e-01
5.298358558778228922e-01 -1.213208132850065013e+00 -1.957128697283297081e+00
3.804709593507427101e+00 -4.859123063829783318e-01 3.335676586709126035e+00
-4.297012441464123644e-01 2.476453179629375168e+00 -6.488892112193560546e-01
-1.251744692475728060e+00 -1.374330584096976615e+00 -3.968216453729311421e+00
-1.630385451568885813e+00 1.423769364505831803e+00 1.952359756380757094e+00
-3.133839113266158272e+00 -3.545877731958657630e+00 5.705801776508409584e-02
-1.286078551311046203e+00 2.924366902641730714e+00 3.264393916659226402e+00
-1.190231917364152459e+00 -2.561425852118141666e+00 -8.679208687502713016e-01
-5.468647584279170415e-01 3.189432422624028263e+00 1.636345847949313426e-01
7.972078614078262904e-01 2.075299564917694184e+00 2.917571550283337256e+00
2.769783416714925561e+00 1.064022873217584486e+00 -9.173801842588011901e-01
-2.268315698860733587e+00 -3.361475208958999428e+00 2.942897199131293551e+00
3.847579377839102754e+00 2.927445322986558018e+00 -1.113369081221058154e+00
-3.126404986621644344e+00 1.008178760379119243e+00 2.830735439945019305e+00
1.258462055077729680e+00 1.238444317327917821e+00 1.060733315276134237e+00
1.547291099370703138e-01 8.621867355430918867e-01 3.002671469422252493e+00
-8.183328719516781424e-01 -3.519072569059458200e-01 2.854589224766481692e+00
2.617815808356023233e+00 -3.330308241040025763e+00 2.914740636544102870e+00
-7.361325354652454855e-01 5.691279722266604502e-01 -4.743720438705659181e-01
4.554537361095049586e-01 3.228988113875183696e+00 1.131566189719142468e+00
6.154510195615836565e-01 -1.576873948467698294e-01 -1.957187329163095457e+00
3.995144012375299258e+00 1.590661220784010954e+00 1.824744687420768452e+00
-2.261022654866085696e-02 -2.032060540572270479e+00 3.555411660875252622e+00
-1.769550528966716385e+00 1.840964934475588066e+00 3.245648896232249392e-01
1.485155452560164846e-02 -2.663496940909174437e+00 -1.276736953076169634e+00
-7.902546431772542457e-01 -1.404105022517510015e+00 9.555216037130315199e-01
-3.535622080968885861e+00 -1.249662477612537126e+00 6.668739280101293465e-01
2.611769076366029729e+00 4.006456601934720752e+00 3.698197091609941811e+00
9.904782733715614129e-02 -1.909900957808995603e+00 -3.369273661579545109e+00
2.619080274719515433e+00 -3.933764076622504824e+00 4.835582288001510909e-01
1.861694829299160636e+00 7.091267785857378048e-01 2.707223544512902258e+00
-1.542262982490465895e+00 2.307877526214005659e+00 2.421345300368360043e+00
-2.458698914686081594e+00 -4.649169552186639409e-01 -4.414458515294561458e-01
3.231439998725051055e+00 3.962524818562250140e+00 -1.400389039975011629e+00
2.199743757412882861e+00 9.115043388472516828e-01 4.720541249269963324e-02
2.627646020377647051e+00 1.397524775090877913e+00 2.905149504374199498e+00
1.467360729104593808e+00 3.310385672514984390e-01 1.637392802977978734e+00
1.366674274070298845e+00 2.896956135791233677e+00 2.976309141258709712e+00
-2.875094581089862711e+00 -7.938167667222821577e-03 3.632899279363029699e+00
-1.272535160184264935e+00 3.290663587909839372e+00 8.139900180855446088e-01
1.679003270290773786e+00 -9.940045632207379356e-01 -1.532210473392415506e-01
-2.131488213838522494e+00 2.730154560889720194e+00 6.981075052241345613e-01
-1.592711771301269064e+00 1.647100640551498185e-01 -5.556405509390287545e-01
-2.683710406871400167e+00 2.350868072378165863e+00 -3.814157802296604505e+00
-1.821905438170201341e+00 -1.102475843936630007e-01 -1.480169408656744512e+00
-1.867868849771364026e+00 2.718214354238439601e+00 -2.106360026840227384e+00
-2.990308816135969217e+00 -2.790749854481151537e+00 -8.175567482659937824e-01
-1.752694704794679259e+00 1.421158999413414614e+00 -2.600442018584439019e+00
-4.036121206883888313e+00 -4.088710236573974699e-01 9.116360375548833161e-01
1.400456920738176736e+00 2.829851810057602446e+00 -5.126422689428836721e-01
-3.342990626245554875e+00 1.363364611652545522e-01 -8.514869231310042696e-01
-2.824860358618987544e+00 1.558410311814397708e+00 -6.844034262778262434e-01
-1.722668214078864057e+00 -3.139162311242083891e+00 -2.637229021275661722e+00
-2.326209813048887298e+00 1.709658146809693635e+00 -1.703456425423276688e+00
-3.463474926277727128e+00 1.408395650987314562e+00 1.048246441518929872e+00
1.920303475557351591e+00 2.544782205699361199e+00 -3.690842780537209933e+00
-1.631514211098541445e+00 3.921342582127313126e+00 3.201469400818416577e+00
1.022074799369235620e+00 -5.897641195455111118e-01 4.231414137328102787e-01
-1.354638255015095938e+00 -3.853291051784965671e+00 -5.526679870685932139e-01
2.658734898432941751e+00 -1.075573487279732232e+00 -1.607966007293321758e-02
-2.791415894323755253e+00 2.004728856516795776e+00 3.477767969076346888e-01
1.994450408621564197e+00 -1.554959306246376904e+00 -2.764113059576245757e+00
-2.300214387318185949e+00 3.108885396531263279e+00 -3.107971437518576296e-01
3.369238048175849709e+00 1.354744343863340195e+00 3.870554023594757975e+00
-1.392586210338820463e+00 -2.162187105837384049e+00 1.812498540415182990e+00
2.970314728582382990e+00 2.918094629120067118e-01 -2.624239807504709088e+00
6.074087250885151085e-02 -3.273966896853651720e-01 2.405860043993887754e+00
-6.762830537175473777e-01 -5.637958192666702173e-01 3.794368869479820106e+00
-2.857104865529646265e+00 2.290834796328418577e+00 2.519727501432654115e+00
-3.275556312565158112e+00 2.876184284341758435e+00 -2.693274252870280772e-01
-3.385070594553805101e-01 2.268691100682930895e+00 3.128033733981911091e+00
1.661308395041735997e+00 1.582925390748675554e+00 3.426366831263202073e+00
-3.685694623747954868e+00 7.086711373588008844e-02 2.958192639570062177e+00
-5.616001998799376171e-02 -3.340803187366593985e+00 -3.575049414266951331e+00
-2.383522488583984966e+00 -1.236036076477668555e+00 -1.238785458463281586e+00
-1.376087719894407924e+00 1.951930953756340514e+00 3.359071261596685343e+00
-2.224845072700059045e+00 -3.821129299773564192e+00 1.020377546362064569e+00
-2.672508470261997449e+00 -2.529481039781393381e+00 3.762185679316792930e-01
3.505472802371143004e+00 -3.778152322118016659e+00 2.591306907728099684e+00
3.376669627844978816e+00 -3.621280310729717122e+00 4.017027444606341646e+00
-2.671572328886829606e+00 7.479114851304936584e-01 5.120002405393339617e-02
2.832351489456072180e+00 4.264003858838405492e-01 3.023788867527807511e+00
-3.494057144198754905e+00 9.297628322822374392e-01 -4.076541830917023823e+00
1.204609771979475719e+00 -2.670897914245470961e+00 4.330756144125046947e-01
-2.272426182198141742e+00 2.286998398650277764e+00 1.597987578149841603e+00
3.846714183894934358e+00 3.200223204788400277e+00 -4.018126232122619435e+00
-1.080718785707354579e+00 3.533052809646061831e+00 4.110318419870955253e+00
-3.764503652936067812e+00 -1.045909019284652491e-01 4.103231158079956309e+00
3.269810666867500437e+00 2.715969804529654752e+00 3.101879668887403518e+00
1.226802048783655730e+00 2.488624793125213674e+00 1.146647840061177703e+00
-9.728538168623809268e-01 -2.834642611192218498e-01 1.707515802856598430e-01
2.384321670668646309e+00 -7.006116584049542073e-01 -2.073578971448983399e+00
3.186640616510230561e+00 1.567102998911504619e+00 -2.154750056079550280e+00
3.599805008376202320e+00 -3.548945925468436347e+00 4.350499909240203023e-01
3.171918192431155248e+00 -1.220085843496119038e+00 3.638502615085924763e+00
-1.762338903725452655e+00 -3.180491056326284927e+00 2.039288788492371829e+00
-5.749442316385042773e-01 -2.109593612948837738e+00 -2.854223449640168053e-01
-3.290631733547197513e+00 3.999176000304976775e+00 -1.877374945019208097e+00
2.330780518551074376e+00 3.284023358068159926e+00 4.491493853339675879e-01
1.093287460457426086e+00 9.996033291514291319e-01 -2.016527146680856308e+00
3.997962463783284015e+00 -2.498209880228666080e+00 -3.168922664771142816e+00
-3.040134303376729186e-01 3.877959204548161676e+00 9.305599230580268166e-01
-3.832567882270348392e+00 -3.009634681508528975e-01 1.840074726021049933e+00
-1.107753068459647938e+00 -7.612643049355348468e-02 1.925441440942696092e+00
1.832551702270204474e+00 8.226647734575345261e-01 -1.248772215624483373e+00
-2.217167103420933039e+00 -1.708333170783009392e+00 2.308960246771754932e+00
-3.639087225366527623e+00 2.533327442041251043e+00 5.869226199638982733e-01
-1.895194207222511196e+00 4.057649349435772934e-01 1.765771832591095825e+00
3.917726712307991743e+00 2.339799468192971688e+00 -1.952239618178850389e+00
2.488870743355668047e+00 2.966097418100769101e+00 -2.710704223777668620e+00
-3.034130399282449986e+00 -3.178983182461782686e+00 3.838751058632155377e+00
-4.793975334812324851e-01 3.301896704068513433e+00 1.640387897317680421e+00
1.089581738781820672e-02 7.802442925096636506e-01 5.708709999972528815e-01
-1.296567543444916148e-01 -1.402580150736062015e+00 1.722825446634905555e+00
5.472939121842115284e-01 -1.215899040409804677e+00 -6.642519875518466677e-01
3.737771672633711795e+00 2.534502237919287637e+00 1.638376560116272307e+00
1.048957021393445377e+00 2.212358239009356020e-01 2.579068605166606964e+00
3.161940630745388781e+00 -3.006332573515150819e-01 7.222218466363766742e-01
3.861961234282357935e+00 1.907175417736050704e+00 7.969799685911685971e-01
-2.006947957869799737e+00 -3.155178554527472645e+00 -4.042420093341655973e-01
-1.409592884505005861e+00 -5.070300330454016180e-01 1.106374232375152644e+00
3.254973457624630306e+00 3.953666389661224745e+00 -2.118646796154352030e-01
-2.837503573129975365e+00 1.385759040284919585e-01 2.328654941695929459e+00
-2.196109818440917127e+00 3.065810145101349971e+00 2.765932548424705484e+00
-1.696013895234423474e+00 -3.435398346276140380e+00 -1.600324870900376784e+00
1.508073212727710111e+00 1.474369196309546215e+00 -3.893655838612183562e+00
-1.713389411084551339e+00 1.511101899366162682e+00 -3.735033420026102835e+00
-1.656999420198083772e+00 9.491886390865198475e-01 -7.406325844012379145e-02
-3.397472856505250771e+00 -1.838513470465524824e+00 -1.574906739516523935e+00
-7.454691922103067192e-01 -3.248115180138634095e+00 -2.042977906564285018e+00
-1.862748796797638384e+00 -2.825010401764860291e+00 9.322103628557790733e-01
-3.020624222432215955e+00 -2.509131158138854900e+00 -2.821025826245635582e+00
4.015376942064369237e-01 -1.379887660541239125e-01 3.410339837879571512e+00
1.965394592693259890e+00 3.879205416950910923e+00 2.879503116438642429e+00
-2.556246952278510953e+00 -8.081890605268002847e-01 3.056394080776853261e+00
3.245543867210165079e+00 -1.394448276703837752e+00 -2.413855514924819978e+00
-2.792363802698012876e+00 -3.643093914605555650e+00 1.902782791146672592e+00
-3.318663765843159474e+00 -9.953562398851542037e-01 -8.226460514474454033e-01
-2.450886812563430883e+00 3.330676569638331586e+00 1.555504354815205215e+00
-1.569510622982905890e-01 2.755006111389588064e+00 -4.053211991966127137e+00
3.394034080725304214e+00 -4.026227884528202350e-02 1.707140996220119167e+00
-1.316110543524162457e+00 2.287938164087724324e+00 1.287833566824082121e+00
1.957913850395613276e+00 -1.096137470485192500e+00 4.017608027450193298e+00
2.282687720325226266e+00 2.354567732617159237e+00 8.265822269949538170e-02
-6.705646305765894377e-04 -9.163950901501689561e-01 -2.983470831533751255e+00
-3.888214060864420674e+00 1.179744056676657271e+00 -3.062632510723991786e+00
2.777481139809133026e+00 -1.652849195021993234e+00 8.221533529116178407e-01
-3.015787086714428522e+00 3.763680151352794212e+00 -6.811941915989757623e-01
3.520572327403930224e+00 3.001611296149542696e+00 -2.987996620618063925e+00
1.548556590159188451e+00 4.903946912887217069e-01 -3.524161390609374056e+00
-1.287607599122984281e+00 2.669924295345768694e+00 -1.773294769225056411e-01
1.766265990979114076e+00 -2.888386069180845617e+00 2.645963538124602277e+00
-2.832684752725336819e-02 2.313421446746905641e+00 2.795731602319248554e-01
4.594796194728817396e-01 4.106191173009240636e+00 1.698012370473497068e+00
-3.898950131456838886e+00 -4.598206521216877674e-01 -1.631065151583570572e+00
-3.398538581873138842e+00 2.934768322115017813e+00 -1.796482641268310809e+00
9.666686654418780167e-01 1.831854328739283888e+00 -2.642794140813611303e+00
-1.089843944583345214e+00 -1.119057746289867206e+00 1.844647259228209712e+00
3.621517604825321257e+00 -2.406112622225462960e+00 1.114826840961641752e+00
2.352202058994187883e+00 -1.756546801231906318e+00 3.367512816306176049e+00
-2.038651255680308805e-01 1.187539558087907565e+00 -2.418113824152468450e+00
2.699012103872243884e+00 -1.056396704036604461e+00 2.629916548112676278e+00
-3.020400329273885021e+00 -3.311466784267159680e-01 1.309678164324656668e+00
-3.593339442438888920e+00 4.865384432629933920e-01 6.380382471847395598e-01
-2.766811870603428591e+00 1.422348676946306290e+00 1.890222337761207072e+00
-3.372702349644228548e+00 1.604915457684427338e+00 -1.728010543766869578e+00
-1.045935767893038104e+00 1.775226356609560074e+00 -1.995224157416715549e+00
-2.371580058430962978e+00 -6.751368717524190988e-01 6.925444327468260886e-01
-9.531314144487910145e-01 -2.981176937953647244e+00 3.469924375021812141e-02
3.921519493934362277e+00 -3.700537891613917996e+00 -2.127164396805742985e+00
-6.955357695437230925e-03 1.049032067298892423e+00 -3.458844000617325332e+00
-2.458512634779476791e+00 1.126019774727973877e+00 3.675431044186113549e+00
-3.823909746021635137e+00 9.582183277773707042e-01 -1.046747910705038587e+00
-4.032577952364037599e-01 6.009533823423143101e-02 -2.469460197123188205e+00
3.314133566093587113e+00 -5.366434686509459207e-01 -1.731841801482511434e+00
