8.220706914434900980e+00   8.220706914434900980e+00   8.220706914434900980e+00
500
-2.270086821590632020e+00 8.682427445143457989e-01 -2.103346841214420948e+00
3.942364085243730831e-01 2.269603413958849014e+00 -3.110037296707357957e+00
-1.065394483171919982e+00 -2.129710072221156492e-01 2.529733323345274010e-01
3.668192661272093869e+00 -2.141718359561893159e+00 3.929658509190375959e+00
2.732137899577561146e+00 2.516790672780542248e-01 -3.322215121608035560e+00
-4.877092464193428789e-01 1.750262967081594123e+00 -3.483423997698379626e+00
1.111786104762252592e+00 -3.328117296224347044e+00 2.356234928101803572e+00
-8.620749663258672202e-01 -1.247759510947826556e+00 3.807878541028727248e+00
1.876335395875005307e+00 -2.670096093369361601e+00 8.231158402316164358e-01
7.652840936788285475e-01 7.370353498399527803e-01 1.794653720583715861e+00
5.190334213318583689e-01 4.099401441597665396e+00 1.290818871384796340e+00
-1.591466437637433451e+00 -2.420305203739860467e+00 2.727317272575706664e+00
-5.949385852270557828e-01 5.530872699709438872e-02 1.218906518265883365e+00
-2.524878626737749876e+00 4.153663932298332639e-01 3.826553495918799452e+00
-3.211681848149146479e+00 -2.116770115954442755e-01 -3.854081349361423214e+00
-2.607579407595226773e+00 1.624463151996047072e+00 -4.017392327619942805e+00
7.129449169888816273e-01 -2.092748113191515991e+00 2.469756350853467008e+00
3.349714800129081071e-01 -3.519444862362966386e+00 1.713375862256434623e-01
3.827456764812702250e+00 3.066477821586298447e+00 3.355841107078317620e+00
-2.310018596766845622e+00 -1.580197157746443093e+00 1.020218215987577226e+00
-3.031565591693580419e+00 -8.471372810504256279e-01 -9.326929147839064793e-01
3.819162642433386434e+00 -2.828312296809426307e+00 2.228133703111110808e+00
2.656547517809626058e+00 -2.337008294418912335e+00 2.503907528506755575e+00
5.996412296036108813e-01 -9.638415807172706629e-01 -1.112845996490979816e+00
-1.195249606709887669e+00 -2.224860203304142470e+00 4.009780024626703465e+00
5.903494338800834296e-01 9.811454713799722116e-01 3.091006737217167455e+00
1.438126011493092049e+00 1.957147066900923216e+00 -1.235991499632249413e+00
2.447074997526549889e-01 -1.116932338885815446e+00 1.387207230545049352e+00
-4.694572472382345651e-01 -2.638370469905375604e+00 2.526081567256763805e+00
1.312335620749043530e+00 4.700056196703731315e-01 1.027639440270824434e+00
3.106564140769184634e-01 2.310068847311020690e+00 8.828445364455088651e-01
3.362819089747129730e+00 -4.197414472411143960e-01 -2.885655318675445447e+00
-1.250946890904279796e+00 -4.104444021330326819e+00 4.055323255094898549e+00
-1.711485770704236575e+00 2.152629436589863943e+00 3.336291381712160220e+00
9.468201312164128414e-01 3.091647456220665280e+00 1.261329181087130991e+00
1.771691454496524987e+00 -9.460519481409214171e-01 -1.389058095962623529e+00
-8.052369792158164952e-01 2.008327798961434318e+00 3.830890468836839702e+00
-3.263457897003874120e+00 2.859553664314338217e+00 2.565090858374631466e+00
-3.250179374203730376e+00 -2.171001537375950363e+00 3.922155653169649536e+00
1.890580557975787723e+00 2.848802526443688254e+00 -1.554390711024492111e+00
-4.034295551371467781e+00 2.466388709678562385e+00 1.757881600898544949e+00
5.872072918239295003e-01 3.722350912361321651e+00 -6.631106718985083637e-01
-1.526493570715465431e+00 3.814032733058630775e+00 3.105760634115848795e+00
3.608863753489538251e+00 8.334225235208581051e-01 -5.145498105171992798e-01
7.782791549209094883e-01 2.112409186325667765e+00 1.806075645969297705e+00
3.258261170329196155e+00 3.425161214311049473e+00 2.343826970892346484e+00
-3.047403104085316894e+00 1.808901003114753436e-01 -1.270130598472926087e+00
-8.880037243417032711e-01 -3.166310651570743318e+00 -2.565082170269856743e+00
3.618301184481456545e+00 -8.626039021888484148e-01 3.228201551374065836e+00
1.475898844302427682e+00 -3.838789185347073030e+00 5.258755741195814126e-02
2.534840493334870715e+00 -5.215825354257214164e-01 -2.164765754732470349e+00
4.087872094247857468e+00 4.164361219073137166e-01 1.745088840362981619e+00
-2.818496623026050418e+00 -2.747874346808638624e-01 3.245156025047603254e+00
-3.898735856519353504e+00 -1.575208472703380602e+00 3.258203924347901292e+00
-2.820729012844678807e-01 1.209670821254006601e+00 3.550852225168976251e+00
-2.603329444808788473e+00 1.177986670474083342e+00 3.173064783090547625e+00
-2.571772553797963212e+00 -1.910809445520191274e-01 1.147379937546586071e+00
8.532997016806854740e-01 1.454138483967746032e+00 1.048633949016498645e+00
-2.175695126935514256e+00 3.407538692429121219e-01 2.602116868786938042e+00
2.750641808247663800e+00 -2.953556263818054584e-01 2.673905839385256833e+00
-3.022005586668258026e+00 -3.611653805165929709e-01 -1.980970424300597388e-02
3.287244504404755130e+00 2.683116221047040284e+00 1.768208347532963520e+00
-2.691363020797375771e+00 8.151688049759086008e-01 -5.657609354310128014e-01
-2.436006585980444505e+00 -2.565207388635187602e+00 -1.683509675246002146e+00
9.349690796983999019e-02 1.494166058143103770e-01 3.905283031710102382e+00
2.289717120317285026e+00 1.638828271021509186e+00 2.511970322290112190e+00
1.561494266134416442e+00 -1.680106298127829634e+00 1.719119598224565948e+00
-6.868714416211084695e-01 -2.624882622886643424e-01 -4.098512942779152901e+00
-3.075890067908951586e+00 -2.051069596081612101e+00 4.270717104384090246e-01
-2.524401302944561110e+00 3.401410773245586050e+00 -2.536158605954755174e+00
2.409002021475367794e+00 1.928750922106211352e+00 -1.290319552252444657e+00
2.693584947956920939e+00 1.468047614445248783e+00 6.012508946040270308e-01
2.644055549688919093e+00 -1.710368836684974969e+00 -1.412533107136235921e+00
-3.027428987203547806e+00 -3.724388883155681285e+00 6.536587923078392981e-01
-2.201537118423502637e+00 -3.699777699816586107e+00 -3.531627004491288080e+00
4.032919693862240251e+00 1.007570022170017232e+00 -1.794555106979746517e+00
-6.066191672279492852e-01 3.532059356167518871e+00 -3.735882069757214374e+00
-2.742066175852839738e-01 3.106322232747980916e+00 -2.768873204605446947e+00
2.535459809842306900e+00 3.677795567708097568e+00 -3.506820286386842067e+00
3.044034250640994088e+00 2.326267874630890020e+00 -2.342387252772776485e+00
-3.200562953884210859e+00 1.225637198579476728e+00 -2.002842078179899232e+00
1.678714846431284435e+00 -6.102012681381577819e-01 -4.019996412318846524e+00
2.656204243070781068e+00 -3.362436891269762640e+00 7.261151968078064511e-01
-1.730097898601962836e+00 -7.859000879882677149e-01 -2.527597055169405582e+00
-7.824514957148478445e-01 -3.847324343870740293e+00 4.742549453120788183e-02
-1.755239418733429480e+00 3.048484813619887213e+00 3.773722942918877443e+00
-1.832095592707307263e+00 -4.015209131034156442e+00 -2.602991602818668149e+00
3.574487364848806248e+00 -2.046889978930880538e+00 -3.218936108077537828e+00
4.107620730958664979e+00 -3.741914818204684412e+00 -4.040716018923855124e+00
-3.895322167125353285e+00 1.410806411491347223e+00 -2.793245077256047537e+00
3.272218158055081094e+00 -2.260306621998595666e+00 -2.113555483888191144e+00
1.913150379934006884e-01 -2.716643407154422540e+00 -1.232892612220210848e+00
-3.009096847114288487e+00 -1.085924853964691961e+00 2.790560123410596560e+00
-3.228728678666463736e+00 -1.420463066138242691e+00 -1.923485632196296535e+00
-2.817897864677483266e+00 1.529168936194533313e+00 5.851170302551066404e-01
6.495811884757697330e-01 1.065836083929760703e+00 1.529322773246928058e-01
-4.008587775596526903e+00 -1.048074771983953601e+00 2.324651676460572247e+00
-1.424146943513578123e-01 -3.876300566401755798e+00 3.612604911900549887e+00
1.405639876492001950e+00 3.809450505738757098e+00 -1.505884647763640727e+00
-5.187028282320453876e-01 -3.479312576571106597e+00 -1.678469831629304077e+00
-6.008735261580729903e-01 3.732531175484344654e+00 2.828668575568242805e+00
-7.584318744819682490e-01 -1.275746603412601710e+00 -2.439992170491835921e+00
3.129316629772593839e+00 7.392432698850279760e-01 2.518073659790316832e+00
6.490920484692193071e-01 2.874541798319817598e+00 -7.427375831715474219e-02
-1.376490379619971005e+00 -3.872600262513268721e+00 -8.279295181461866493e-01
3.482400535370095973e+00 -6.642909228342216421e-01 1.169493682396992862e-01
1.441053082982504396e-01 -3.037469263811554132e+00 1.803733697044252793e+00
1.177648903110584566e+00 2.742869220243814965e+00 -2.200228112972376415e+00
3.111606641346182034e+00 -2.677422152336189853e+00 1.640969595409042414e+00
3.374128830855275041e+00 3.740090630071157385e+00 4.090396999447724724e+00
6.032118505375089201e-01 -1.432438223868846561e-01 -5.894925932313447303e-01
3.696158425099560940e+00 -4.055713024063477556e-01 1.042366234190378771e+00
-1.930825697370471383e+00 -6.366007282849640847e-02 -1.828206858254945999e+00
5.434977448279185164e-02 -8.212120198393362269e-01 -2.247613757997468209e+00
1.737221394028775290e+00 2.386422711721201129e+00 1.475626412413227451e+00
-3.349382984510260286e+00 9.545518144687644702e-01 -3.406347045767453174e+00
2.607488114268776247e+00 4.013601411770578942e+00 -2.605041970432912635e+00
-1.977689667156554920e+00 -2.972380111019913507e+00 -2.581000274548388429e+00
-3.896290186804981293e+00 3.646686243322743159e+00 2.734726091810889326e+00
-2.476933485679148284e+00 -6.682703271242670384e-01 2.035446292877009622e+00
3.292413107546259710e+00 1.674963573365833680e+00 2.367073856997321535e+00
2.671449300406303795e+00 6.437088734092493159e-01 -9.688718360401541441e-01
-1.026566849712306495e-01 3.644838158349834045e-01 -2.234800922509175281e-03
3.477613394702154359e+00 -3.051363385765772929e+00 -1.453585199632810410e+00
-3.879302427801903264e+00 -3.750877513447907319e+00 3.231500858207908777e+00
2.330691931515193271e+00 -1.314680800667005878e+00 2.718311169101438551e+00
2.633981932576373808e+00 1.944546823491994703e+00 1.604989696061003057e+00
-3.611502242089643655e-01 -3.672231778213872921e+00 9.457851988549104139e-01
-2.658542141576293094e+00 2.625066807391901680e+00 -3.841672553863308082e+00
-1.266472680288094899e-01 1.423065709788383426e+00 -1.916163341981905521e+00
3.415989622892909860e+00 2.127484551663442414e+00 -1.222449025603591366e+00
-3.848415405157205260e+00 -3.417452443862731837e+00 -3.114835264991510311e+00
2.384771405944881462e+00 2.927701422017035426e+00 2.167157887833104812e+00
-3.792167936772279813e+00 3.446043039504220307e+00 -2.197418967672414958e+00
-3.647366844751721793e+00 1.416660817280166462e+00 1.043249378445939568e+00
2.181494676218243001e+00 -3.354830977769116984e+00 -3.507991487040222900e+00
4.810025645304931707e-01 3.461806958896960218e+00 -1.864611259304831847e+00
-2.298444815146753584e+00 -2.833516779139277908e+00 2.128236257861966685e+00
2.046231673760270375e+00 2.097743853784229673e-01 3.626605049358195831e+00
3.328335739531728343e+00 -1.433448401860973664e+00 7.784121434973572118e-01
-7.080762534847069301e-01 -3.173706493419438779e+00 3.996728668702490772e+00
-2.957687633943796524e+00 -3.653802266957321354e+00 3.815569884410332957e+00
-6.062580002282066255e-02 6.945724151151632109e-01 -1.042856876311311076e+00
-4.058464481580903893e+00 4.253199054178331134e-02 -3.251179674076413839e+00
-2.050398150278372800e+00 -1.009434168584004032e+00 -1.427523046243548421e+00
-4.106380647019460817e+00 -3.930101441922661198e+00 5.710616618448488557e-01
3.850325745044541392e+00 -2.048389453972317753e+00 -1.263127912628869032e+00
-2.085760046584975491e+00 -5.952055760343982760e-01 4.006059398890603696e+00
-2.073735950031958986e+00 -3.119384147760549286e+00 -7.540676169713137478e-01
-2.058837031812572160e+00 -1.153466422441639772e+00 -6.102061835427739778e-02
-3.954270629100310686e+00 -3.756785815749888791e+00 -1.124029899187078296e+00
2.036349778066374405e+00 2.519861976887789456e+00 -3.062811072562582115e+00
-3.840328852273237725e+00 -5.284652879117720525e-01 -2.406430957722188957e+00
1.017599125516374547e+00 1.742478669852744466e-01 3.642587210658021935e+00
-1.385183019979072006e+00 -4.941279555538521939e-01 -3.417169640523419538e+00
6.508171563031531770e-01 1.205326267934060169e+00 -1.408379627701698222e+00
9.364266475098595999e-01 -3.407509615782426060e+00 -6.425421496976156943e-01
-3.175160150373115275e+00 2.462171620424977281e+00 3.886878212332800508e-01
4.812285729018157543e-01 -1.247268614833990652e+00 2.119218360680683727e-02
-1.822713957174175503e+00 6.764665017610991260e-01 -1.158992917546515899e+00
-1.281431801554975047e+00 2.761953861952329614e+00 2.587766998443835842e+00
1.253024047227726978e+00 -1.723926668564007114e+00 6.389677614932239846e-01
3.206019279171738567e+00 -9.370193386512635225e-01 1.934143611260279672e+00
-3.203909352158452073e+00 3.564061057735116833e+00 2.531413254184428641e-01
9.719328442564834081e-01 -2.023463092834230925e-01 3.486721226936591034e-01
9.017643743036631854e-01 5.374186048271667460e-01 -3.558608548411947847e+00
-3.531851209614932596e+00 -2.407753425386896406e+00 1.531223359841413334e+00
9.123827640687044438e-01 -1.293604415505821281e+00 3.218790429616572801e+00
-2.317489921283004239e+00 2.984440561522005986e+00 5.633515405472646620e-01
4.075447864752399951e+00 2.239130158142816018e+00 2.730185847185986781e+00
-1.464625223025858070e+00 2.802401014140956659e-01 -2.714686976218835035e+00
3.208838329225431885e-01 -4.275431027389565153e-01 3.041497041961735093e+00
3.039982803245156351e+00 -4.023306995147664544e+00 -8.247064280870749498e-01
-1.039767958648014634e+00 3.867979073070941798e+00 -1.764379723177810000e+00
9.171137638332511610e-01 3.696190624576298767e+00 4.723218211378154563e-01
1.551463925615887751e+00 -3.344870024182870605e+00 3.832203335607438088e+00
-1.317001653160224439e+00 -3.103191344447445488e+00 1.908168685241027340e+00
3.176685365729930766e+00 2.252579925116359405e+00 3.291838095848410362e+00
8.102421956017921145e-01 -1.584370513721654827e+00 -1.893663160235126375e+00
1.135422238671498052e+00 -3.188923617930335297e+00 -3.023815740963555765e+00
-4.794230521940421458e-02 -2.033977417252124553e+00 -4.411686153494637219e-01
-2.954020079802365029e+00 -3.034306703547402062e+00 -3.404256371141282322e+00
-3.207573870841302632e+00 8.176789502936335774e-01 2.272438058805080097e+00
-3.065479374129834511e+00 -1.092157324783972427e+00 3.835512933121667523e+00
-1.440807168988491371e+00 -9.341221831664097142e-01 9.170534359750588393e-01
1.740089514347058719e+00 1.083472100125627835e-01 -3.099217671387729744e+00
1.346285489554023551e-02 3.347828598509808629e+00 1.019425936480087946e+00
6.922493698885984204e-01 3.356102930381629434e+00 -2.860409603038413628e+00
-3.145316040311747940e+00 -1.558223027963315577e+00 1.878934301573648158e+00
3.386388582522050772e+00 -3.649996327766556359e+00 1.393508024780276466e+00
-1.603256580519861307e+00 -3.162777661048437050e+00 3.710526384565631108e+00
-9.150060716891650348e-01 1.086575179949365699e+00 1.489314000732955723e+00
1.613247518452917584e+00 4.037328531173520751e+00 -3.359816451382908742e+00
-5.582620250080532198e-01 -2.752275561895878297e+00 1.087058258633541108e+00
1.123312698457925585e+00 -1.464133649145444638e+00 -4.013230691323117050e+00
2.198069644810858314e+00 -2.650185645244356625e+00 -1.277813531795224167e+00
1.275793206326940155e+00 2.199771553891739728e+00 5.070806515887509303e-01
4.053985705338523537e+00 2.745930392943617182e+00 -3.958458748218016687e+00
2.333212614870638024e+00 -3.090606630100228180e+00 -3.136101504703807663e-01
1.975899512731372099e+00 -2.764894779418817006e+00 -2.247418223069134413e+00
8.460394083169684443e-01 -2.246996846280945981e+00 3.588871766860503687e+00
2.656428162630497081e+00 2.590633583000300888e+00 8.797232986310052905e-01
-1.448496298061131560e+00 1.509439234157980314e+00 -3.018016333929998130e+00
1.134309440608604058e+00 1.692649122723689503e+00 -2.248790981260381017e+00
-1.738470377276501777e+00 2.283438190545251878e+00 1.816806244351288069e-01
-3.012753033361099675e+00 -4.069679164762214363e+00 -2.937300108414752753e+00
6.858110405224165929e-01 -3.785022739908827205e+00 -2.349788263683409983e+00
1.867935369502064402e+00 -2.726016605608646337e+00 1.887521675607890526e+00
-3.687856630078817366e-01 3.907736295982425112e+00 -9.302431826167617546e-01
-5.257624881789889626e-01 -1.914305863726333490e+00 1.730267186048489947e+00
2.409091229722313265e+00 -3.572932489158443747e+00 -1.793521696579455593e+00
2.840034754718205878e+00 -1.691272816512410682e+00 -3.892416864396992970e+00
-1.096485922194901264e+00 -8.696290184575374838e-01 -1.317356375695908355e+00
1.715747227319146750e+00 -6.703834970375802671e-01 3.193380985339981493e+00
5.207557708916249473e-01 -3.139974747355301687e+00 -3.959191599451004961e+00
1.508874918779245400e+00 2.425448193438429545e+00 2.483659998952927328e+00
-9.732776432730856353e-01 -3.965999158644385680e+00 -3.171878121539327466e+00
-2.849272649325012008e+00 2.090642405095080925e+00 3.316377924143127931e+00
-4.603294233395548440e-01 -2.809768671298723319e+00 2.187466416956355963e-02
-2.846007698013934384e+00 -3.013010203712268797e+00 3.057318270046159636e+00
-1.039601979338413917e+00 -1.792642170782249078e+00 -5.885753184798386828e-01
-1.965590535285554719e+00 2.438507096599703328e+00 -2.788765475859477316e+00
-3.028103819477165448e+00 4.323607305557671809e-01 5.222674370197190052e-01
-2.789383071307079298e+00 -6.035170717412028374e-01 -2.299192024064375062e+00
-1.474564861541328431e-01 3.389589784576717779e+00 2.006120659762503422e+00
1.014371115284218972e+00 -2.334025626153789279e+00 -2.557367742461586158e+00
-2.098338865521100161e+00 2.397026871531048597e-01 4.558818334375665249e-02
-3.269479874743256964e+00 3.306065959786364417e+00 -3.315514909587887526e+00
-1.789182757259088374e+00 3.721984341549909647e+00 2.162417064302680547e+00
-1.414150643056877099e+00 3.434378549561808658e+00 -1.483769513952165053e-01
-1.242808059193155623e-01 -1.485472766814616818e+00 -1.415749262211794868e+00
-2.207114102778805265e+00 3.057932349964347818e+00 2.888728858476942829e+00
-3.363268335048052560e+00 3.261630131976049896e+00 1.256770037189805622e+00
3.476445205220637380e+00 3.997099553517339032e+00 3.071177586717871666e+00
1.356718668338113831e+00 1.405081710403951911e+00 2.241191315493605174e+00
-1.541356314085393087e-01 1.308401221858561447e+00 7.971223951766333027e-01
-3.358045998075735561e+00 3.637698524015877233e+00 -1.018362628408723713e+00
1.143270618827072704e+00 3.058053488144085730e+00 -3.621458318130592158e+00
-8.677354476913750059e-01 -2.721382610332228502e+00 -9.760546031912303855e-01
-2.682393062033047726e-01 -2.019615440851785682e+00 3.595497202954805793e+00
-3.291009800793924356e+00 4.106001340876996863e-01 -2.545215460280366493e+00
1.832956517951334963e+00 3.869038135901786690e-01 1.886876456425600868e+00
1.379075722553603001e+00 -2.558722240236853462e+00 -3.833289255863053580e+00
-3.537720899432437172e+00 -1.031323682589572854e+00 5.398876514833441664e-01
-1.807941775777872850e+00 4.142085543952580551e-01 -3.729344682053290505e+00
-1.555523995063472054e+00 -3.300274111059151583e+00 9.217139913656988703e-01
-2.085768729761142026e+00 -1.804494750313031526e+00 2.155160630248857512e+00
3.087903056969078186e+00 2.943388295302747371e-01 3.500990373469002215e+00
-2.024194207541249568e+00 -3.599712775065214032e+00 2.829775484121657136e+00
-1.177175179663082077e-01 -5.662478384446604229e-01 5.022139972037051869e-01
-2.491292883621273990e+00 2.899712194104873131e+00 1.977860214041295972e+00
2.717299625665785534e+00 -2.613663589391596265e+00 3.877203107346989253e+00
1.378893256970885828e+00 -2.524280150828969838e+00 -3.355119919313563626e-02
1.799583780956668377e+00 -2.166616920347366748e-02 -2.596019237078122099e-01
-3.446761360289429366e+00 2.037786577698778245e+00 -3.568233145023765207e+00
3.883120195098880068e+00 -1.476762838539817491e+00 -2.188151918712935462e+00
3.413337298457025160e+00 1.718488066454228802e+00 -3.326965128638335933e+00
-2.176812791651197454e+00 2.707452730505389926e+00 -1.419222464193875100e+00
2.374145463472805861e+00 1.470296102039380104e+00 3.535904573260949757e+00
8.387672177478585622e-01 1.842131610811699627e+00 -3.907353154132262030e-01
4.317206488379795037e-01 -2.108119459098158899e+00 1.406327460376084471e+00
1.071346193894679777e+00 -5.616330434135170524e-01 2.304048333639141077e+00
4.038085484020268900e+00 4.928046478691426591e-02 3.234150268754885982e+00
2.029072298283413289e+00 -8.301528526074072323e-01 1.926849269411777588e+00
3.210770652223990940e+00 -2.563604470495461030e+00 -6.386216446004251424e-01
-1.026367792412030466e+00 5.300189991346728746e-01 -4.985443814340215773e-01
3.455163780076518254e+00 -4.054336477586003795e+00 -1.871570636981514157e+00
-2.560529407762044407e+00 3.679487752588274319e+00 -3.999656582135791894e+00
-3.361550175139547125e-01 2.693857037414038924e+00 2.880441953010536960e+00
-3.051063472315085789e+00 3.115351895457928233e+00 3.501941273541693267e+00
-8.097123485603774373e-01 2.735090694792769117e+00 1.679573245243812130e+00
-4.561216372503577587e-01 -2.541782672651552666e+00 -3.448447221399581597e+00
-3.768635211498510884e+00 -1.657225676161265815e+00 -3.529700508762819933e+00
1.409009815726063763e+00 -3.299778929015249496e+00 -1.576099659638633188e+00
1.469291004868371608e+00 1.096764786235326916e+00 4.042606849970011851e+00
-1.185505584318483185e+00 2.275864759853150510e+00 -7.285026410381509887e-01
-2.319556863308832373e+00 -2.597597572221633566e+00 3.817667702061713797e+00
1.856876285490297818e+00 1.029746432214152962e+00 -1.590881105776241089e+00
3.720824247204957302e+00 3.364714191897208551e+00 -1.303602789249592497e+00
1.762553265643564959e-01 -2.816741363393233666e+00 -2.339175570771017565e+00
3.565509967126250235e+00 -3.897084051496191748e+00 -2.884367241666215609e+00
3.199452298014518359e+00 -1.821088762709491160e+00 3.164593563981188851e+00
9.764023380335145053e-01 -1.333725850352414533e+00 -3.023575648248646885e+00
3.054745666413363647e+00 3.434059497803075622e+00 -1.959346635663267999e-01
1.856334204290314149e+00 9.533402200282503625e-01 1.035716364734823591e-01
4.097593167013367399e+00 2.524612995976455831e+00 -2.887999614884517285e+00
-2.679280123530622504e+00 -2.819675473438079116e+00 1.197601949509106367e+00
-9.494345474812468932e-01 1.358330018261333150e+00 -1.164158326773291341e+00
-3.271996912519005152e-01 4.066126540946651602e+00 -2.452051411568616057e+00
2.831127742649121592e-01 3.548971771944807951e+00 4.067433268843028138e+00
-3.748722202126376413e+00 3.635209598149381716e+00 3.944365320445883061e+00
3.786994470795292056e+00 3.450788663301710191e+00 -3.297787078348483725e+00
8.857707974728229461e-01 -3.038028802861076905e+00 9.890832185292491863e-01
2.558064696460687681e+00 3.648495997993153050e+00 -1.554438757271251470e+00
-3.623283864338192828e+00 1.517211600765965285e+00 -1.016614591876530138e+00
-3.755692490773088754e-01 1.322511592428836869e+00 -3.157900733353414258e-01
-6.589139206494818435e-01 -8.236732073119213959e-01 1.794261692787538998e+00
2.626473316093560495e+00 -2.377713876052225395e+00 -2.927092436483990756e+00
3.119443370402660065e+00 1.040717317202648928e+00 1.399999214329728181e+00
-4.333646283036812208e-01 3.104575367207706549e+00 -1.784780639764860677e+00
-9.595936112672576179e-01 3.741239858072648028e-01 -1.772161579999619319e+00
-3.411641787417876159e+00 -2.793141773965842400e+00 -1.605459576255128473e+00
1.377615247123368913e+00 1.843989015842967705e+00 3.229231602419782021e+00
-7.392238429855334525e-01 1.818173051238318294e+00 2.746658019382357097e+00
2.318894857096838624e+00 3.881123202977715181e+00 3.270399734133999647e-01
-2.301811706206947861e+00 9.985804409567400342e-01 -3.159960034034399623e+00
1.893922515009200058e+00 1.279415877842035254e+00 1.386535851155277665e+00
-6.084852907044256964e-01 -3.830862609380004447e+00 1.928275879010862059e+00
-2.033241097565299527e-01 2.301046520392210581e+00 -4.190220202140362143e-02
-2.040152102747214258e+00 -1.841576126267751246e+00 -2.727152087098964728e+00
-2.756561544862304647e+00 -3.819598249301638049e+00 -8.262722784418985444e-01
2.129308613497447045e+00 1.907160721429290495e+00 -2.211739947476400125e+00
-1.694621466635086282e+00 3.400808458044773275e+00 -3.563822809769740196e+00
1.867526811500010542e+00 3.334630986314865542e+00 -2.494741029883659866e+00
2.752035346587018871e+00 3.749392357629496519e+00 1.538152436592947536e+00
-1.098438969007709431e+00 9.327789325134319132e-01 3.888747429012473500e-01
1.159174562574859790e-01 -2.947171064917676997e+00 3.238920906051138360e+00
-1.370796925643191111e+00 -1.963078761659621030e+00 3.823304058442033582e-01
2.562220586653625620e+00 4.083065436908624335e+00 2.497091913157483578e+00
2.160574053559384478e+00 -8.940157155157436586e-01 -3.160751947480239021e+00
2.878241248392262586e-01 1.721951531832025539e+00 2.558374828372372178e+00
-3.434861300206811574e+00 4.103598985975686730e+00 1.799354459713811361e+00
-3.481209141915033278e+00 -3.622524080889217846e+00 -1.745486484044229958e-01
-3.385922701132492829e+00 9.706427724485817699e-01 3.727481824191832160e+00
-1.718695426701211337e+00 -1.553351095490888900e+00 3.291721009976280587e+00
3.498358952558199286e-01 3.615190145607836691e-01 9.497624001072477729e-01
-2.549193578090406920e+00 -2.001127695062400846e+00 2.979035534267727048e+00
-1.085960928848460183e+00 7.897300900796694334e-02 2.265759420819196457e+00
-1.633738561361618991e-01 3.479111204667399093e+00 5.177944680361018515e-02
7.108243009204897600e-01 -4.301126911394780317e-01 -3.797568013712005364e+00
-9.997976176177082452e-01 3.752018394804651713e+00 1.323481672178981938e+00
2.024331258181206739e+00 -1.707294865471082668e+00 -2.183298000089977986e+00
-3.306485245101596360e-01 1.817396683551294245e+00 1.703491485461257504e+00
1.135631123635641782e+00 -6.523551972589027859e-01 1.244915669185935547e+00
1.716194032385209622e+00 -3.759726572009260970e+00 1.270840570516207801e+00
8.003277974009446183e-01 2.837132158434666707e+00 -1.145995815214280622e+00
-3.996361728123841051e+00 -2.722011583345894437e+00 3.306888259666159513e+00
3.347500974851928657e+00 1.318439808070181130e+00 3.635803108897795344e+00
2.089350691223633705e-01 -9.094104138006951776e-02 1.930073891310918555e+00
1.215593989485097115e+00 7.094325397744796202e-01 -7.261095414804578096e-01
-3.121070829887354847e+00 1.865458721751315219e+00 2.276392465995281000e+00
1.607954564109707940e+00 3.342829516642641163e+00 -6.773496229598553464e-01
1.957002499556697916e+00 -3.755313783962318297e+00 -9.074207979904712618e-01
3.996077384948495848e+00 6.252636077217533783e-01 7.659992019310474243e-01
3.082583609710705996e+00 -3.207034360896872549e+00 -2.406565117222633887e+00
1.263432030439270326e+00 3.669686101395876587e+00 3.822297300749701865e+00
-2.654145897629182738e+00 7.570942710308480317e-01 1.507710542786507624e+00
-4.015001689903234805e+00 1.230579941376116038e+00 3.007720989988662108e+00
6.542701885081625424e-01 2.471729545702076258e+00 3.296945347359788059e+00
-2.766353830832632532e+00 -1.169170770063034270e+00 -3.260620279974720148e+00
-2.118199420621345919e+00 3.957617519400586481e+00 -1.741083921103271814e+00
-8.615159209826699360e-01 -1.677662489637227639e+00 2.721220377621808240e+00
1.299366088736860103e+00 5.453990024835799755e-01 -2.231762898871040068e+00
-2.303415751988306504e+00 -3.718792270201356942e+00 1.725541555674945160e+00
3.927501623551870935e+00 3.300523497401641748e+00 5.292799159427463707e-01
2.522763558512266524e+00 -1.939112977375722524e+00 -8.084134040785032060e-02
-2.114895253732183900e+00 3.553978871404551487e+00 -7.718084686770151359e-01
2.768217857932861570e+00 3.266940256794888864e+00 3.315988062305635697e+00
6.454746829325250790e-01 -4.049336732836330555e+00 -3.539064305316694359e+00
-1.594904103428167907e+00 1.166572178451355191e+00 3.926968347922286995e+00
-3.552455097755760516e+00 -5.467237280343840711e-01 1.522550135375502434e+00
8.773919505634248939e-01 -2.176485062422426897e-01 -1.731686556231276874e+00
-1.252711146929750829e-01 7.386658319579213483e-01 2.423963990684323999e+00
-3.972925476551009361e+00 1.898526991388065133e+00 3.763441557269215920e+00
-2.080474312847588603e-01 2.558787713999695512e+00 -9.513920010769529867e-01
3.448696178053681116e+00 -1.813406570034725995e-01 -1.788701354776689012e+00
2.892930420948975456e+00 -1.394479157617358522e+00 -2.739026173381964302e+00
-2.855252466067247585e+00 1.865197249050181139e+00 -3.418165426184250344e-01
-9.396269823861117532e-01 2.128181177893050613e+00 -1.889072882293121758e+00
3.804493052346369364e-02 1.820754724485114662e-01 -3.204022376309575648e+00
-3.505909814195853791e+00 -3.238911491166549972e+00 2.328515775318562131e+00
3.844273892670234893e+00 3.565657354775979115e+00 1.464814530258550906e+00
1.943668080337014992e+00 -1.939901343616791562e+00 3.713039671586952473e+00
-8.517385929007537104e-01 -3.551523063201218466e+00 3.032854995054878433e+00
3.431072268362590272e+00 3.252708811685386614e+00 -2.391490506509102332e+00
-3.993285076227610197e+00 1.748179874634132380e+00 -8.289395182595762912e-02
-2.515440400873357074e+00 -3.417484933854052220e-02 -3.026810241231308485e+00
1.627342456426455142e+00 -3.855621252603472993e+00 -2.392308528703751769e+00
1.660442923325939069e-01 -1.075192311550569713e+00 3.916158208248921468e+00
-3.128950924009926471e+00 2.730173598194507889e+00 -1.895569821635900043e+00
-2.720840131136882611e+00 3.930026896218654642e+00 2.541396320985983337e+00
1.240763265143191574e-01 1.059649682052813402e+00 -3.768348966968398273e+00
-2.507466704713813055e+00 -2.909172405013662921e+00 7.499145713659487178e-02
-6.461631224842583343e-01 -6.733270425388699909e-01 2.871379642422381195e+00
-1.337751600520741935e+00 -3.154490457331237341e+00 -3.456692422784222174e+00
-1.438366652393904488e+00 -2.911793383020170101e+00 -1.146116616895970219e-02
1.799609699773794480e+00 2.934584649094885034e+00 1.885398491614719840e-01
3.328112635487264548e+00 -3.123581752856226412e+00 -3.502608027538840929e+00
3.691000335775077357e+00 -1.612047901199753497e+00 -3.304466337466602233e-01
8.832506537091358023e-01 -3.240402308008525356e-01 -2.771130693676385093e+00
3.689945188379067265e+00 -2.952630076867837072e-01 -3.988642494745915812e+00
6.342941287483551231e-03 -3.433864145101980903e+00 -3.160354184975030734e+00
2.890007811563341189e+00 1.640933963918292493e+00 -4.251643832909215437e-01
-7.922551106930841858e-01 2.126198317673802407e+00 8.903823939414862165e-01
-1.033534969133125259e+00 -2.230344664985146608e+00 -2.800080031135836922e+00
1.461383723210735619e+00 4.695627639915787022e-01 2.771977644082995962e+00
2.588941896318188274e+00 1.165559495102576726e+00 -3.591956406406607183e+00
7.156609649871550349e-01 3.048178297222513322e+00 2.239498718014621303e+00
-1.605201874791914785e+00 -3.052292903517488942e-01 -7.410930080043212076e-01
-1.656779933373115909e+00 1.228590837080802078e+00 2.889053523149868408e+00
1.908936263157245516e+00 3.354321682308296193e+00 1.124076034279719138e+00
-3.903049933609374911e+00 2.058868043469507914e+00 -1.803675012225671503e+00
2.774291248883190342e+00 -7.757077903866477220e-01 3.722511803840778288e+00
-3.848029973195337128e-01 -1.762717696138169199e+00 7.086731300847981530e-01
4.590662152078786029e-01 -3.779130589723269207e+00 -1.398071201711921230e+00
2.496227044065784550e+00 -1.802171073389123857e+00 1.269380368892011113e+00
-8.104873430410675095e-01 6.194134350699075364e-01 -3.647733497819792170e+00
1.837574982433721305e+00 -1.789194244305709836e+00 -3.408970103309989952e+00
-6.331464233222435789e-01 -2.050868143563125967e-01 -2.594625325249134917e+00
-6.133113890045195360e-01 9.842538312531365907e-01 -2.695707901060429457e+00
-3.729787725473044713e+00 2.828956247506709154e+00 -2.981205607391956836e-01
1.559495634646217432e+00 2.146832447263815613e+00 -4.035082839261163734e+00
-3.134709727108728305e+00 2.242201443382315862e+00 1.360819545754203164e+00
-4.087680275310944467e+00 1.459165775626029227e+00 1.886126116329240210e+00
-3.507877683731336127e+00 -2.442491343621131517e-01 2.495707200737286691e+00
1.792494754889805975e-01 4.508040565310164616e-01 -2.210291713514287437e+00
-2.953091330607201748e+00 2.022338092491669848e+00 -2.654306934637601589e+00
-1.536485979709890426e+00 -1.964335599462954995e+00 -1.445253353838827026e+00
3.856026157067686366e+00 7.388137486020261990e-01 -3.914535458963730008e+00
7.775893089823363580e-01 -3.727041747999021215e+00 3.296357821609453342e+00
2.150647429811492373e+00 2.463376636635521422e+00 3.243074043901099657e+00
4.091906023695560002e+00 -2.627677223688317021e+00 -2.546438819771143169e+00
2.543203390656895380e+00 -3.780473707224567104e+00 3.680337524694375251e+00
3.937263232577492555e-01 -2.415068457050323580e+00 4.251846824227736854e-01
2.690328452877971177e+00 -4.123012921209523451e-01 -7.986696955795831165e-01
-2.046126673586806111e-01 -8.160005953367130971e-01 -3.285041156687866337e+00
-1.567796943423136469e+00 -2.272626870992215498e+00 1.374272608854687494e+00
2.918866713590048789e+00 1.314786085592655640e+00 -1.907435587786322939e+00
3.002921523999111386e+00 4.692904673626415168e-01 4.808409135760823849e-01
4.184971976541795868e-02 -1.878216308065677520e+00 -2.641643848554592111e+00
3.855746261090724492e-01 3.539734840781108893e+00 3.098582664294153410e+00
-2.307812389307631662e+00 1.771254668176994729e+00 1.698309417573127034e+00
2.325332875559987578e+00 -8.804101382278231025e-01 2.609701026970487892e-01
-3.455482293215302203e+00 -1.675457886241565220e+00 -9.071069374221983894e-01
2.662964408033255292e+00 2.752269587326710010e+00 -8.666719133771125794e-01
6.581934780104062854e-01 1.792573040762815539e+00 3.995241914721397780e+00
2.955618190899941045e+00 1.080945281759067150e-01 1.758544572710375009e+00
-1.718800346902186860e+00 1.407423279684338890e+00 9.499797625383799016e-01
2.470043745140272917e-01 2.288061137897314357e+00 -2.029159377173162859e+00
-2.148991201495651815e+00 1.715209209729663842e+00 -1.256300033611812639e+00
-1.619537498164840938e+00 3.393082836977370786e-01 1.163437088872970815e+00
7.957035389923349245e-01 -2.031315994919842272e+00 -9.456281567561726220e-01
-1.435734293432403774e+00 1.306936267812994767e+00 -2.063385632409754589e+00
-1.780514195655610865e-01 -2.479079195496640131e-01 -1.448165113466080456e+00
-3.080037537056325547e+00 -2.123103396446716751e+00 -2.578008631555215313e+00
3.993155289238796257e+00 3.813534523221673300e+00 -4.315387380489698055e-01
1.506020482430438623e+00 -2.584875622045553545e+00 2.987695168665301271e+00
-1.368156526546959961e+00 1.841924211717011595e+00 1.980153834378077127e+00
-1.261779738747182966e+00 3.113546006979562186e+00 -1.207737181218147438e+00
3.270733619304452500e+00 -3.726007022045365602e+00 9.451408667812372100e-02
2.204118383717996288e+00 -5.926552958520162062e-02 9.935816236291145076e-01
3.798621938011886190e+00 -9.144566963201544718e-02 -8.198727041561237883e-01
-4.938361695213689395e-01 -4.843736456505686183e-01 -5.275020320067376201e-01
-3.697585779744485102e+00 -2.792163846833432661e+00 5.333933441684881593e-01
-1.503337008120377405e+00 3.158425663156632979e+00 -2.325716843715789572e+00
-3.630958794937353407e+00 5.241422432844310419e-01 -4.673183963518010020e-01
3.879786419610839143e+00 -3.827226256462367360e+00 2.172952162658619457e+00
-9.911762312963040555e-01 2.698646287788555309e+00 -3.381294521878309922e+00
3.279265689352130586e+00 -3.095015956542882307e+00 3.016901939725157078e+00
1.616303541443052438e+00 -4.038587022941391602e+00 2.869379896323490442e+00
-6.067770070341378386e-01 -2.271634606181022420e+00 -1.894700048212517807e+00
-1.509041194217912274e+00 -3.168430069821903672e+00 -1.671509224676138272e+00
5.576887911471682946e-01 4.102638762548833640e+00 2.315474355836489195e+00
-3.197823401640222940e+00 -2.707639986232869500e+00 -5.528691204684275107e-01
-3.910869736487174730e+00 -3.293933014737061349e+00 1.349568547864806733e+00
-2.751329272492190725e+00 2.841707040228552472e+00 -5.144693024237600998e-01
-1.531565110371892136e+00 -3.777886986052645391e-01 3.081996762395683209e+00
-1.501790794916705307e+00 -9.647388127991978202e-01 2.267939149827996381e+00
2.325051501870890824e+00 -3.120427404418975037e+00 2.993359284101192674e+00
-2.079865438521644183e+00 -2.543468146339009639e+00 -3.452105002111490073e+00
-1.783848036790052660e+00 1.426748075520486214e+00 -2.936790434353733215e-01
-1.010232233384738665e+00 5.012871109913044076e-01 3.309621264982765876e+00
-1.037503785729466665e+00 3.088189820303805622e+00 6.487353301666968219e-01
-3.445186583327663588e+00 -2.242486853730021323e+00 2.598791692128002762e+00
2.975340531097093066e+00 2.783600312090760642e+00 -3.259111188696586670e+00
-2.045967044550220937e+00 -1.637772268325814018e+00 -3.900833174018765170e+00
-2.923853496277065034e+00 -3.208343880844057860e+00 -2.433457215328948209e+00
-1.942158246463897342e+00 -3.870254527691572743e+00 -9.940906335151749457e-03
4.271076932487991029e-01 1.254104136867735697e+00 -2.855182980390118530e+00
-3.086863917908587496e+00 -3.895103087605980896e+00 -1.758291625968321004e+00
-1.654101922925216295e+00 2.097890233923359382e+00 -3.766502063085439556e+00
1.555140170027300206e+00 -1.589746722009430568e+00 -3.551250326601377849e-01
1.979109782116331706e+00 2.019001113606490705e+00 -1.514502172010947501e-01
4.364877578045742723e-01 -2.140610705687430837e+00 -3.472045801211498972e+00
2.101749702288997046e+00 3.063752087285862569e+00 -4.101140778109935603e+00
3.394969386598123862e+00 -9.877041581673883242e-01 -1.137701016945033672e+00
-3.921471917702064047e+00 -2.731690376428941303e+00 -3.872241012261220305e+00
6.021057500609849900e-02 -1.317169917889413844e+00 2.420300005091366558e+00
2.238106349995415023e+00 8.555572479533296582e-01 -2.585971711700554287e+00
-1.076599966036823952e+00 -1.479487814772352250e+00 -3.483254656623104850e+00
1.902504448543088422e+00 4.452175588931549244e-02 -1.340801788529249139e+00
3.335436515571007732e+00 -2.474153438201791566e+00 5.250484282366948419e-01
-2.154514195967427881e+00 3.847831020800202229e+00 8.929253641680859888e-01
3.431975425898294407e+00 7.091163275150613732e-01 -2.669728981390421918e+00
3.862684585367852197e+00 -1.796879237622387215e+00 1.712732963171084810e+00
-1.172583650844513381e-01 2.677058976366481602e+00 3.978352605014912946e+00
1.527538837267645278e+00 3.563201601419681452e+00 1.950534264286133856e+00
3.388795829660704584e+00 2.511360118588245260e+00 -5.797570065181695265e-02
1.458344720055079868e+00 1.433249492725653607e+00 -3.154947638202898474e+00
-1.748762140313156799e+00 2.614379414225033837e+00 1.352290338304456885e+00
