8.220706914434900980e+00   8.220706914434900980e+00   8.220706914434900980e+00
500
-2.264864602329531795e+00 3.480189787969519166e+00 -1.458307266479286657e+00
1.790575952615408806e+00 -1.777195427553531548e+00 1.539539142307873698e+00
-3.512888441699451914e+00 -3.383121797767595140e+00 2.594843292455365713e+00
-2.793420236214164132e-01 2.280541934082079170e+00 1.242323631696395481e+00
1.690320461380405703e+00 -5.146290081720547027e-01 -1.215979987445748645e+00
3.622697992142068113e+00 -3.726306214964085761e+00 1.428484193013910941e+00
-2.707479600064585767e+00 4.015995959916101476e+00 3.180608359494863091e+00
4.086943919952095605e+00 -1.526665067773119278e+00 3.168541905467679332e+00
1.058251576351469714e+00 -3.651772947156157745e+00 -2.526111188889613945e+00
-2.002818492652671534e+00 2.502017980183902868e+00 -2.996228584658214622e+00
3.028525204321964814e+00 2.145745794936974871e-01 -3.662538443839762070e-02
-1.729182363447658632e+00 1.123455978156185919e+00 9.663576729066424287e-01
-1.929802543506808465e+00 -2.325751432324821566e-01 2.560574170452107889e+00
2.600574286880488195e+00 -4.959005850354974987e-02 -9.220086807668503859e-01
4.574163206814109150e-01 2.813497386770804187e+00 -1.020001854273994368e+00
1.389891904460351935e-01 -1.305928185750519832e+00 2.804256235334074976e+00
-1.286976399898732248e+00 -2.980820180824571342e+00 -3.824971373622178650e+00
-2.247468221042803194e+00 2.221749112707022356e+00 3.501119816932625639e+00
-1.071080338091947581e-01 4.078488122915118197e+00 -9.456195070867133845e-01
2.084171349955591168e+00 3.826175692603279277e+00 1.624702731505624165e+00
-5.293116892212812452e-01 -2.971335591213636995e+00 3.911358106083486330e+00
1.616661903429591263e+00 -6.783474309991749385e-01 2.488970778101491810e+00
-2.581638468197600123e+00 -1.447809013915532184e+00 -3.494061908450691867e+00
-1.381077412709124097e+00 3.161819743534933114e+00 -2.738848989406853729e+00
3.074619946622884903e-03 -1.979115020161027472e+00 -2.449322371823116740e+00
-3.926489812269769342e+00 -2.997055566919443415e+00 7.048720849505559771e-01
1.487243851846791198e+00 -3.397941072625441095e+00 3.265239943219270025e+00
7.062332814208202025e-01 -1.976041734456984500e+00 -1.617697996775572467e+00
-6.648939274700086388e-01 1.551728191531617451e+00 4.062347898348236619e+00
-5.088774821557345840e-01 3.326505188120381096e+00 -3.399317530111757968e+00
-1.681391084611147058e+00 -1.701872207441051665e-01 -2.402321441167447613e+00
-4.067224003450856884e+00 -2.816777127748309351e+00 3.341568246576928747e+00
-1.878589137348634086e+00 -4.090548685305190446e+00 -2.473999419715912307e+00
-1.908913601144437644e+00 -7.350651579803157976e-01 1.699094023342448745e+00
-3.894651346621175403e+00 -2.604664464499446996e+00 -1.077175917192591648e+00
3.350304384947125236e+00 -2.507491388652066444e+00 -2.479499490207830892e+00
1.482683237952602262e+00 -3.563022379955074204e+00 8.708341468183229406e-01
5.510038862080246513e-01 1.806190686298218440e+00 1.135222913177335258e+00
-2.542362500799788982e+00 1.302624275706230295e+00 -3.382492234250165097e+00
2.508550420400381675e+00 1.474096579930729733e+00 4.086045334088392877e+00
2.672133867743779589e+00 2.092881049145417283e+00 -1.445119809087815232e+00
4.325577875398865513e-01 2.901199132726465457e+00 -3.090491083677193718e+00
7.383817044485839753e-01 2.531576429874073497e+00 2.162973583036883696e+00
1.169545785887995404e+00 2.128676701342441469e+00 -1.491822982960956168e+00
-8.644996250434286988e-01 1.105337705414207727e+00 -3.033500111976898062e+00
2.001464361497557132e+00 -2.129696153203279430e+00 -3.633139498895635366e+00
2.254092469637301921e+00 -3.435647266919227949e+00 2.071472499277987378e+00
2.445619322689972286e+00 -2.565583039884922201e+00 -1.592979100853704422e+00
1.457671435045967856e+00 -8.868575725823648614e-01 1.209457475549410743e+00
-8.595065669095210970e-01 -1.069073949119118350e+00 -1.246567579029755235e+00
-2.770446325559051015e+00 -3.986730512144656569e+00 -4.063206195302377033e+00
1.294082145380943460e+00 -2.796900160031985383e+00 1.522410200527798185e+00
2.372118002190835850e-01 4.093273749212421819e+00 3.731856374283077482e+00
3.958121638576171719e+00 -3.927583492537174870e+00 -3.205200442703654229e+00
-5.583798201370622216e-01 -1.179533208852874271e+00 -1.586638720811947012e-01
7.192103807289367268e-01 -2.307459659800682683e+00 2.464852964290085602e+00
-3.737732018741754203e+00 -4.060136000099600295e+00 3.838895432415429632e+00
2.158419726663224125e+00 -2.242374867004786498e+00 -7.036752896598117424e-01
1.166699030485088606e+00 -3.591551110486214782e+00 -4.514875571541639432e-01
3.173164538526554335e+00 -7.575531035217668574e-01 -7.138558028287238511e-01
-1.663188850207313774e+00 -8.801286957890415152e-01 3.368858810286526673e+00
5.257553336140439182e-01 4.317820263684827298e-01 -2.919163708095743104e+00
-3.350280184566691855e+00 1.028098970467075240e-01 -2.256704450106280291e+00
-1.963681845273141269e+00 6.699867440995527224e-02 4.105445678326991032e-01
-3.090209226860556768e+00 -4.333799798100212430e-01 2.905785707807025942e-01
1.791706450425645691e+00 1.291975033881280099e+00 -3.126476084952685586e+00
-1.872045349225208266e+00 2.232765366963346265e-01 3.492918867760767654e+00
7.536882056892627579e-01 6.115763925397954548e-01 -3.946383001581437178e+00
2.131050134513648719e-01 3.468906123822264487e+00 -2.424327631090977819e-01
-3.518533606377610923e+00 -2.184524623689579226e+00 1.124366375547512620e+00
2.074460438555737474e-01 2.545290341978734272e+00 -1.986348827315997267e+00
1.450658145605780436e-01 1.557705797334128395e+00 -1.525449624836349827e+00
6.200833068902662504e-01 4.092947564554906492e+00 -3.259676424716845489e+00
2.263547351072435543e+00 1.189211257318999237e+00 1.786976252134741205e+00
-2.321076314409010188e-01 -2.972993948507166362e+00 2.984824950566125068e+00
2.906035267599889060e+00 5.664004164454217172e-01 1.301147736003187338e+00
2.861564742623679436e+00 2.680554136944934385e+00 2.457007285757480286e+00
3.811908144854958547e+00 2.341698467937280537e+00 -1.708027821032684357e-01
-2.088666382799239329e+00 -3.885081719106010301e+00 -1.534160175863016340e-01
3.862478870635918327e+00 8.717290249556884640e-02 -2.576086476579209084e+00
-3.108221778151635917e+00 -3.923518908353572421e+00 1.040152698721285018e+00
3.034351582181243234e+00 -2.803052941934116582e+00 -6.411483169593642506e-01
-1.718960920400210979e+00 -1.703594438614649098e+00 8.855231611445307793e-01
-3.560050915191255161e+00 -3.574572286661433562e+00 -1.132524144849955006e+00
-4.149647355340239097e-01 -2.605190404269431603e+00 -3.136480507931743933e+00
-3.661746576355997984e+00 3.544660550551272049e+00 3.435188957695350376e-01
-1.926442077623908178e+00 4.075076282205167821e+00 2.387497519928738487e+00
1.425742532257622264e-01 -2.793977693422714736e+00 1.603244644338343683e+00
2.611970387064745491e+00 -1.009880962405231397e+00 1.645190672216702010e+00
-6.407265318603625470e-01 3.771849140216908758e+00 3.388268268871508671e+00
-4.002537066021338852e+00 -2.943674511225369717e+00 1.786876857548574948e+00
1.011833552500666977e+00 2.483012361888012887e+00 4.007592081866087064e+00
-2.518194625509537765e+00 -2.202805732903871938e+00 3.718532829253990535e+00
2.855945298728830295e+00 -2.889747897115152453e-01 3.974968136592586632e+00
-3.230659984474347546e+00 3.072913938610772888e+00 -3.944461969937843815e+00
3.785970325317387086e+00 3.899413933616784345e-01 2.378776947141381104e+00
2.599349144389351274e+00 3.126743374236537587e+00 4.011116613061438407e+00
4.018585865012125891e-01 -2.369284657559799001e+00 -5.899558537779312495e-01
-4.084613592305034402e+00 3.870812161102596072e+00 -5.942295658435855499e-01
-1.533536587876640045e+00 -1.520744035599051358e+00 -7.958075756200804207e-01
-1.465233520037426462e+00 -2.448666464152799982e+00 3.530485146614323000e+00
2.917394594818885079e+00 -1.147669394268207688e+00 -3.638241258057381522e+00
6.983480986362768927e-01 3.554457319322343878e+00 -2.251805246376060499e+00
1.088727368504957660e+00 1.088932336712686633e+00 -1.776924406500714482e-01
-2.592114329682195795e+00 -2.483979951996687419e+00 2.733491296582050367e+00
3.674621622496563766e+00 1.249611153395612906e+00 -1.763311161563220486e-01
1.909623793873878317e-01 -3.088438228122795781e+00 -2.454689731837648381e+00
1.812549058232578281e+00 3.808283098000286415e+00 -5.991726881259243909e-01
-1.174323147770327119e-01 -5.102430532801565111e-01 3.289423969278249538e-01
-3.651022070519329255e+00 2.099708529525146972e+00 -7.613047397592964671e-01
-1.470412241165879985e+00 9.414307560426329324e-01 -1.257941687841556133e+00
-1.600201452310997974e+00 -1.395438608688994053e+00 -1.938183811902944420e+00
1.593674889503413405e+00 -2.157062083280326004e+00 -1.999535980308796423e+00
2.321652129514066853e-01 -1.246009675663050764e+00 3.885350177093614743e+00
3.812891152387394289e+00 4.302251905263193565e-01 3.557658250546087420e+00
1.407848342768634131e+00 4.748225472603347930e-01 3.574234069175222572e+00
2.684758054013122841e+00 3.461839542071685205e+00 2.913159239019988522e+00
1.815626844399199191e+00 -1.681967036180155750e+00 2.543670992800932229e+00
-9.631514629398106875e-01 5.188197544558350582e-01 8.408672956715952385e-01
-6.086304063266322339e-01 1.495303589172944259e+00 -9.105366822678019612e-02
3.726598730169581319e+00 9.031027653780845377e-01 7.830939600978823467e-01
3.025544417017975274e+00 -2.698729056784822777e+00 -3.926548134875872176e+00
2.838650670412265598e+00 2.656628555448957041e+00 -5.151344585878518956e-01
8.065791207897353710e-01 5.293288581633758261e-01 -1.088618945737497734e+00
-2.765243597317395885e+00 2.331238526000186884e+00 -1.077871758281932379e+00
-2.845721540529781546e+00 1.129742171797825989e+00 -2.447839371689397137e+00
1.977852045870030162e+00 1.700823143651335245e+00 -2.126738767824826848e+00
-2.341534551579677714e+00 -2.026967620952552451e+00 -1.025065692701757403e+00
-2.559053399172797949e+00 -3.766082985247188653e+00 -1.029841166269675590e+00
-4.015330755743238278e+00 2.543809937992502324e+00 2.448399533596400168e+00
1.029488994825608073e+00 -1.567146214256041503e+00 5.461629265740900463e-01
3.795625361622225746e+00 2.042463815006015704e+00 -2.862295025530157577e+00
1.099871738184660996e+00 -1.677644734862615339e+00 3.429779278748430915e+00
-7.578929988628881897e-01 2.589447713715718358e+00 -2.091963536098242482e+00
1.257505403475545291e+00 3.161853347764277622e+00 -1.480896293146957143e+00
1.649287755029860580e+00 -1.528439887175136569e+00 -1.218961030591709571e+00
2.962042498045625916e+00 3.201446689769305909e+00 1.473820923619718615e+00
-3.288061371202739558e+00 -3.261330038423688737e+00 -2.528411168971629319e+00
1.920314596669172147e+00 1.940097139906669543e+00 2.477120696256906118e+00
-7.764259702385348794e-01 1.555626416098118359e+00 -1.090392950998874788e+00
3.620597339988530283e+00 -1.001359654879501404e+00 2.318617348606544226e+00
8.343997912997646038e-01 3.789983087313246291e+00 -8.561287195921400972e-01
-1.770607502855706672e-01 -1.686707043221433056e+00 -8.970578343477388916e-01
-2.367621763597854034e+00 -3.459648614650602916e+00 -3.108723543700665726e+00
-3.198526226499851521e+00 -1.034542155084467563e+00 2.302873635136565955e+00
1.617456253931324861e+00 2.235492150944484169e-01 -5.410839718362649986e-01
-2.642079849915820677e+00 -1.684594299380440585e+00 9.913747725270726230e-01
-6.721495994763810877e-01 -3.289002489244578165e+00 -1.220074974153487313e+00
2.839403887568668683e+00 7.016488504060776066e-01 -1.839395028035855750e+00
-1.406404040486249452e+00 -4.030215238055602889e+00 4.641393793685082980e-01
3.704467136045947129e+00 2.326250628952149846e+00 -3.807902249493472890e+00
-2.961336805844185238e-01 3.125517380522036426e+00 2.716809497698595699e+00
3.910866969599913201e+00 -1.462254661442158543e+00 -1.032021361262196679e+00
1.183356617201759831e-01 1.043291671048958147e+00 -5.449343713064029870e-01
-9.123036695300407173e-01 -9.579574598880977176e-02 -1.452250889426337732e+00
-4.000510142227647670e+00 -1.513655580986746463e+00 -2.808852355151666202e+00
-2.576946629339166073e+00 6.304429391835375540e-01 -1.260574687003273464e+00
3.581178812394847366e+00 -1.199073759448684440e+00 1.300257901406555838e+00
-1.463668237705062047e+00 -3.971755419944435594e+00 1.540412891688135000e+00
9.592177178627717682e-01 -1.360753005799611115e+00 2.130050051904209596e+00
2.766920068966310264e+00 -1.656383240740584295e+00 -3.333348578910866333e-01
-2.466715626572607789e+00 -1.547309544786878543e+00 -2.253742605197984084e+00
2.215714502238086414e-01 -3.453460553536741307e-02 -4.864265791853250032e-01
2.135360563308402071e+00 1.782402228570127756e+00 9.530130149878146550e-01
-3.467699771599311642e+00 -1.141677372027568138e+00 -3.958723552719677574e+00
1.910717724885195867e+00 -2.083948712368368650e+00 4.148038103177733027e-01
-3.316255265886170478e-01 -3.956178750708020164e+00 8.933606344589957449e-02
1.180269888933294098e-01 -1.972511812271580123e+00 5.648955849233481263e-01
2.608337176568777949e+00 5.061058591328146949e-01 -3.750641512749284701e+00
3.152862837928128048e+00 2.855014704709640139e+00 -1.893611762598172987e+00
6.305824429134596620e-01 -5.883733078324624444e-01 1.698175174221538297e+00
4.895152082358168455e-01 1.971939019079177458e+00 -5.130505748008077349e-01
-6.230006369486531526e-01 4.072302935327207329e+00 2.014881243203070937e+00
-6.176362391872152191e-01 2.347557373839392003e+00 -2.988456894477340864e+00
-3.622405523329808030e-01 4.042139771897379497e+00 -2.460341993010950912e+00
1.934186930607595167e+00 -2.907068665326635326e+00 -3.014558738794876014e+00
-1.801487270554263942e+00 -6.451371687324817250e-01 -3.502155262507965716e+00
3.960390739070653865e+00 3.437950033791362880e+00 -1.931641363707714998e+00
3.720910451132648067e+00 -2.377249728596575462e+00 2.586354855784996243e+00
6.443790564523669273e-01 -1.941257964062832686e+00 1.397648208090584321e+00
3.796865142812969829e+00 -1.587860980311828429e+00 1.002340483322947812e-02
2.462986079580051335e+00 -2.377554157639073296e+00 2.285636225722758930e+00
1.412464211698496896e+00 2.753466357124105368e+00 -2.402586863019618768e+00
-1.636475858192002475e+00 -1.736344928104309959e+00 -3.278500641133351490e+00
7.074611411268186267e-02 -2.936108654670355200e+00 5.122203306908880149e-01
-2.779018252814041023e+00 2.196992176281610032e+00 -2.329634467368327133e+00
2.967824072583489681e+00 -2.271963498249229385e+00 3.208861351848334209e+00
-7.028276956559630084e-02 -3.927900800513768331e+00 2.795804976287491694e+00
2.453330498264099990e+00 -3.608279552605248242e+00 -9.572158234713328273e-01
1.485408865015491298e+00 -4.018231725799234155e+00 -1.525149821191323252e+00
3.059246469370467292e+00 -3.256258493429404322e+00 -1.888859452313399911e+00
-9.034363534035205756e-02 -3.206628460981431061e+00 -3.942451510380344804e-01
-3.415850186418153189e+00 -3.326326680155299975e+00 -3.569853321941419466e+00
3.214092696560026940e+00 1.245908144733414602e+00 2.111262023357650008e+00
-2.976597657014745657e+00 3.531554520219710724e+00 2.080463084094889670e+00
3.667558810126061997e-01 -3.817204429437467628e+00 -1.705917590386728522e+00
2.893587761130704816e+00 1.359780996422234267e+00 4.726715534546401254e-01
3.219803826639222155e+00 -2.986997382669544177e+00 2.021926497325777117e+00
-8.982946571596206464e-02 5.534347520326047265e-01 -1.505137391071443842e+00
1.249420799845782470e+00 -3.577545070534957627e+00 2.045810945330829522e+00
1.631046640026113215e+00 3.805106324994900202e+00 -2.907394988824351767e+00
-3.561253798706647267e+00 1.577016764588107689e+00 6.539596872571537545e-02
2.167372113962613422e+00 3.256127732345834858e+00 -1.588136938816565591e+00
6.326670554495237297e-01 -3.237275898224915682e+00 2.820669780068970400e+00
3.908359996549947812e+00 -2.676685362520937694e+00 -1.704797125612727837e-01
1.380796266897652558e+00 -9.582345811055051898e-01 -2.126102878664554829e+00
-1.475839325377520828e+00 1.057406002540227430e+00 3.609865687871835149e+00
-1.445234581475824287e+00 3.437926908905824419e+00 -9.383020370068817506e-01
-3.954104760600316570e+00 -1.638897211171724377e+00 1.911443049164758268e+00
1.042572085080293753e+00 -1.852068831087694267e+00 -2.762140397030286021e+00
-2.372206689734812191e+00 3.271133845631218229e+00 3.833980591786685377e+00
-1.729121779586670238e+00 -2.150832756211841890e+00 -4.089391247262791351e-02
2.104831867492504394e+00 -2.777664494779566451e-01 3.242097060806261588e+00
-1.060163978559698572e+00 -8.652593310697302975e-01 -2.658342494335357298e+00
-2.534110483499170563e+00 3.295840763856581646e+00 -2.581886638679681933e+00
3.663531872583839277e+00 4.754562428694985021e-01 -3.620862336833746031e+00
-3.669777237775573298e+00 3.381916209673232476e+00 -3.081665093044234194e+00
-1.620788595479538907e+00 -2.179644970153590489e+00 2.630908213242167282e+00
-2.617066916523424158e+00 -2.590224355035824377e+00 1.603632720152458058e+00
-1.117639062762204150e+00 -4.089196515662775866e+00 -3.128244292101297841e+00
2.677065690453374280e+00 3.899814938250291352e+00 -3.397425929913335363e+00
-7.624709414190696810e-01 -1.963080211614400827e+00 -1.826610490722903490e+00
1.703257275546901373e-01 -3.934841153853479434e-01 -3.728208390091991120e+00
1.545114080484423447e+00 -1.172594117482517406e+00 -3.375979714602292958e+00
2.872492801663829809e+00 -2.052747398077263696e+00 -3.203398934832742295e+00
-3.439961956984272651e-01 4.846969105022364555e-01 4.022775397396717523e+00
-2.501997535318678079e+00 -1.470234802408123320e+00 1.665019536816150780e-02
-3.960420030950940529e+00 2.382121736203106632e+00 3.527282165141466308e+00
-3.516125308030658037e+00 2.229653564062157312e+00 1.462218612169163823e+00
8.812448809701267649e-01 -2.770987595370793422e+00 -3.223917512733023738e+00
-2.520698013150025840e+00 2.366562678687515187e-01 -3.640091817457054457e+00
-2.259077596681575706e+00 -2.555755791942953437e+00 -3.594299937714388271e+00
7.854154835698682335e-01 1.895737147129807232e+00 -3.365899107196527851e+00
-2.297380491260728963e+00 -2.532574791590642693e+00 -1.904711477615780968e+00
-1.187712965069719351e+00 6.697652163024165883e-01 2.731643533759847475e+00
4.237866082322556127e-01 3.190459154643373818e+00 3.347401793087153354e+00
2.589053618393077016e+00 -1.470550208481650412e+00 -1.331004024924484330e+00
-1.763427891467798103e+00 -3.936357537918636851e+00 -3.958994420678404680e+00
2.021120037223238075e+00 -2.797928304259801879e-01 1.603857217880822750e-01
6.112880072165988166e-01 -3.766517491689309161e+00 5.026331481391622669e-01
2.514761667338135886e+00 2.246907871800561285e+00 3.377636341349087079e+00
2.386943060686730345e+00 -1.161467028763846637e-01 2.178975668192628667e+00
3.421421310072942035e+00 -2.315097221899542035e+00 -1.437167504731736489e+00
-8.199185880857525754e-01 1.468124212111918236e+00 1.343820256193816398e+00
7.625272244510906683e-01 3.483589332705185004e+00 -3.921242858795333852e+00
-8.121123444188228513e-01 -3.044000053825841046e-01 -3.381755194253065699e+00
-5.198675307417207625e-01 7.005790484217369052e-01 2.002814891372882933e+00
-6.927353830619054076e-01 -1.665895143778265419e+00 -3.083106324259836217e+00
1.305992719654540446e+00 -3.059801092328186645e+00 -4.052331142792554353e+00
-1.617184987305611443e+00 2.553348359555699165e+00 -4.016247436021787465e+00
-2.824078646409050597e-01 -5.576621317192460570e-01 1.412448413269291381e+00
-3.791419799478370933e+00 4.073522038896165043e+00 1.841541739588498316e+00
-9.362486065721078443e-01 -2.833252048292530301e+00 2.093382052545937455e+00
2.542837887432890298e+00 2.278502600149019397e+00 -3.123846612783080179e+00
-2.000595140649754189e+00 3.387761589852541277e+00 -3.509266378785209639e+00
3.170288887560809066e+00 4.053442726426165876e+00 -2.454865034105580435e+00
-3.158651661343302663e+00 -1.657244372284845113e+00 3.108433612294843051e+00
4.156318592893056829e-01 -3.188109305702744756e+00 3.909726424292904845e+00
-3.523184270362365922e+00 -2.371829415912352523e+00 2.471975742799627618e+00
8.822506540650317808e-01 -5.454018564720354290e-01 -2.825298004452681866e+00
-1.579859323083129707e+00 -1.099127074731077069e+00 1.183051318087122994e-01
-3.521068832388525749e+00 1.661237225740189949e+00 -3.829969363223166834e+00
1.419712161702307407e+00 3.377582890286240591e+00 5.435150753495903153e-01
1.240496059858788858e+00 -4.598193674971863820e-01 -4.053709070741932763e+00
-2.080512621333626466e+00 1.718573774271609844e+00 -6.587155733788535583e-01
-3.479039867040245593e+00 -2.261520502934065036e+00 -4.088575753513541855e+00
1.119829390757980825e+00 2.114084057984119358e+00 2.282673922501394226e-01
3.716543158682075632e+00 -1.980577733690437547e+00 3.961743682224743601e+00
2.322303879844676899e+00 -3.900992781494676098e+00 -2.089374469284364988e+00
2.250542386933910066e+00 -2.867734165067930885e+00 9.486700196743031999e-01
9.008472590297273985e-01 3.994153393002012997e+00 2.764010383865220799e+00
-3.693260774991863560e+00 3.874834785493833422e+00 2.781409460015922264e+00
-1.033763164186485506e+00 2.557773663238109396e+00 -1.143814412519563506e+00
-2.641998459083852779e+00 8.451626198148332048e-01 1.162351060631900079e+00
3.677361244967654041e+00 3.819127627255743729e+00 3.347450310266129048e+00
3.510348213639035375e+00 1.826582728080313967e+00 -1.024945236820294481e+00
2.210877642290872136e-01 2.757608084820635796e-01 1.638341024529897050e+00
-3.380099237887849384e+00 6.016290617636190774e-01 1.905687961707044131e+00
3.789297636635502897e+00 1.108814664696636365e+00 -1.802096184100973497e+00
3.431224268629539775e+00 1.989570192424301887e+00 2.797750203468915231e+00
1.986300009437717229e+00 -2.669349145782752508e+00 3.702706376539782518e+00
3.133839777569715768e+00 -2.903288477590079353e+00 4.952482343000178533e-01
2.275877373020135597e+00 -3.907843257643136003e-01 -3.375117667895777718e+00
-1.327176555588818863e+00 5.260362912433933502e-01 -3.763608103498587099e+00
-3.393185020514853711e+00 -2.108587595048913688e+00 -2.706140664763197895e-02
2.864734470157261459e+00 2.447593386782655145e+00 8.058614507240359215e-01
-2.082171980570947378e-01 3.411115421761150124e+00 -1.680931729844841627e+00
1.639996929518857671e+00 2.347638245378109445e-01 -2.045088998798088475e+00
-7.328204041047403638e-01 -3.244188622864444316e+00 1.144966790399684298e+00
-3.224711147209503803e+00 3.050606901160047180e+00 3.154846340636173085e+00
3.550914023725066371e-01 1.471917954796164940e+00 3.718929712972678825e+00
4.041050801240368529e+00 3.807054683525939454e-01 4.980677670659650058e-02
-2.500001531137714395e+00 -3.505082959796885334e+00 -1.970436830790098570e+00
-3.670364702436491378e+00 3.193118212830754477e+00 1.408612800582426994e+00
-1.399490528175843407e+00 3.182111949934091744e+00 1.926677201524228167e+00
3.880764451327454623e+00 -6.520809003367067369e-01 4.822129106822728439e-02
3.655087924267749422e+00 3.443920933844792476e+00 2.229229010581312842e+00
1.720863123481643608e+00 -3.107787170370873042e+00 -2.069969689818649705e+00
-3.369574117941337432e-01 -7.695822653209485331e-01 -2.020579872008706257e+00
-1.226663560033452782e+00 3.630600584481773474e+00 -1.883077426561832413e+00
3.853178427698305875e+00 7.220017784585218423e-02 -9.593584097051993664e-01
-6.551895663208009424e-01 -2.091562478667805536e+00 -3.910677286443910106e+00
2.130752747320397322e+00 -3.385640146170247000e+00 -7.468395894533680357e-02
-2.661370222340609715e+00 -5.838910787752352727e-01 -2.311418357414859681e+00
-4.085559777036185558e+00 1.352474022973664258e+00 3.107509510578353229e+00
1.165940887938589965e+00 1.554484436232324240e+00 2.089931534568585825e+00
1.822456213744709341e+00 2.859284019610747407e+00 2.123801779122361566e+00
3.091231980068279039e+00 -3.448852104316903144e+00 -3.089253469991261714e+00
1.282853695119744453e+00 -2.626033692049395629e+00 -6.330633394218901921e-01
1.352277958914280820e+00 3.923778747878608475e-01 5.079751107439344215e-01
1.504044659620320301e+00 -3.961696603302329311e+00 -3.827361949790887508e+00
-2.628562990494807128e-01 -2.199522868833708067e+00 2.482757481643198538e+00
2.331784820881493303e+00 -3.396488926318252055e+00 -3.899546209508816474e+00
1.957790778962073874e+00 1.774296576157053940e+00 -7.821582312670449788e-01
2.272986508960838314e+00 -1.335304929096214621e-01 1.117149879173269689e+00
3.125489863463949636e+00 -1.791429144448059896e+00 2.013464821877790190e+00
-1.281197054003316183e+00 -3.264596416853201344e+00 2.900571517308884406e+00
-3.857779360779941769e+00 -2.461219541875072636e+00 -2.024704635509674944e+00
-2.034729992704135348e+00 1.107790133598728133e+00 2.810775027781578839e+00
1.623808653887123699e+00 3.416760503782445113e+00 3.854652923303462764e+00
-2.659918176375648535e+00 3.627232509129356686e+00 4.346706458295078179e-01
3.151871664291460373e+00 1.456800089857066105e+00 -3.398203536471759989e+00
-2.052351054893304827e+00 6.274554653635139312e-01 -2.077505177080630094e+00
-9.882968969606323872e-01 6.195357727820248739e-01 -2.152546777639188225e+00
3.559903952103871116e+00 3.083411505936913599e+00 6.126745499636973014e-01
4.732247016926419692e-01 -1.198517258943919694e+00 -1.998788840884827778e+00
3.627096527907894608e+00 -4.911083079087513181e-01 3.179470503270413140e+00
-3.569480438536999922e-01 2.446759388234152954e+00 -4.713311390579826843e-01
-1.390474742728175839e+00 -1.556582470953629338e+00 4.022501635518956675e+00
-1.806256423391766175e+00 1.690900726534247722e+00 1.769240276778495380e+00
-3.269167312485717236e+00 -3.621483053526472151e+00 -1.722313233483630524e-01
-1.483285088843735444e+00 3.099507677351205359e+00 3.169560922637184586e+00
-1.139473179282359583e+00 -2.385977822682300076e+00 -9.132973517922718942e-01
-6.266210139915274757e-01 3.327331247710831441e+00 1.823396509105955077e-01
1.045763741163448390e+00 2.004672400255754550e+00 3.119446785508693143e+00
3.093861605409457649e+00 8.493089468115768703e-01 -8.333349254883904988e-01
-2.259939298235541294e+00 -3.331441442125013364e+00 3.020137709373036827e+00
3.879495699044408497e+00 2.894700160445549120e+00 -9.704944374358778214e-01
-3.116754799152090527e+00 1.090503481948441156e+00 2.934052019488631480e+00
1.292201031045735915e+00 1.276164751895954463e+00 8.346503979225298187e-01
4.139823590264622433e-01 8.169462765822880224e-01 2.921661958652055358e+00
-8.962938095956275442e-01 -4.816724499032073448e-01 2.915818682744004686e+00
2.573355988822310092e+00 -3.179385085120180587e+00 3.001147395627390857e+00
-7.132635850051787241e-01 5.105582291082217949e-01 -6.587298392415281700e-01
5.399291814882571927e-01 3.142667058485284937e+00 1.245008836987655521e+00
6.245201216313169823e-01 -2.178589233052862506e-01 -1.769380461765412749e+00
-4.048241212325127236e+00 1.300110327506262875e+00 1.732761245740903844e+00
3.583115353486564514e-01 -2.342952081365451189e+00 3.457595402162674247e+00
-1.705449656815059667e+00 1.861617508769669360e+00 3.693122268723256219e-01
-7.883973136328012443e-02 -2.599808585421532925e+00 -1.629530536430396026e+00
-7.452297144917164884e-01 -1.431572558367368408e+00 8.232253021350887101e-01
-3.616069089394215119e+00 -1.354139226777461902e+00 5.860283894713790298e-01
2.684211346719535207e+00 -4.095364802932757620e+00 3.762462153586464630e+00
2.866351592021690320e-01 -1.909081713243310219e+00 -3.516028525416094563e+00
2.670588811792101502e+00 -3.893067199864265859e+00 6.961213032061327466e-01
1.880256737080730822e+00 6.977043518387596732e-01 2.601041123245411590e+00
-1.584324276002361254e+00 2.306666248158768973e+00 2.490398834857014521e+00
-2.487772874637425691e+00 -3.941911278829317578e-01 -5.417765512541605766e-01
3.271271582301905845e+00 3.998736909661470662e+00 -1.317988975358451276e+00
2.033034389693239685e+00 1.076240584658711752e+00 6.083262031910563472e-03
2.761551406901443073e+00 1.263337204060328123e+00 2.999513822394009210e+00
1.222402857186527525e+00 5.535427025127009903e-01 1.514801485015480731e+00
1.362473716284569258e+00 3.010797861916295393e+00 2.992738019827966056e+00
-2.922122044450486289e+00 1.196286031989992754e-01 3.617866303631066760e+00
-1.069482970928123056e+00 3.433225365449903865e+00 1.061170202389805084e+00
1.652339377547043409e+00 -1.181119502900303875e+00 -3.029008449745075882e-01
-1.873294512591084038e+00 2.832968850154660156e+00 7.091169332629745359e-01
-1.706783286127419252e+00 2.220726128297779711e-01 -6.073644443293813033e-01
-2.606213057347657625e+00 2.278709553010970890e+00 -3.813025233094132993e+00
-2.018346252259299423e+00 -1.828825918855084554e-01 -1.439529280072012085e+00
-1.774152591274693380e+00 2.665737855980783610e+00 -1.912606955878319193e+00
-2.864493627423923883e+00 -2.801595398118491786e+00 -7.154733223142235587e-01
-1.802969440433617843e+00 1.377741933280818287e+00 -2.707582692807479763e+00
-4.004391688660146720e+00 -4.328955896383181456e-01 1.041278990923184100e+00
1.384414900417999972e+00 2.761467553250176454e+00 -5.848338138067646907e-01
-3.308171569252182032e+00 2.943317589244963672e-01 -5.185880083250584693e-01
-3.005255062627959273e+00 1.315844955534117622e+00 -6.085527958895866618e-01
-1.514325375539734120e+00 -2.967648438116716303e+00 -2.896780892652808248e+00
-2.220929481205939027e+00 1.664214008876351958e+00 -1.669388582737079130e+00
-3.358925748030035408e+00 1.378007026996934004e+00 9.458860059874685255e-01
1.961410781323056352e+00 2.370671366171175354e+00 -4.042617737730576088e+00
-1.586640670212563498e+00 -4.087011817433592320e+00 3.284866983403250895e+00
8.750370140531715801e-01 -4.495478012287745795e-01 5.143122175915930683e-01
-1.095612649057589927e+00 -3.946286206193078350e+00 -5.508436330986770102e-01
2.792442101969933255e+00 -8.625659622212535904e-01 2.049455291410401114e-01
-2.647762591282421418e+00 2.080432050224938489e+00 1.830751528743696233e-01
2.147061252232202122e+00 -1.562717334901808863e+00 -2.673434769137346123e+00
-2.065278087122877082e+00 3.125164901902381942e+00 -2.331924067621830854e-01
3.516542004080416284e+00 1.474260262138427313e+00 3.881893109777398543e+00
-1.571052713502394393e+00 -2.209135308789626162e+00 1.671447996867230223e+00
2.821752513921635952e+00 -9.097064848517938396e-03 -2.576828677669194878e+00
1.436660625224221166e-01 -3.953573439832657188e-01 2.684088802499122739e+00
-8.400967704300403849e-01 -4.237314596728399829e-01 3.884863829686636905e+00
-2.688803260791365002e+00 2.094724054840631844e+00 2.594939445159187397e+00
-3.274880006328539483e+00 2.760713257130948506e+00 -2.520596298171535188e-01
-2.734329591158431993e-01 2.310158632944928847e+00 3.351611937538806263e+00
1.816929516272292711e+00 1.363842285720385794e+00 3.326429178246749441e+00
-3.633864261310663757e+00 -1.171598360972058162e-01 3.004824645021255680e+00
-3.918116025512708572e-02 -3.427668307443344720e+00 -3.492619266452741122e+00
-2.287131502782429937e+00 -1.052040267208688151e+00 -1.211756609390517436e+00
-1.266902019493038267e+00 2.055693109865844637e+00 3.372503391819515528e+00
-2.170189977299040063e+00 -3.598765310668271766e+00 9.749942430482787525e-01
-2.621924883215214663e+00 -2.625736329256676438e+00 3.141447474939047524e-01
3.607605119468102473e+00 -3.789668843602903792e+00 2.512105449062841611e+00
3.437645867383885445e+00 -3.422377438450113996e+00 3.707420873998337196e+00
-2.763950543781581892e+00 6.773244222325226493e-01 2.000787840759539749e-01
2.843196729761463537e+00 2.705142961882690544e-01 3.027900605961658886e+00
-3.456335860597850473e+00 6.597813726582983929e-01 -3.947236679616019650e+00
1.054501478000523740e+00 -2.609872493702671825e+00 4.882901217999344734e-01
-2.481788748261140487e+00 2.185765715615346050e+00 1.167997036511790876e+00
3.893558751803662510e+00 3.332271049422348863e+00 -3.927709457135462934e+00
-1.158768841525678717e+00 3.540756723017958407e+00 -4.082698228304159294e+00
-3.992705578780286757e+00 -3.569815550066518517e-01 4.058808168235695568e+00
3.408985675942384663e+00 2.834055817720989801e+00 3.469419741099989629e+00
1.348720641065543679e+00 2.420103719811207199e+00 1.239599851835451627e+00
-1.044044636398211434e+00 -2.914727177438293793e-01 -8.791785997412521203e-02
2.348000810578231068e+00 -8.100819845966068522e-01 -2.078095698712870920e+00
3.041607070680474756e+00 1.516517767397240091e+00 -2.405488517282889926e+00
3.820987270300193028e+00 -3.873426617467034649e+00 3.971847495898606639e-01
3.047839165705613862e+00 -1.218641998796641479e+00 3.665949593313733157e+00
-1.891069023327878407e+00 -3.139921565146394311e+00 2.056911498641864622e+00
-5.665170846236560198e-01 -2.343322243576752228e+00 -2.553155284100992739e-02
-3.232167942153929108e+00 3.973240643467255140e+00 -2.298619717079515290e+00
2.517162244829306506e+00 3.331155845717590047e+00 4.915859387488998866e-01
1.186910508811679144e+00 1.144406467184172715e+00 -1.679762811013857382e+00
-4.044364142616631241e+00 -2.773728613329995873e+00 -3.015552845369416701e+00
-2.930465173313810956e-01 4.046861670395456301e+00 1.014605679421024531e+00
-3.864836819355203179e+00 -4.031537740811463877e-01 1.981728949015009844e+00
-9.618603620645307384e-01 -2.049769313349042721e-01 2.016416933190325889e+00
2.158506285027460780e+00 8.719073554508297574e-01 -1.101756502258371073e+00
-2.294395947945897962e+00 -1.568618296353074815e+00 2.168948484731955340e+00
-3.717867101248940820e+00 2.576006303711050549e+00 5.998163861850410727e-01
-1.845722837977571862e+00 6.253424742782056622e-01 1.845394006206892534e+00
-3.983227051668043472e+00 2.519709303275444512e+00 -2.131342867337293168e+00
2.395526846859084014e+00 3.195407745346807715e+00 -2.677206357714424723e+00
-3.121816341539272788e+00 -3.183845246293886433e+00 3.675189348426055602e+00
-3.334625360305829012e-01 3.119670419038673259e+00 1.688982306376125342e+00
8.025896730687236136e-02 8.391449579141718740e-01 4.854811587233446302e-01
-1.517934792494020912e-01 -1.440353577188780099e+00 1.773835200995241612e+00
5.912690213215235913e-01 -1.061719154579513269e+00 -2.978301716399707200e-01
3.615343342284848216e+00 2.147991228515438333e+00 1.589514399164046132e+00
1.102704614405397132e+00 1.516063274237221259e-01 2.416985235099011753e+00
3.245456980576136630e+00 -2.714807591166183420e-01 8.359644279833086111e-01
3.966785684510079513e+00 1.824549099915381722e+00 6.817980892714151642e-01
-1.887395273937975126e+00 -3.046280570086943307e+00 -6.680484886817003032e-01
-1.246732633301248061e+00 -4.626414893658084559e-01 9.882891011077216126e-01
3.051950922290082691e+00 3.864777639361275163e+00 -2.814929521208002217e-01
-2.798343717293241273e+00 1.354895293079108054e-01 2.610386160593033633e+00
-2.300216600593395722e+00 3.065976307402781043e+00 2.532015358657612847e+00
-1.690874461140390750e+00 -3.714066598483598547e+00 -1.413780399748358674e+00
1.399748858985733424e+00 1.490378374657827187e+00 -3.982383291265457093e+00
-1.537130092976857876e+00 1.548556674830938062e+00 -3.745624233903526612e+00
-1.620945429100344004e+00 1.013008005409133716e+00 -7.496114077593631075e-02
-3.391114045377734865e+00 -1.735532131967956193e+00 -1.558025913307658605e+00
-8.232110642176307946e-01 -3.368825994068245677e+00 -2.225830222226737654e+00
-1.656105416785844220e+00 -2.803283348025158883e+00 8.207175629683519658e-01
-3.079525223214953478e+00 -2.317082057823013130e+00 -2.718757668275158412e+00
5.837785856616944935e-01 -8.335686463979556649e-02 3.547879976953328907e+00
1.895640013053638828e+00 3.998323836114028307e+00 2.947625813266433248e+00
-2.681966593738439819e+00 -7.627035590386778141e-01 3.145553809331928186e+00
3.168655517037941127e+00 -1.212728712680152920e+00 -2.561885355391515073e+00
-2.692441649432761874e+00 -3.771419733803738072e+00 1.919164303178701791e+00
-3.097868519826117328e+00 -1.209239053244691720e+00 -7.330159984159019260e-01
-2.280257353756738770e+00 3.345434271076894728e+00 1.382858066791767371e+00
-8.429289726449656905e-02 2.567504984629953135e+00 -3.881694876586025078e+00
3.329324827465817815e+00 -2.649240739037498349e-01 1.747464096300960001e+00
-1.252290777645564068e+00 2.428065948214786829e+00 1.263316895022499331e+00
2.129549224961530207e+00 -9.964406526064348846e-01 4.063870465822658318e+00
2.051315040123717015e+00 2.484841448235552974e+00 1.965569936120876160e-01
3.831202929365958715e-02 -1.070757871326275978e+00 -2.927442608483112441e+00
-3.787632896992916720e+00 1.249308899824008723e+00 -2.885023038058626810e+00
2.817965198061036958e+00 -1.655784343610187115e+00 7.265384583143121855e-01
-2.996198858256029940e+00 3.651823425559843628e+00 -7.137320743479017571e-01
3.289493862439430760e+00 3.132428461694750421e+00 -3.053352811810090106e+00
1.419446243240396255e+00 2.372736969741802149e-01 -3.301172039907251943e+00
-1.288720337559666529e+00 2.573879544495639937e+00 -1.153323649108092819e-01
1.609930666735355231e+00 -2.743749401222225437e+00 2.553151013800793123e+00
1.906260852801849870e-01 2.622496621160411490e+00 3.591563950638798075e-01
4.238867630805923659e-01 -4.021003105681058898e+00 1.871900636890247771e+00
-3.872416690696133923e+00 -6.593079410025104448e-01 -1.659092356851486150e+00
-3.312952339036371985e+00 3.147482868420013791e+00 -1.631536357942465099e+00
7.850562325862854296e-01 1.758475224353306166e+00 -2.328130847952703864e+00
-1.154352903693114607e+00 -1.235089644680553489e+00 1.889995287966331539e+00
3.582587278303788647e+00 -2.217224165927139445e+00 1.178157580782161373e+00
2.161680488810629797e+00 -1.752367486680612929e+00 3.388940719947509894e+00
-4.816713648693324301e-02 1.169728618547093202e+00 -2.453285304664852617e+00
2.645408931999248203e+00 -1.003848598913633650e+00 2.700264178037838025e+00
-2.664316762474388423e+00 -1.438529546383522095e-01 1.537611811217770574e+00
-3.493113409287432525e+00 3.760093834120357137e-01 8.107230611333842152e-01
-2.820467103404989295e+00 1.471695272231758667e+00 1.870657959434313788e+00
-3.443230013257894129e+00 1.746544259196327609e+00 -1.718440556660579599e+00
-1.074677483306996750e+00 1.619048831095581953e+00 -2.105740119319093218e+00
-2.230734453413771856e+00 -7.545598031338158762e-01 7.998494751450261342e-01
-1.073245301339587066e+00 -3.183752206066527979e+00 9.393358748591708329e-02
3.989181287380925589e+00 -3.622471781252323275e+00 -2.198798333128705540e+00
-9.189337431181263116e-03 1.282091518297674648e+00 -3.427128996996315458e+00
-2.492187723881978290e+00 1.138326364649779876e+00 3.813019178269103193e+00
-3.936005592004100162e+00 1.037771218884006030e+00 -8.883785662173584452e-01
-2.707536231903469592e-01 3.933147044993708097e-02 -2.532892466277179899e+00
3.314765490668173609e+00 -4.935227575237463027e-01 -1.769024289189122356e+00
