8.220706914434900980e+00   8.220706914434900980e+00   8.220706914434900980e+00
500
3.616811294035540136e+00 1.524681948381026775e+00 -1.139859515841192605e+00
-2.122594884146605576e+00 1.855655099194194024e+00 1.965302791275569949e-01
-1.729413545618009973e+00 -2.718243329837439770e+00 2.232221187941176854e+00
-2.465513453621615003e-01 -8.894224814041319371e-01 2.244361140589923753e+00
-1.659313306372647512e+00 -3.369357561841815674e+00 -2.901124114071340188e+00
3.654527786587463911e+00 -2.011509614347165797e+00 -9.656889355580878798e-01
3.886881527794293856e+00 3.683098729184840714e+00 -1.518189165714864064e+00
6.001645341374574061e-01 -3.258109621082177831e+00 -4.060252781422208912e+00
3.441273461493372210e+00 2.354286153967336315e+00 -4.059307900207344666e+00
3.935925207788246727e+00 1.647443168986934436e+00 3.516727331792678157e+00
-5.253628402625684091e-01 2.203366247810407241e+00 -1.037132056049697049e+00
2.421323590004613724e+00 2.121764677805827226e+00 2.901820357102242287e+00
-1.994475274317224767e-01 -1.910871870294201358e+00 -6.289526880599862757e-01
1.591737202299795095e+00 2.477704401967363967e+00 2.740953266684256762e-01
-3.291882706237729384e+00 1.906242886867268505e+00 -3.850679026554592710e+00
-9.932988443335197815e-01 -3.776388106995645533e+00 -4.816345129847790507e-01
5.402435658741905344e-01 1.965714484473380708e+00 1.472458979580453020e+00
-3.930875854892141863e+00 -2.306141703587936131e+00 1.998527786663134798e+00
3.246588312711990554e+00 -9.849679112082936339e-01 -2.994415488809841097e+00
-2.575033976432291372e+00 -3.273680223886609397e+00 1.683356812167256189e+00
2.325336861298989533e+00 2.938571806261961239e+00 -1.037413166400432907e+00
-3.633984527378292029e+00 -1.032344603442550968e+00 1.409419113125432332e+00
3.770209010274186423e-01 2.177142070372688920e+00 -1.460941751769339492e+00
3.968961065438735059e+00 2.765457168732364135e+00 2.649059243153950582e+00
3.012438209216708795e+00 2.838670970043467801e+00 2.377659324147359587e+00
-1.790014613344411920e+00 -2.368177116307379038e+00 -3.949192186906326896e+00
3.674873077723271653e+00 1.305525029855879593e+00 -2.181805687648173286e+00
2.301856635611296387e+00 8.545216352803678417e-01 3.998501553038019907e+00
-2.130757671741138282e+00 7.603038593313745652e-01 -7.564851459533898925e-01
4.940841385441615552e-01 -2.494493735310767235e+00 -3.367433879557944376e+00
-2.508364522361134163e+00 -1.622233688960871723e+00 -2.172177168726396879e+00
3.896154897510943016e+00 1.811550914761252962e+00 5.952944403717781441e-01
3.069863747790229525e+00 5.167298593148607067e-01 -1.230305781081014738e+00
-2.015085887108637230e+00 2.018955883246727812e+00 -1.957722469005224175e+00
3.288138116389033083e+00 -9.090268292700129926e-01 3.475643539130225612e+00
-3.077220347381251386e+00 -8.313011611958703861e-01 -3.813246227848269054e+00
-6.317728283818182522e-01 1.180313306441840293e+00 -4.008769239533921613e+00
-3.009743595647561776e+00 4.341157461212600821e-01 -3.340794800779134377e-01
-3.440963387882393310e+00 -4.999261430411929830e-01 -1.614078553891251211e+00
-1.205582903112563331e+00 7.339639970771543176e-01 -3.044958850446329190e+00
-7.359854683712193646e-01 1.614776710079913968e+00 -2.921767697112904738e+00
-3.220960943204237648e+00 -2.234988314101850726e+00 2.634759852337293040e+00
-3.875788464643853626e+00 -3.576995916124231512e-01 -2.819266390605690731e+00
-3.660641515077621033e+00 -2.590419069674265162e-01 4.430637110393396694e-01
1.597256331935377194e+00 -8.534248390214530522e-01 -8.151865454899570596e-01
3.054454672626467193e+00 3.032168062980522549e+00 -3.377947524569687943e+00
3.074191204717215076e+00 -1.461676903168345421e+00 2.647348008022761601e+00
-2.896644634872170165e+00 -2.331196299513966785e+00 1.788219838337400835e+00
-3.935495756873564677e+00 2.789752261140469258e+00 -3.730190343507258977e+00
7.333380190750862226e-01 -8.374261611266179406e-01 -4.050983715640001037e+00
-1.524799638719124051e+00 -1.799521842835570595e+00 2.879880719256846078e+00
-2.651987351495051382e+00 -5.963713708377937905e-01 -2.925322343662181135e-01
2.533679485338613535e+00 2.215491687737806803e+00 -2.338377345099054982e-01
1.985978618697943121e+00 -2.252681659037807815e+00 3.728773147916363051e+00
-2.421820763826976197e+00 -7.607844785240061580e-02 -2.113085933087464952e+00
-2.012560828814197844e+00 -2.961866939219021333e+00 -1.780388972582883200e+00
1.334514746691138232e+00 -6.880625487666455209e-01 3.204005897950230164e+00
-3.272009623740461226e+00 1.776188893083365139e+00 8.060601942384105767e-01
9.786418335220321563e-01 -2.580135261944460634e-01 8.673820680046135934e-01
-1.085947193775466113e+00 3.093242359388395091e+00 -3.410893309905703052e+00
-1.351679365073049421e+00 2.856331721413079894e+00 1.677887393664066806e+00
-7.018482746440032338e-01 -9.171083881909249946e-01 3.885812434988169972e+00
-3.410266906535260323e-01 2.950838913490287485e+00 2.577915625492541718e+00
-2.726719000285814154e+00 -4.085823495991317778e+00 2.578219456515449259e+00
1.440524682174093130e+00 3.786794990181501230e+00 2.645775542546477510e+00
-2.660544868800354124e+00 -7.660150008830590718e-02 -1.127984641766320850e+00
3.185943497537513380e-01 3.596968384994550405e+00 -3.159865208720282759e+00
-3.656234899077517753e+00 -4.040382548452845946e+00 2.920280944233995424e+00
2.346773654458285563e+00 2.804612151123823782e+00 -2.914101960977425243e+00
3.093958333866695831e+00 1.221340845283222842e+00 3.263847725204702677e+00
-4.984354654725648426e-01 -3.939565342199634390e+00 4.241790327762895996e-01
-1.039491125281548189e+00 9.733299323272135428e-01 -8.704333905183733178e-01
6.244643312182007744e-01 -6.758488458070096572e-01 -9.987171902813569979e-02
3.096432025357919393e+00 2.330781888275279545e-01 1.233804218603922420e+00
5.990585432960743306e-02 4.038362416892722351e+00 -4.318948744251639438e-01
1.804583768629414386e+00 -2.603739174474365647e+00 2.715826754129098575e+00
-2.596565089442952057e-01 -4.431915444344814436e-01 1.236442203079138213e+00
3.196671801135388513e+00 -2.524543801086676531e+00 -2.539129088192994210e+00
3.683403747413715568e+00 3.817741338674687679e+00 2.483101060343971600e+00
3.293688360586422892e+00 2.505329578031420201e+00 -8.713860322085129617e-01
4.487815453418314560e-01 1.025403581237899431e+00 1.224075143832826229e-01
-3.886570500254674654e-01 3.409285868480132820e+00 -1.955943038188334038e+00
1.145519523612170965e-01 1.425185576564126089e-01 2.889913552882417136e+00
-2.152953842352018921e+00 3.753334978502182118e+00 3.474481275149651438e+00
6.638747676380383211e-01 1.433837118349306383e+00 -3.510417332345116659e+00
1.018258885785019663e+00 -5.792374998189775415e-01 -3.081848405402773494e+00
1.552474382088870675e+00 -1.656405588958164365e+00 -4.881919321821183433e-02
3.054853902255521891e+00 2.378843833862312351e+00 -1.854828605647325768e+00
-1.858378925162720963e+00 -2.377413756972570624e+00 1.292602248175244606e+00
1.706768756728114678e+00 1.292107376685820208e+00 -3.578661529857355639e+00
-4.063773858112530668e+00 7.048107931252231007e-01 -2.952187603571766683e+00
-7.944401117969034365e-01 -1.085629282559483766e+00 7.682708165026971292e-01
1.516055650494268825e+00 -3.078518368152901807e+00 3.790738063547936409e+00
5.867350405321982709e-01 1.605723598152824616e+00 -7.033309338541574585e-01
4.185252750755991680e-01 -1.106533722016800780e+00 1.146166023118187827e+00
-9.651381354045999172e-01 2.077587827948023325e+00 1.256740456806667350e+00
-3.366497336736157919e+00 3.782204812474948774e+00 -1.333518420446353714e+00
1.719590267713893006e+00 2.512353365397586580e-01 -1.218134216832107874e+00
3.384446135820099677e+00 -2.651710676128437694e+00 2.496492034588252640e+00
2.185973545146660424e+00 3.994431461957896445e+00 -1.698611643820289396e+00
-6.792924618187839991e-01 4.051975865807062149e+00 3.531760712473488439e+00
2.328327399800078634e+00 3.817275257539827216e+00 -7.104187310056974125e-01
-1.533758295266601790e+00 -5.646688031220354897e-01 -2.135652916897860631e+00
-1.073197520986875153e+00 -2.898311705743032984e+00 3.589231508469811760e-01
1.603540454575935748e+00 2.025399085874367788e+00 -7.120967570990749396e-01
1.899948444912623879e-01 -3.744293394331678737e+00 1.703612498666989383e+00
2.831664349777465173e-01 -2.323927145973456454e-01 -1.318822796187754554e+00
3.893899621976952385e+00 -3.882136874063757404e+00 -2.443795599720930412e+00
-2.497732800985800861e+00 1.626310040271131019e+00 -2.838788457144356236e+00
3.080834177851285549e+00 4.109293932470214905e+00 -1.805474002252983823e+00
3.675521530552569027e-01 -3.948574066609864097e+00 -1.617559549572628708e+00
2.231343969540052097e+00 -1.115841026043202788e+00 3.618348766443160613e+00
-1.514158455830533878e+00 -1.818886641029603846e+00 -2.207603560552718669e+00
1.954554248039575004e+00 1.323615935942967781e+00 3.130509347699713008e+00
-2.129847490148603750e+00 5.742712999742491942e-01 1.074130865943665247e+00
2.129943798893434881e+00 -2.308133432984597277e+00 -2.606435152244339637e+00
2.724172386101830323e+00 -2.593060024770166727e+00 -3.715865409321126855e-01
2.308103620635109099e+00 -2.203879790172744851e-02 2.163786645232412820e-01
-3.271840537600167576e+00 2.537399651234742759e+00 -3.084873261351099849e+00
-2.307943689707178336e+00 -1.056222187537569468e+00 -1.250969302923581772e+00
-2.810218119446887375e+00 -7.050525227949548945e-01 1.623121927168294398e+00
-2.129068377588357208e+00 -2.496990016345608687e+00 -2.767940735845265898e+00
-6.010058826243932506e-01 -1.661677332659991624e+00 1.674923144501434091e+00
-2.987352761430245529e+00 -7.211456071605076845e-01 -2.478222489932480066e+00
4.008007613242677181e+00 -3.806830970936745384e-01 3.789229114504406581e+00
1.913140453521757101e+00 -8.860878920569693618e-01 -1.739507157052044395e+00
-2.045110735743306485e+00 3.471154491596981195e+00 2.215084873464163273e+00
2.042897282142760174e-01 2.637046827187568887e+00 -4.034076696432857267e-01
1.434929314130603206e+00 2.581840640189881242e+00 3.675247478998592054e+00
1.132670828695014231e+00 8.038911480751841365e-01 2.694930172893171605e+00
-6.565674549297793525e-03 -1.624380663782140966e+00 2.786922738671685273e+00
2.855740237180921959e+00 -8.023020459805167981e-01 -2.056215362240270572e+00
-9.531854776896275805e-01 1.426134051302154482e-01 -3.788424269121561938e+00
-2.914032554665243246e+00 -7.953269409512073729e-01 3.329176903375010266e+00
-2.350059381524916891e+00 6.981667811724294737e-01 -3.265418774199059904e+00
3.437721678373968359e-01 3.963197316624405442e+00 8.262545940879636452e-01
6.307140991245834272e-01 2.189156956466949744e+00 -2.883218602484733939e+00
9.367210978722431691e-02 9.723502910248572606e-01 3.445933642391362461e+00
2.225824008535928211e+00 -6.315288420002883596e-01 -2.865784190171529300e+00
1.414948779069684637e+00 3.693574355029529688e-01 3.591729346635372799e+00
-3.720448028257826945e+00 -2.755888999487390745e+00 4.091186468112283592e+00
2.996768664486335609e-01 -2.036743613278102494e+00 1.434537569757872610e+00
3.047563983323232084e-01 -7.468508050865800829e-01 3.302901756958095625e+00
2.723982489755886860e+00 -1.756762702958773570e+00 -2.026016544871809710e+00
1.709110911148434608e+00 2.847129493643993925e+00 1.716221818268192756e+00
1.239555954823710504e+00 -2.343183093450248444e-01 -2.129331633325104445e+00
-1.097548125824027609e+00 3.613940838282582835e+00 2.494067119374739239e+00
-3.854576962986071553e+00 -3.181717027326376623e+00 -2.311727197122977473e-01
1.735260328434930832e+00 -2.158037291670861502e-01 -3.752221445326857197e+00
-1.950686805641319799e+00 9.314144369969393766e-01 3.938799586646766215e+00
-3.455342815054482486e+00 -1.247093822930861906e+00 2.446187133212752940e+00
3.096840518751180493e+00 -3.907072951203108158e+00 -3.141970772920844368e+00
-4.359738557314209451e-01 2.460127024842968524e+00 4.603591839536380625e-01
2.542401389349225216e+00 3.728204467694127722e+00 -4.051984341660894273e+00
1.741343128609424529e+00 -1.245628807046261111e+00 -3.734630834113568110e+00
2.073422492207149137e+00 -9.746289035552664348e-01 1.626992282328742823e+00
9.099312851560152904e-01 -2.509941208753945219e+00 -4.949611282452958116e-01
1.466973424512420243e-01 -1.593025452955322274e+00 3.824342962720593153e+00
-2.007176833843421715e+00 -1.047128321913331828e+00 -2.882000397582269002e+00
-2.050408592326226298e+00 -3.396282884494509879e+00 3.300693828416374487e+00
-4.058608279162144505e+00 1.639384300711871356e+00 1.532455053607820750e+00
-4.597941000996568217e-01 -2.924309105793275076e+00 -8.291251718928389636e-01
-5.960131605321948856e-01 3.571889281018886919e+00 1.219994898535963435e+00
-3.062688282204128587e+00 -2.981567188372374222e+00 3.414665611799474920e+00
3.839173772459471001e-01 -3.270688617330601122e+00 9.628157687532528097e-01
1.323505224893309684e+00 3.515648426119950098e+00 -1.369268315883399367e+00
7.006545678996215498e-01 -2.806225537194829034e+00 1.834067970279319004e+00
4.126967882671936372e-01 1.612454137464974235e-01 3.845651808153647710e+00
2.846662739039731438e+00 -2.061103071482411675e+00 3.484600762841769228e+00
1.419123155537528602e-01 1.210521256353273567e-01 5.491918121534329345e-01
-3.944139669810345250e+00 5.686743458795127104e-01 3.239549199963848825e+00
-1.501436255672743414e-01 2.490786214758930139e+00 -2.376905178018748011e+00
6.999088051135748945e-01 -2.324479384143896432e+00 -2.422701920844648527e+00
3.783907327358780881e-01 3.269826721980642059e+00 -1.163728687215481727e+00
1.434886514384453582e+00 1.239095771861049577e+00 -1.254570465688501946e+00
-3.978834148720709063e+00 3.665437144343915765e+00 3.627436386764264942e+00
2.870426268582323970e-01 3.388123046179818409e+00 1.921857867916784590e+00
-3.845620648430588151e+00 -2.244494767901986876e+00 -1.663513515450079083e+00
1.020277117582242044e+00 1.216674006140058495e+00 3.805632112418086965e+00
-1.281372850511326655e+00 -1.290667538116964774e+00 -1.408952693503632059e+00
1.370880427621096187e+00 4.058936617727067819e+00 -3.390186453090467289e+00
3.162594375175046491e+00 1.342556278408413739e+00 1.228132092374844886e+00
-3.609342793115144499e+00 -5.202948034082264250e-01 -5.406754553391458495e-01
-7.545846131736566598e-01 -2.324006246317147362e+00 2.528078645807990021e+00
4.092548373600125799e+00 -3.668252646618642032e+00 8.877482800290136256e-01
-2.260701152616766407e+00 2.657757616236255060e+00 -3.364138162629188411e+00
1.388020521424367937e+00 -7.291354955360100643e-02 2.166293597633585755e+00
-2.751221281926075513e+00 -3.968154735711519443e+00 9.923400088613951731e-01
-1.134389732254121430e+00 -2.386857430431523763e+00 -2.867244205185675021e+00
2.290352693607674794e+00 2.728320875914543642e+00 9.112519005503166847e-01
9.278464858761980016e-01 -3.792872879841504119e+00 1.183432001736933192e-01
2.723543190903952471e+00 3.246648563579518143e+00 -2.152850853615104754e+00
-3.764589296373249017e+00 -1.211852976580937158e+00 4.314651189489014382e-01
1.329060590093502914e-01 -3.389850378098711925e+00 3.211302593470868327e+00
-3.217117566215208058e+00 -1.958972985402606337e+00 3.509487278062271898e+00
-3.311450838516509343e+00 1.949890315519549944e+00 -1.160618536352818975e+00
2.229392249510193658e+00 -2.255255105860104248e+00 5.843658777236301338e-01
2.568320755651023024e+00 -2.153980950047892584e+00 2.278548267080359402e+00
1.154014616783750169e+00 -3.552880631912274545e+00 3.111594192091150735e+00
-3.336336826454068927e+00 -2.442122300556189618e+00 1.874404602616176196e-01
-1.389427516037813892e-02 -3.143097167915311463e+00 6.289838527619044661e-03
-1.591065538897871168e+00 -1.628585169608029348e+00 1.857468361395615108e+00
3.907625270375680415e+00 -1.288217826252873399e+00 -3.586944486891938233e+00
-3.858848082274744851e+00 -1.510368826124651065e+00 -5.441985488566328799e-01
8.417612075488420942e-01 1.632675409124105581e+00 -2.123963357535657348e+00
3.953299975045262649e+00 3.791089642645516289e+00 -3.425075810797488352e+00
-3.344750213885893775e+00 1.125874589895510036e+00 2.678969843951870544e+00
-3.520763836517072143e+00 -1.275624258533041955e+00 -3.026216587065521324e+00
-2.078289672337962468e+00 -6.055117499127329328e-01 2.384854706780665801e+00
3.117606847874728526e+00 3.257704292874166185e+00 9.351072407978546774e-01
-1.558365523979388767e+00 3.289476228898584598e+00 -2.421316008351590110e+00
3.387306611954716384e+00 3.429597660703715412e-01 2.689680347475174926e+00
-2.158561571540621671e+00 1.843343882244520504e+00 1.140122601686654358e+00
3.281409821131701765e+00 3.497085504670795153e+00 -6.353014947055838357e-01
1.216676408264300679e+00 1.632575285873435922e+00 2.188784834391840906e-02
2.222707644712775821e+00 3.811612263786333110e-01 2.567605876697477196e+00
-2.350905490264294517e+00 -2.172482840938968263e+00 3.194551712310404135e+00
-3.459936394788325487e+00 -4.006115026116283673e+00 -2.847536253304351117e+00
-3.165921560362394138e-01 -2.120805560157048575e+00 3.446221465352005686e-01
1.456869630941378529e-02 1.394076814668561815e+00 9.646426275434868414e-01
5.179840396778433165e-02 -1.432501768108135565e+00 -3.305873970450557309e+00
1.842362025817498639e+00 -1.497332725590295288e+00 2.788910894692465892e+00
-3.953982177554652644e+00 3.548921458243045723e+00 8.598198173270628075e-01
-1.287253149969466541e-02 1.620018975637935454e-01 -4.395180873983637326e-01
-1.062879228628043293e+00 -1.590050316748256920e+00 -3.553963762593956854e+00
-1.147137816752936468e+00 3.640123659665317923e+00 -1.252758735094754217e+00
-3.118951973766967090e+00 6.027319110975845051e-01 -2.484210051891692750e+00
-2.941393430367903683e+00 -3.937011508397155968e+00 3.700578355125907493e+00
-1.678672909154462767e+00 2.847218640390647773e-02 3.258986757632129194e+00
2.740892806266209902e+00 -3.175147966188641702e-01 -3.819040670204128851e+00
1.266712025005352515e+00 1.158356985430325503e+00 1.079644450388701715e+00
-1.329681865016358655e+00 2.387021060700422748e+00 -2.754585152084080057e+00
-2.666014709836725949e+00 2.651071055182155245e+00 4.200814303912403513e-01
-1.085702632521677424e+00 3.065912483223292906e+00 3.329180275570498893e+00
-1.711913312943070364e+00 1.595474884711289620e+00 -3.466558839018092808e+00
-3.564002853035513674e+00 -4.041579339635484658e+00 1.809598535724717128e-01
-1.771783631981767249e+00 3.790168996153743031e+00 -2.207398704092235764e-01
4.025260461028095094e+00 1.785928744509341026e+00 -3.543456510341610688e+00
-2.620217690478925832e+00 -2.976329172142603507e+00 2.572645870489287390e+00
-2.424452910079201828e+00 -2.457836112899767222e+00 -7.908069275627382932e-02
1.734834680737837864e-01 -4.103844145087768069e+00 3.993051140685449862e+00
5.038355043838801950e-02 -2.531487791523925335e+00 3.923042264758055619e+00
-1.802193813540752032e+00 -7.890676050349937354e-02 -3.047999654687530313e+00
5.054429188728054578e-01 -1.696389193314095989e+00 5.703111342338135908e-02
-2.896454950305696663e+00 -2.534052009746882828e+00 -1.925370924510308335e+00
2.289546369175585294e+00 1.925212924346238585e+00 -1.315554635030646624e+00
-1.014935575300815795e+00 -2.302120077570603218e+00 -1.347551219243255494e+00
3.758507732473846286e+00 3.118914890364579584e+00 1.730482870096792247e+00
1.664413402899463490e+00 -2.925621690655957785e+00 2.289316399329395790e-01
3.953609473598612922e+00 -3.188671975573387218e+00 1.713012361888460289e+00
3.617182909414972336e+00 4.044007578291288318e+00 1.555451625618347267e+00
-3.546833492531606957e+00 -1.915978194086519260e+00 -3.772474070543614832e+00
-8.058110972699210617e-01 -1.273558954515455088e+00 -2.146524891395023560e-01
1.419794020943448754e+00 1.839466970529828105e+00 2.427939463395812680e+00
9.265710451168887030e-01 -1.541601632120199961e+00 3.069836805068133501e+00
5.796944782858054479e-01 5.656879155024455708e-01 1.295641650300333847e+00
3.915411133821707246e+00 -5.280052314766129351e-01 2.735009410727010870e+00
2.256694342408182230e+00 3.868602093077986748e+00 -2.830784203969760160e+00
-1.176954625855825443e+00 -2.323278124769798225e+00 -3.864780236358673626e-01
-1.382842207535766477e+00 1.621840843969397872e+00 3.617992818240561181e+00
-2.215631477664126159e+00 -2.643361769188877497e-02 -3.961719161269019907e+00
3.637827035610254001e+00 -1.676110921947324028e+00 8.358981056270133880e-01
7.921172248370514923e-01 2.961075861987912283e+00 2.690481048755272386e+00
-2.164663445086758564e+00 1.774493034877121511e+00 -9.960887041167293399e-01
-2.507845532948950407e+00 3.714698088944259347e+00 -3.248686063098858323e+00
4.092725387032586148e+00 6.900919796763465008e-01 1.497174152585039053e+00
3.897344734525307608e+00 -4.350814401577817181e-01 1.138329396609429889e+00
-4.467063101322434893e-01 -2.996334040596252635e+00 2.039174535053700943e+00
1.207173274777115779e+00 3.381623366907068884e-01 -1.941229242846215231e-01
6.891211085443641471e-01 3.751718350604078989e+00 3.313248925201559558e+00
2.083757729321092711e+00 -3.710762677891167982e+00 -3.878249287768670062e+00
-1.452857165745487844e+00 2.709779615310362821e+00 -1.410675225744235428e+00
1.717297608185195390e+00 2.973117828543974106e+00 -2.189468094869247761e+00
-2.845950679485340196e+00 3.263197492817557221e-01 3.223673417497178839e+00
2.420751329989763168e+00 -6.070384874759486848e-01 2.667121259355736740e+00
1.594870284483721479e+00 2.261802632741202412e+00 -3.159848478411702466e+00
1.735453602888782809e+00 -2.662906614185363452e+00 -9.700510711454281010e-01
-3.257888582083125151e+00 -1.418638875429788948e+00 -1.196645592780921197e+00
1.786758990955964466e-01 2.478334328705101175e+00 3.225467272947470931e+00
8.559088615763903451e-01 3.288600333787934815e+00 -4.030564245032608461e+00
1.189687432137541689e+00 -1.516527124300151907e+00 -2.904486780929404599e+00
-2.910271591834496352e+00 -2.323307704103486415e+00 -9.420121853251122168e-01
-4.032157805136079354e+00 -3.527532504315658457e+00 3.657588481396900626e+00
2.284535368549099055e-01 -2.581188562405450693e+00 2.685297306104386994e+00
1.622956372371685774e+00 -2.553640777345663970e+00 1.380618517416900781e+00
1.401230608417326051e+00 2.141889968399215860e+00 1.182002427309369441e+00
2.648790973612175303e+00 -2.203112628661633376e+00 -3.462800499808119881e+00
-3.008546751733761404e+00 -3.411015938429549532e+00 -1.289251012295165255e+00
3.135869781086430219e+00 -2.516948627003818828e+00 -1.594999655570606523e+00
3.746536867505399826e+00 -1.574562526396629636e+00 -2.390509471189491641e+00
3.501407728620856918e+00 -3.143830140150523089e+00 -1.015152366725895927e+00
3.084510778822540100e+00 -3.497714462327369045e+00 2.068628518200616995e+00
1.902955259025687962e+00 3.453011503921346592e-01 1.164212803702459498e+00
-9.646075268065297248e-01 1.910750198490553386e-01 -2.235234155184564475e-01
-2.383976971330136863e+00 -1.554804247708625242e+00 1.317750187115187765e+00
-2.795101814691266714e-02 4.002393067823862616e+00 2.767656469040070455e+00
2.409369213160196033e+00 2.742066497256202773e+00 3.969546824775743499e+00
2.293479390820175823e+00 -3.426194574071748988e+00 3.171674921700609051e+00
2.415423051702147550e+00 -3.180146204954763522e+00 -3.005611799016845609e+00
1.573643504362572720e+00 -2.267717636249145574e+00 -1.840662950899199846e+00
-9.953151560914959006e-01 1.243337435861717521e+00 8.441094357382681324e-01
-1.730639843975973813e+00 -1.954985274668535222e+00 3.674724128510079568e-01
-4.206322315393762334e-01 4.325406095148404684e-01 1.269688962352635508e+00
-2.934108604989694058e+00 2.296976783806405908e+00 1.681773717761894327e+00
-7.675936650078214740e-02 -4.943228693716175681e-01 -3.581875413294510757e+00
7.603691006975646927e-01 -2.572519770475825140e+00 4.269411277823229045e-01
3.758870487297704344e+00 -1.409138932194399008e+00 1.886282930134036029e+00
3.041005965889871931e-01 1.825479542747439732e+00 3.890396434746182130e+00
-5.306298861588455429e-01 -3.864054604492828116e+00 2.151703955191412554e+00
-3.601822362366831509e+00 3.600993759590578769e+00 1.794063630725039049e+00
-3.383308674078671086e-01 -1.771990315031135133e+00 -2.403494765073943995e+00
5.040558187009351876e-01 2.097307580421823303e+00 5.089712823786649576e-01
-1.718994642442172260e+00 3.584847775477540743e+00 -3.838360594114729185e+00
3.953925756588156926e+00 -3.964252070545829287e+00 -5.874257754558959155e-01
-1.003426198221774701e+00 -2.103893440041155749e+00 8.888586787054886251e-01
7.458191569141047195e-01 -1.659614968596577755e+00 -1.160364055739668832e+00
3.781849355561826442e+00 -2.516893689011427959e+00 1.639148141036832762e-01
1.738401549963195292e+00 -9.181603829787096105e-01 5.934164778232046134e-01
6.861643439953588608e-01 6.497374931237315243e-01 -1.804197343732494074e+00
-2.230439028236711252e+00 -4.013752330755668396e+00 -2.124555893097449299e+00
2.786202584693727502e+00 9.983686295726894588e-01 2.043085086442929743e+00
-6.271789561181939643e-01 1.124760673782834869e-01 3.531488721672841447e+00
-2.022694001386373674e+00 2.747453425752028888e+00 3.650329548265608182e+00
-3.911289916798715627e+00 2.490122544381121461e+00 1.232916767360098920e+00
3.941517284800549970e+00 3.014136467483787829e+00 -2.789653662787514143e+00
3.083514001917986858e-01 -1.034750968997401738e-01 1.999313791389777606e+00
2.273198888673460427e+00 1.831830988698496254e+00 8.189779677958854975e-01
-2.190507528532995352e+00 3.592724743410039334e+00 -1.123821495816065275e+00
3.788357612472444735e+00 3.514799439364957867e-01 -3.301749774879866872e-01
-1.933942056331860559e+00 3.250050979450648470e+00 9.811112516095098490e-01
3.000612612097246501e+00 1.105440008375307537e+00 -3.078311449753348583e+00
-4.062577841694837488e+00 -3.345073317880943087e+00 -1.695670904873756601e+00
-3.292632781582928381e+00 3.334091601849181963e+00 -2.641256955408808338e-01
-3.187393818986861138e-01 1.372413231630204900e+00 2.729994657270955027e+00
-2.845493797609683906e+00 3.213395198997322844e+00 1.360174803809709676e+00
-1.682425130911067157e+00 2.663532843003336703e-01 2.009036797520234785e+00
3.031775876688939775e+00 -3.202258415931608315e+00 7.025932211615197875e-01
1.005953648856364957e+00 3.135181950391249028e+00 -2.745525661804853357e+00
2.364892729171735208e+00 2.056456348078789187e+00 1.890767450812292028e+00
-2.347910308846811400e+00 1.946575590363509134e+00 4.013979024469799484e+00
3.201435153186472427e+00 1.454120531609714106e+00 -4.006947242499341755e+00
-3.977451109322404310e+00 2.698166996556137676e+00 3.567016354558760316e+00
2.563364397779170023e+00 6.256153396034620784e-02 -1.930867294319533300e+00
-4.018841348763799282e+00 -1.456669769286689231e+00 3.737008830345982080e+00
-1.939073809549788363e+00 -1.040574271185985999e+00 4.892758352902940033e-01
3.271895928039433965e+00 -3.046647307561321405e+00 -3.382586933414694741e+00
3.410630923673800829e+00 2.216336400784188587e+00 1.828552127883173561e+00
-9.072228512320239524e-01 -6.434787618993976777e-01 -3.003133492153923001e+00
-3.064274996519399163e+00 3.068396084324569006e+00 2.567121494543291860e+00
1.476490976253865384e+00 -3.343652704285088095e+00 2.075211500384605667e+00
1.482035644817691622e-01 1.173946235939872462e+00 -2.680409063226274480e+00
-3.344020080782140525e+00 7.082417345070091130e-02 1.368702809819920985e+00
4.014011169243368649e+00 -1.818763718626434933e+00 2.851464030095740121e+00
-1.706373130790630688e+00 -1.014980136984128478e+00 3.385217009936015486e+00
1.526682930591042764e+00 3.851978743864371335e+00 3.779799196830736729e+00
-2.416181694394521795e+00 1.403773823749978389e+00 2.985134926502483133e+00
3.391129821634899955e+00 2.102014109642408535e+00 -2.847272724992903292e+00
1.804030226368259493e+00 1.001046781859890489e+00 1.968336905510201573e+00
-2.552324616948632219e+00 2.655148814952540626e+00 -1.074220940951859937e+00
1.314016867993865079e+00 2.324473027506510192e+00 -1.663879432649129742e+00
3.500741874847093982e+00 2.656480587712416241e+00 1.512288090383530070e-01
2.792521026108129689e+00 -2.565826628814115828e+00 1.417388829383503079e+00
-3.497476106535264417e+00 1.565404568583489864e+00 -2.803606920481966025e+00
-7.917983868755371635e-01 3.091685820289433284e+00 -3.958299818136076231e-01
-1.125384717394299683e+00 2.329089263744936744e+00 2.507919184213954544e+00
-6.731485745324149450e-01 -3.740878265503094990e+00 -1.448329191514598380e+00
-6.458488936333891539e-01 2.124655636740832687e+00 3.397958673738739499e+00
4.547242106736034128e-01 1.947470496009004792e+00 2.442393567025455514e+00
3.720450954163203150e+00 1.411173345030630077e+00 2.526577455009093143e+00
2.870223084162559335e+00 9.037572684320067662e-01 -2.335668577392591705e-01
3.300673439604882020e+00 -3.528398933300744833e+00 3.023257273084542618e+00
-3.266464097426924784e+00 1.972241963502104678e+00 3.296045666228714310e+00
-2.765439287392435830e+00 -1.475167150339682376e+00 8.931320704826134493e-02
-3.448354141072283330e+00 -1.926436235707017719e+00 9.968055402702326040e-01
-2.670581570176651542e+00 -2.745904393568423529e-01 6.781982508307962121e-01
-3.749769826161498010e+00 -2.414908002771559925e+00 -6.796186502459418133e-01
5.514521162523678965e-01 -3.745904620303806443e+00 -3.315198575018825533e+00
-9.755702834213529906e-01 5.384888150726362399e-01 2.625678532513659569e+00
-2.750420144858421345e+00 1.831189261946170599e-01 2.248916920339912195e+00
-1.013558867860898438e+00 -3.027879995433653715e+00 -2.043117830951539649e+00
-1.047573823854946601e-01 1.284208748737612149e+00 -1.492999679570997662e+00
-2.368314156569097495e+00 -1.478701902092998122e+00 3.997548353103400842e+00
-3.413821738459156929e+00 -3.558699528999211381e+00 2.076968048015899182e+00
-1.099374612494868453e+00 2.304246090669187730e+00 -3.946461342283141160e+00
-1.288575066597646979e+00 2.017044170301490968e+00 -4.719371972489312395e-01
1.749878190591879212e+00 -3.631030085158780008e+00 -2.301166873470840812e+00
-2.989583745982774321e+00 1.026634660196048765e+00 3.996278075243586692e+00
3.344188466705197982e+00 4.069047836104141780e+00 5.011730878120255195e-01
7.772517944180848959e-01 -3.904273311728703622e+00 2.363673825307595511e+00
1.937125509185760430e+00 9.627068788776361741e-01 1.670175935550298751e-01
-1.593725113247953962e+00 -8.025457826587715227e-01 -3.746571270178936430e+00
1.193713675454783907e+00 -3.139824950400009751e+00 -2.883676142286506927e+00
-2.054741442803083018e+00 2.132323912398281784e-01 5.126770446586302599e-02
1.168148227926267824e+00 -3.626732453945813894e+00 1.150980454589720203e+00
3.395744140221638840e+00 4.072678654306250978e-01 3.718422737479787354e+00
-2.098942900024747260e+00 2.116840174586524626e+00 2.230978675486521734e+00
-3.946143580429264830e+00 1.322285009265101507e+00 -1.281492380341434090e-01
1.822019505037818066e+00 3.241795651532827449e+00 -3.616214505599787188e+00
-3.484055302691838385e+00 -2.934885513376081612e+00 1.027221508580838494e+00
3.665515402849271354e+00 -1.085448807341517385e+00 -1.476092420165933561e+00
-3.124417243934478616e+00 2.306300384767058009e+00 -2.134438653867355207e+00
-1.183773472785712988e-01 1.962220249090099511e+00 -3.533631134697010623e+00
-2.705907596904413737e+00 1.086065379922829033e+00 1.852975044243044156e+00
1.164130705334238236e+00 -1.694614331539261665e+00 2.005415793829691040e+00
3.364053434648120788e+00 -3.938406782766757708e+00 4.045640754623073931e+00
-4.080211979345859774e+00 -2.564792116888007012e+00 -2.854471871549646877e+00
-3.080091888304281156e+00 -3.605798710870737001e+00 -3.642588373078538222e+00
-1.039503709671540932e-03 -2.383233772647127768e+00 -1.610875037323923342e+00
-1.779538688201912855e+00 1.020516644052255728e+00 -2.211630141957543927e+00
2.438744059603377590e+00 2.484906824567578026e-02 3.448801185011545201e+00
1.126718582388574141e+00 -1.815700511338329326e+00 4.055708139961947012e+00
-2.332112352112889919e+00 -2.984215876914838361e+00 8.240275629746294239e-01
-2.750185352281679041e+00 -2.704681437428351209e+00 -3.875601128596505962e+00
-1.867637611959662269e+00 -3.860026656673322121e-01 1.275689297382716303e+00
1.677979089234001853e+00 6.099837705399082655e-01 -2.606228615924887304e+00
1.986048898559508835e+00 -3.537451316084164965e+00 -4.363129017466162995e-01
-6.592265219670520038e-01 1.156172530825523515e+00 1.893371866563056338e+00
-2.761395075434101010e-01 3.192822186890004854e+00 3.872660743750185208e+00
-3.498684719137767907e+00 -1.446827883785279933e+00 -2.111217347549154688e+00
-2.902644458365058799e+00 -3.371600123237958879e+00 1.936352510009543559e-01
-1.622908955470492742e+00 1.199513341994848048e+00 1.693393696171974216e+00
-1.808994845269318086e+00 -3.508450198191993774e+00 1.656110757853118676e-01
-3.742889556228039982e+00 4.462589135693445508e-01 -1.128139437427177816e+00
-2.627215943161074208e+00 1.025393614112423135e+00 3.178339688872860447e-01
1.021842816964977807e+00 3.779744263576217955e-01 -3.559326208116023960e+00
2.699985163918411590e+00 1.229631114288708638e+00 -2.114957525774940894e+00
-1.319691344284225520e+00 1.407843172880404392e+00 2.676758735363634845e+00
-1.371820203907596625e+00 4.138033881606513753e-01 -1.613475231451429348e+00
-3.409019528767899931e+00 2.854488466811161418e-02 4.057625325144065265e+00
9.501710261047657813e-01 4.096777903502741403e+00 -2.404604752323245442e+00
-1.116132303390317437e+00 -7.469014310467894102e-01 1.811441918217595370e+00
2.893280981623477244e-01 1.043315159041382945e+00 2.085975235176599440e+00
3.738707015712878778e+00 -2.660613417517138313e+00 3.480851022695099051e+00
-6.814201704912288271e-01 7.634663752934707226e-01 -2.181895928552575636e+00
2.744447484184676878e+00 -1.466530568346293917e+00 1.294601936244451357e-01
3.274584830273265634e+00 2.523019433775263165e-01 -2.703663558160441571e+00
-7.809045644295402600e-01 -2.031602678272856455e+00 3.669611046648806774e+00
-3.070854657929452003e+00 1.933070186038329252e+00 -2.591515939755367759e-01
-3.526852106441797918e+00 6.539720285109973386e-01 4.508677602402246243e-01
2.450912926099129585e+00 1.950831436705941613e+00 -3.546333267236673414e+00
9.037137812691019567e-01 2.362082884885116751e+00 -3.817972392509902058e+00
-1.172933883440637759e+00 -3.136523409876295521e+00 1.288569389428842804e+00
2.201074042403478703e+00 3.725427951821629335e+00 3.152018359533969694e+00
-3.583928454912242767e+00 2.019013606211307543e+00 2.329574805074476451e+00
-2.905216224645773337e+00 -4.088784931271375989e+00 -5.258229679275709945e-01
-4.301069922721039579e-02 5.288261811234206133e-01 -3.473263093285717140e+00
-2.318596241155963966e+00 -3.256609135988542736e+00 -6.740070754935405528e-01
-3.044089039690749843e+00 3.075446481894594797e+00 3.971699764985199277e+00
-5.306089293625251280e-01 -7.145981204528590869e-01 -1.915242995258520153e+00
-3.662787624291016009e+00 2.680870320117062278e+00 3.313534044168809922e-01
-4.727855329410795004e-01 1.585327036809289769e+00 -8.439681246848365626e-02
3.228251626976928357e+00 2.654245002887729132e+00 3.260593824467040047e+00
-3.575585745053165176e+00 1.193591228853956299e+00 -1.840476548761942777e+00
3.161225287773033799e+00 -5.290377458142360156e-01 1.934275661634583976e+00
1.135116237595457100e+00 -1.771686954915616008e+00 8.958727099290775264e-01
2.957851503951232974e+00 -3.654877086034469702e+00 -3.382967330305993170e-01
3.784471280710350882e+00 -7.176407227767270247e-02 -3.556637091408522355e+00
-2.761589200468148597e+00 3.291364504768791388e+00 -1.887534725295828775e+00
1.192304862035803437e+00 3.700237553532967905e+00 1.484208646172138879e+00
3.489383764650479058e+00 3.239133857560754226e+00 4.043654294001498783e+00
-1.694222471194118729e+00 -1.416839236112930056e-01 -8.653025405636285416e-01
9.984528397587211224e-01 -2.501826318680884675e+00 3.263255615821318845e+00
-8.647541490010832721e-01 1.924016260846137305e+00 -1.885572346453070036e+00
3.687562323952668919e+00 -2.243683391296310781e+00 -3.789605372379755810e+00
3.962350788778002730e+00 2.462560330500670747e-01 -1.991101951249357294e+00
2.323580501690778011e+00 -3.076846143113177945e+00 -1.851487938500924413e+00
2.202696611291523610e+00 -3.884069235282639365e+00 2.237292588282091987e+00
3.059886496032118153e+00 -6.303576399714971856e-01 5.080134325966356723e-01
-3.159927241012314703e+00 -2.787893179298943647e+00 -2.995308188483820633e+00
1.894056062465030998e-01 -4.324031188613738919e-01 -2.519675702674459394e+00
-1.954650787094559972e+00 -2.217191674530265555e+00 -1.012734030716650135e+00
-7.108605776449171687e-01 -5.093342225709605042e-01 -8.723707121915705853e-01
-8.977369528116704300e-01 -3.303949083425851807e+00 3.070371307910154890e+00
1.805629784333086185e+00 1.651746031850661156e+00 -2.357667280584468283e+00
-1.357380912169094067e+00 4.058217134198298659e+00 7.882927793856108201e-01
-1.717833162236515721e+00 2.770988034624194629e+00 4.521758471755824710e-02
2.142702744840437656e+00 3.790785736315390952e+00 1.260284477895093680e+00
-1.254571955939894901e+00 2.292642343741581878e-01 7.103766171245579075e-01
2.606666651826746950e+00 -3.052845794735243867e+00 4.054579521444172663e+00
-4.065737217413182947e+00 2.229437742624305940e+00 -4.545067657041456655e-01
-2.004672028017905117e+00 -3.667827171341534687e+00 -3.859820133459130886e+00
-1.742253935969681811e+00 -3.765374080221844277e+00 -1.224726090015377356e+00
1.093944183962961114e+00 3.150745594366205271e+00 -3.126091236781025628e-01
1.750442593474442976e+00 2.781272916485753921e+00 2.680051491552171150e+00
-4.525033659884786230e-01 -3.029353106013526808e+00 -3.487365969526689646e+00
-1.786501845491224039e+00 -1.310779438159558330e+00 -4.803215319238413050e-01
-1.629952672823636317e-01 2.850656107099884817e+00 -3.312122123085149639e+00
-3.865086052720483778e+00 2.950252427059282034e+00 -9.990610807776383329e-01
1.646538638723618719e+00 -2.562418863405164782e+00 -3.609494321107951986e+00
-3.168491799604921333e+00 3.393711945225623250e+00 -2.646710862368234718e+00
2.995177585869299719e+00 -1.398091272727539636e+00 -3.861874922960357726e+00
-3.217373517761717316e+00 -3.398803503035720652e+00 -2.176849975791766312e+00
-1.657142430929555488e+00 -3.781188570199190746e+00 1.657421407027511062e+00
-2.734928573973350208e+00 -1.836330622151195024e+00 -3.214819994233460321e+00
-3.916760793214762448e-01 -2.694586217423609487e+00 1.060895833368672658e+00
-4.071583019403804293e+00 -3.489772127361195242e+00 -3.533733131035649677e+00
-3.710346335807624962e-01 -3.658766578114284407e+00 -2.460837565943145844e+00
3.086571874321486941e+00 3.630603002969790882e+00 3.292130351762474483e+00
2.366423904655493349e+00 3.420535443884367144e+00 2.112449657233902656e+00
-4.057987690381718693e+00 9.197183636679147067e-01 -3.980923868273727795e+00
