8.220706914434900980e+00   8.220706914434900980e+00   8.220706914434900980e+00
500
3.496048465541524042e+00 1.422721292510907176e+00 -1.147997817908999796e+00
-2.122594884146605576e+00 1.855655099194194024e+00 1.965302791275569949e-01
-1.690981247537893362e+00 -2.664912126065093201e+00 2.131805857714788477e+00
-1.872823564942972530e-01 -8.133926087818340589e-01 2.187489206575345957e+00
-1.835485005977733008e+00 -3.395021751430002066e+00 -3.041847388897370497e+00
3.695050319279063800e+00 -2.106380694004156062e+00 -9.514427658765642892e-01
3.925275160589001722e+00 3.767472533615624286e+00 -1.432260903552809772e+00
6.656536524637721719e-01 -3.251203666646671486e+00 -4.047803755540108739e+00
3.452238762695894359e+00 2.406308601008831261e+00 -4.056641388598912989e+00
3.918771419588742422e+00 1.718781960192466762e+00 3.482799319722794440e+00
-5.387821023445431567e-01 2.314488833788387101e+00 -1.053005416942236483e+00
2.357812755843568198e+00 2.286516742292604043e+00 2.944322758454230193e+00
-2.019038269999751112e-01 -1.848703533685744693e+00 -6.575773592774447618e-01
1.545546364827650399e+00 2.566718832619510948e+00 3.725241675236091732e-01
-3.315539830559652401e+00 1.869338333404810371e+00 -3.868288601620428757e+00
-1.096735558159229296e+00 -3.842723447479846843e+00 -4.734388245554757013e-01
5.302253999244481708e-01 1.858348762280039645e+00 1.510897597392460989e+00
-3.930875854892141863e+00 -2.306141703587936131e+00 1.998527786663134798e+00
3.220208197682865148e+00 -1.042627955133324624e+00 -2.989259608812824709e+00
-2.585024098584800978e+00 -3.174017701631945521e+00 1.635631159878865093e+00
2.337574714725145331e+00 2.874885649555855682e+00 -1.129047068438610912e+00
-3.728602237800590746e+00 -1.202959023777239622e+00 1.374811823059203686e+00
3.454920164946584937e-01 2.181724454374806665e+00 -1.399626760661682123e+00
3.951277971029826919e+00 2.658666210718244827e+00 2.671374213209158466e+00
3.043757723204640442e+00 2.885767200739703497e+00 2.355719923176111230e+00
-1.927516520812325718e+00 -2.257389646708292563e+00 -3.891885883541040148e+00
3.655377448387333583e+00 1.299669690581821468e+00 -2.203823080116094957e+00
2.441624448058936636e+00 9.020756061999399833e-01 4.015346987543021662e+00
-2.149523197857793555e+00 8.664174605996427525e-01 -7.672428278718949057e-01
6.094636002933391250e-01 -2.300759401377456381e+00 -3.296950338380762791e+00
-2.622014461363929794e+00 -1.679321998692393070e+00 -2.171828454925194052e+00
3.863431275572921653e+00 1.665714988993352685e+00 5.832585270913513975e-01
3.058210523880360743e+00 5.719230283404306281e-01 -1.267854933375535342e+00
-2.091061079771378672e+00 2.079353784124506888e+00 -1.928818968658965183e+00
3.317421800308217872e+00 -9.720359216986053097e-01 3.483068137104292639e+00
-3.106494724948685171e+00 -8.366104780159551169e-01 -3.765682477729312971e+00
-6.199852851716264324e-01 1.098144847400290391e+00 -4.061590659930797820e+00
-3.032313402187015061e+00 4.249122807231158760e-01 -3.726394913280708376e-01
-3.386656318212380334e+00 -4.897536485894071201e-01 -1.658700138285892134e+00
-1.221944227179317943e+00 6.277553632809456108e-01 -3.061007279792552715e+00
-7.809750647103941290e-01 1.644259326283454392e+00 -3.007071053938920713e+00
-3.220960943204237648e+00 -2.234988314101850726e+00 2.634759852337293040e+00
-3.831062304276125818e+00 -2.570281827950375853e-01 -2.704944291265602097e+00
-3.583509409004975055e+00 -3.138801069227428742e-01 4.176649423484715684e-01
1.667842209517980345e+00 -9.923647918841589366e-01 -7.456138307748061411e-01
2.971529413213021442e+00 3.064037597597941254e+00 -3.441673117967540829e+00
3.125639804623674411e+00 -1.457252044618109643e+00 2.679132199589363328e+00
-2.847103530388616299e+00 -2.308225717592925275e+00 1.811678895835233227e+00
-3.955941439455815889e+00 2.718913246333856115e+00 -3.705366904515472015e+00
7.243511214275952792e-01 -8.177858070119660150e-01 -4.031124292113040575e+00
-1.436104626851613997e+00 -1.818692823127653346e+00 2.904077494265872250e+00
-2.496867022794357016e+00 -6.880752412852676470e-01 -2.892276537806917625e-01
2.677959868761738083e+00 2.116337906793988477e+00 -2.775646895127481528e-01
1.945631310865957975e+00 -2.267982083797742909e+00 3.773410140760133924e+00
-2.482005672132472807e+00 -8.443205697336350624e-03 -2.168513511178812969e+00
-2.074252683078388504e+00 -2.894963702427888030e+00 -1.770037187761242858e+00
1.484155597541177318e+00 -7.480362528011872403e-01 3.135240202936553811e+00
-3.304678978630333219e+00 1.648991811024052900e+00 9.046937907600965945e-01
8.972137122160833700e-01 -1.192235494126725887e-01 8.389018494438625906e-01
-1.108913896838297219e+00 3.112000713314647005e+00 -3.463713229231217383e+00
-1.262803596817865692e+00 2.846431604297962270e+00 1.552701878454129769e+00
-6.134149132963663265e-01 -8.590112510110463617e-01 3.714768017543517598e+00
-2.760685340616935157e-01 2.972855095125706892e+00 2.641011605094925940e+00
-2.717721441268786009e+00 4.013473924131174542e+00 2.584552756297089360e+00
1.392101315173083220e+00 3.740043114150883419e+00 2.636703597759338269e+00
-2.695964746766986941e+00 -9.869739313778946865e-02 -1.112133976184507267e+00
3.185943497537513380e-01 3.596968384994550405e+00 -3.159865208720282759e+00
-3.670252307848713258e+00 -4.087054258040066834e+00 2.940056759468864023e+00
2.346773654458285563e+00 2.804612151123823782e+00 -2.914101960977425243e+00
3.109342025565014822e+00 1.287403501496268809e+00 3.392536453907305294e+00
-5.548755280699950720e-01 -3.946375389259739297e+00 3.712698112235027215e-01
-1.109281004992929365e+00 9.943271298580151907e-01 -8.102762682606480249e-01
6.259064695104867848e-01 -7.359655032719277790e-01 -1.048092250330057429e-01
3.077460579170737009e+00 3.500420020920487207e-01 1.440045929242640188e+00
2.755422090869704133e-01 4.102453883133313717e+00 -3.344131710656946255e-01
1.864860600279676817e+00 -2.611798096999991436e+00 2.766251150455241614e+00
-3.749133659218035208e-01 -4.339800601994314722e-01 1.198816858332450996e+00
3.222038520805679429e+00 -2.561270828665787480e+00 -2.505381242148205345e+00
3.582201849560227913e+00 3.842539720341433096e+00 2.584863591313578457e+00
3.375963472800909138e+00 2.620183229111517242e+00 -9.910599896809426657e-01
4.487815453418314560e-01 1.025403581237899431e+00 1.224075143832826229e-01
-4.734921641783124691e-01 3.387110377768109526e+00 -2.037732254938118270e+00
1.145519523612170965e-01 1.425185576564126089e-01 2.889913552882417136e+00
-2.263765721988948432e+00 3.720323146282291216e+00 3.483070723228557153e+00
6.426337858389914448e-01 1.476872404169203179e+00 -3.457114549298482054e+00
1.173806770247699527e+00 -5.318323307893243479e-01 -3.083276211767338015e+00
1.610688241732585846e+00 -1.682646201367360650e+00 -4.155059819004780497e-02
3.032902620514713821e+00 2.382145714945764770e+00 -1.843856085061924777e+00
-1.871812256818581099e+00 -2.304497299223236428e+00 1.220962054123348128e+00
1.640855819276769934e+00 1.328374291512863126e+00 -3.644964281472785395e+00
-4.085305986184436300e+00 8.236907156686353870e-01 -2.942751171369857754e+00
-7.324272339656617836e-01 -1.292888257381131334e+00 7.361029680103509110e-01
1.396937363975556456e+00 -3.131644642567935399e+00 3.803996210480362627e+00
5.794169747021054029e-01 1.528372237155966262e+00 -6.994416934201161951e-01
4.146566320534762484e-01 -1.024812629516602236e+00 1.128949882370055668e+00
-9.076001452053694685e-01 1.942055936131551697e+00 1.103976140488847291e+00
-3.366497336736157919e+00 3.782204812474948774e+00 -1.333518420446353714e+00
1.906380221926999852e+00 4.282899184100011913e-01 -1.263980133629337921e+00
3.446380894633059189e+00 -2.672900698956583110e+00 2.528804496639316834e+00
2.185973545146660424e+00 3.994431461957896445e+00 -1.698611643820289396e+00
-5.854897693276829296e-01 3.983853187109995808e+00 3.474949518255086023e+00
2.258438719045078980e+00 3.829340372333562392e+00 -7.223364692310864088e-01
-1.534483503490581269e+00 -5.684132005584969782e-01 -2.078808626577428598e+00
-1.091020198949506526e+00 -2.884284346704925284e+00 4.132955183999953985e-01
1.603540454575935748e+00 2.025399085874367788e+00 -7.120967570990749396e-01
2.729928620070308787e-01 -3.652718731870559399e+00 1.683726800600347406e+00
3.445014286535505454e-01 -1.553079465727922326e-01 -1.160442309633502589e+00
4.060123914597471462e+00 -3.765567505816578731e+00 -2.445932799329697538e+00
-2.424183613551910366e+00 1.657337784996026686e+00 -2.733277747548650716e+00
3.150771779182667043e+00 4.009034013964248189e+00 -1.901694478215073758e+00
2.359572457966291614e-01 4.024975026319560278e+00 -1.730167008538632922e+00
2.287644213232520762e+00 -1.048083298935172492e+00 3.715512060903142455e+00
-1.635202129733602128e+00 -1.851043457078741516e+00 -2.189147395687622399e+00
1.908196790727531678e+00 1.364764496415649342e+00 3.146664714900471616e+00
-2.144498316682574401e+00 5.543224150781891346e-01 1.133786712430496335e+00
2.074765696163692663e+00 -2.323778706347187750e+00 -2.673488244902291644e+00
2.803051569328965709e+00 -2.589323836279667557e+00 -4.075110318592267133e-01
2.194846559614954451e+00 -2.564675926075077328e-02 2.391019270088106108e-01
-3.257400402590957533e+00 2.590526027664081798e+00 -3.050743426153624149e+00
-2.388881994631786299e+00 -1.168495059080770782e+00 -1.152625851433454418e+00
-2.741266261181867225e+00 -7.676609559817660910e-01 1.610374034620827954e+00
-2.202267605528193339e+00 -2.535355664674763254e+00 -2.642801682126586726e+00
-5.293012340981479991e-01 -1.657521966619230014e+00 1.721618093530075555e+00
-3.035451199144134193e+00 -7.401347043413050164e-01 -2.569249024713657459e+00
3.973344184638515131e+00 -3.236685967044177215e-01 3.834324923418511943e+00
2.043848542017937309e+00 -8.594222138303020397e-01 -1.659447254682901107e+00
-1.944797681948905010e+00 3.527156473793238156e+00 1.996358489382809243e+00
2.042897282142760174e-01 2.637046827187568887e+00 -4.034076696432857267e-01
1.539281438959525738e+00 2.547054269477482702e+00 3.600229261361320710e+00
9.787743469585179490e-01 7.554185632130163697e-01 2.662010561616809934e+00
-7.869796121848292303e-02 -1.636545959201521017e+00 2.809867184227499148e+00
2.848667450636236609e+00 -8.273164390917157052e-01 -2.193324464688891862e+00
-9.942066229111584663e-01 1.697906054207671822e-01 -3.846717467240340138e+00
-3.104107690550360843e+00 -8.982029110395581828e-01 3.295872398824576166e+00
-2.354678903906644472e+00 8.124958190339327535e-01 -3.201619176208268858e+00
2.334717679444735516e-01 4.006193592113183932e+00 8.509618859640956101e-01
6.635137758538317554e-01 2.214957794135337110e+00 -2.895435729781078660e+00
1.383451117292597565e-01 9.974505514790639182e-01 3.427539162098390157e+00
2.008819928411932132e+00 -6.515826243604779799e-01 -2.723151750810806071e+00
1.318288574105221933e+00 4.014618146153365319e-01 3.585790248103677857e+00
-3.720689674738082431e+00 -2.754470618436212881e+00 4.061452061659724500e+00
2.447986633618706998e-01 -2.088579052914541379e+00 1.441470091564544864e+00
2.944715477352413679e-01 -7.506342698292394200e-01 3.247106159811728787e+00
2.691380880493975614e+00 -1.823084268804419095e+00 -2.060275996183086988e+00
1.652823279490019059e+00 2.815850418668685684e+00 1.750169735795487291e+00
1.179278450906896980e+00 -1.800604884773122638e-01 -2.067082849607692285e+00
-1.041512584842660294e+00 3.546224863002713779e+00 2.468365645243740136e+00
-3.883300659978858871e+00 -3.197226022356006947e+00 -2.381179299051325027e-01
1.773488041818183536e+00 -1.911846196989969715e-01 -3.865889665448846380e+00
-1.958757880742769020e+00 8.717997996118920234e-01 3.906449308939419218e+00
-3.366497271717201478e+00 -1.185493851808491650e+00 2.365222151512937465e+00
3.077382726963925563e+00 -3.921663407397972367e+00 -3.219042974945027780e+00
-4.028048193462996363e-01 2.471253878486082467e+00 3.962746845009869068e-01
2.486170693247619301e+00 3.745394681598683828e+00 4.070416048036317846e+00
1.584953786923944286e+00 -1.163041307688872594e+00 -3.804911592120650443e+00
2.015455518080515596e+00 -9.704863358952651176e-01 1.707426035521550478e+00
8.398052241790986416e-01 -2.574870697681952869e+00 -5.023812913920406853e-01
1.700155810313214721e-01 -1.553957450046770328e+00 3.778130155940515600e+00
-2.112037475581149959e+00 -9.993439526978121767e-01 -2.803510525194841119e+00
-2.079257279835854622e+00 -3.394743886853164305e+00 3.278436201093333224e+00
4.085519236428302392e+00 1.620758835868559400e+00 1.572852432495864816e+00
-5.256204727080073802e-01 -3.054489200231357948e+00 -6.770834557594449521e-01
-5.378838215188578298e-01 3.444931494564305918e+00 1.057936732346242747e+00
-3.081774888041173277e+00 -2.941973650630261172e+00 3.423163360395192534e+00
3.242338941479658287e-01 -3.191266878664139828e+00 1.042888179789203562e+00
1.433355513560647276e+00 3.361617113647642263e+00 -1.490530482043682658e+00
6.980372160537787751e-01 -2.849644852249504368e+00 1.985215690030905478e+00
4.105357535581147244e-01 1.200541800597253184e-01 3.857340672408452242e+00
2.818415129131152774e+00 -2.006817681074138715e+00 3.503654830619985727e+00
7.903087657880344952e-02 2.346041130955971998e-01 5.223650009118151472e-01
-3.948311790005677224e+00 5.144036514475641697e-01 3.266777275434932903e+00
-1.947403808976606587e-01 2.474275601176440631e+00 -2.443379717684120322e+00
5.678901931261873814e-01 -2.516080818686103449e+00 -2.309560347732201535e+00
4.302845499536163687e-01 3.211354177126823028e+00 -1.284677806839743974e+00
1.306676040899025670e+00 1.353503073546366675e+00 -1.332697760176637214e+00
-4.076329451214904864e+00 3.698017973996138519e+00 3.665342459535175568e+00
2.059449804422302521e-01 3.382734670924083531e+00 1.905021553209965912e+00
-3.747429430534562123e+00 -2.267563181769811198e+00 -1.558749952026654784e+00
1.002430996641050287e+00 1.209821405246112924e+00 3.859518833825950956e+00
-1.416220905598160940e+00 -1.354727837916145372e+00 -1.394528629932153097e+00
1.534087040283579340e+00 4.061280713463759184e+00 -3.348969064420860953e+00
3.115808356169859739e+00 1.613918948263946884e+00 1.133653549195779542e+00
-3.580414946644269847e+00 -4.947063077406183007e-01 -5.861634295343267631e-01
-7.545846131736566598e-01 -2.324006246317147362e+00 2.528078645807990021e+00
-4.085362316042031594e+00 -3.693664200384881635e+00 8.812455003155432731e-01
-2.281449613105564378e+00 2.668379251012111375e+00 -3.279530309214734984e+00
1.252172152033220964e+00 -1.503942466250637877e-01 2.256210455684378058e+00
-2.890261799751485228e+00 -3.992895605768637335e+00 1.098867749928103432e+00
-1.099158075277995694e+00 -2.428478326452678804e+00 -3.013187112964813341e+00
2.290352693607674794e+00 2.728320875914543642e+00 9.112519005503166847e-01
1.132670336029311109e+00 -3.639562016821912938e+00 2.010167787530516698e-02
2.648240526417305230e+00 3.232589133929948844e+00 -2.151272418038094436e+00
-3.696359250065945456e+00 -1.363357381561147719e+00 4.264927135864511332e-01
2.505390152940449588e-02 -3.332312848327477095e+00 3.277222970054341822e+00
-3.258526680402515030e+00 -1.945305257197169402e+00 3.493106507717607112e+00
-3.347504905283832155e+00 2.001716690705444446e+00 -1.191858725460783530e+00
2.271753068343242088e+00 -2.273948789895536837e+00 5.553581760725281313e-01
2.581805248311314749e+00 -2.231256796615045612e+00 2.297371810669650127e+00
1.282704962241025815e+00 -3.536223049246224104e+00 3.040096809622494511e+00
-3.339696407134514544e+00 -2.384776451062554870e+00 1.285130056733390647e-01
8.832400884399829732e-02 -3.186827404819665865e+00 9.510380691350384108e-02
-1.591737330747078571e+00 -1.629177962830981041e+00 1.857696783203504065e+00
3.906444786772774513e+00 -1.349564708621044495e+00 -3.550050715130573131e+00
-3.813622894245235262e+00 -1.506351977178556290e+00 -4.839822133040850849e-01
8.637335569391452195e-01 1.604935357501967363e+00 -2.123981426870277023e+00
3.952468853212942168e+00 3.818099562847990125e+00 -3.318585678391452909e+00
-3.328910441649373109e+00 1.148860555002462869e+00 2.622843124448924979e+00
-3.569113224583583932e+00 -1.236309036627353475e+00 -3.046411232568134064e+00
-1.945771714486365322e+00 -5.502797875309352049e-01 2.559593647744785372e+00
3.153258028586620743e+00 3.176214747631456614e+00 8.320073611029532579e-01
-1.383824147747340527e+00 3.282675176005481532e+00 -2.417346954061247111e+00
3.325643110566420368e+00 3.633525754429044463e-01 2.586580987293112699e+00
-2.222163773660144948e+00 1.947463377079968749e+00 1.187076044310711564e+00
3.346531064158522195e+00 3.536619285331576545e+00 -5.821771502275826515e-01
1.152017102053991104e+00 1.707496711515131160e+00 1.028407182212156407e-01
2.114739670583975606e+00 4.064668754294190056e-01 2.655478383938035591e+00
-2.321081531425954303e+00 -2.195893389593407186e+00 3.228985321379139517e+00
-3.476831049287072428e+00 -3.942460300467635737e+00 -2.973170190385057143e+00
-3.667274264921426830e-01 -2.196648133041789741e+00 3.541026530871930755e-01
-9.950966106313954840e-02 1.365747045340516497e+00 1.139642845239134505e+00
-1.208810742005048816e-03 -1.422753876756154057e+00 -3.331323632062346274e+00
1.938491899905474547e+00 -1.526357288326272155e+00 2.621440436420169995e+00
-4.019023633442558641e+00 3.453805988529239812e+00 8.386880154805215204e-01
-6.417896911419737616e-02 2.409578148147929755e-01 -3.426978393184687000e-01
-1.144270991301632678e+00 -1.690626648038658031e+00 -3.626449618879629355e+00
-1.216112700425704851e+00 3.632937008942179080e+00 -1.169069184118312510e+00
-3.170064737534895372e+00 5.675725203389573315e-01 -2.687472412601979777e+00
-2.985320937244693162e+00 -4.000089239461253499e+00 3.742675569934965640e+00
-1.659995987818755570e+00 1.255741101347198352e-01 3.348155831970404783e+00
2.822697420759300524e+00 -3.016900419892040164e-01 -3.854657493449197947e+00
1.217565909499101373e+00 1.175064254854487622e+00 9.859886772022851131e-01
-1.431915487288853983e+00 2.349230531035447100e+00 -2.831176569567265933e+00
-2.612781051311935610e+00 2.711433558738073124e+00 4.123854738820692534e-01
-1.117629030983629201e+00 3.102677762870013289e+00 3.374354858111201505e+00
-1.748278520242006584e+00 1.502241731201032993e+00 -3.540078300172077697e+00
-3.616134836886868431e+00 -4.012229555464154274e+00 1.457159397528651479e-01
-1.922748168749509823e+00 3.832104688074394527e+00 -2.071762013831759397e-01
4.025260461028095094e+00 1.785928744509341026e+00 -3.543456510341610688e+00
-2.620217690478925832e+00 -2.976329172142603507e+00 2.572645870489287390e+00
-2.463536243324038200e+00 -2.561793254325025693e+00 -2.272138068233811592e-02
2.458474674151670258e-01 4.109599756516599811e+00 4.014360982922993593e+00
1.493011858071650322e-01 -2.495827597992715585e+00 4.051063568753662025e+00
-1.802193813540752032e+00 -7.890676050349937354e-02 -3.047999654687530313e+00
3.899058718839903959e-01 -1.614317921452667726e+00 1.932575581483764737e-01
-2.934272658025903091e+00 -2.531542134507280828e+00 -1.852407913088574221e+00
2.402939687418003345e+00 1.896177049482836496e+00 -1.372134407684147295e+00
-1.004355384232786585e+00 -2.326770324214264107e+00 -1.337221514071094575e+00
3.729234660505701626e+00 3.164229810702405832e+00 1.679339860576986032e+00
1.648096024917830693e+00 -2.856970223729321301e+00 1.816351495741496958e-01
4.000057637233875418e+00 -3.197813433496480062e+00 1.709939694648179520e+00
3.670292490056733747e+00 -4.084638870799256694e+00 1.638663001919482110e+00
-3.493574301320215625e+00 -1.870232364241571910e+00 -3.841197016694934963e+00
-8.668166252355627988e-01 -1.345715596218077126e+00 -2.470902011722493075e-01
1.601421852407394875e+00 1.919971817360611732e+00 2.477009174507896372e+00
9.265710451168887030e-01 -1.541601632120199961e+00 3.069836805068133501e+00
6.304433335493163648e-01 6.124826369905550516e-01 1.323865145412876254e+00
3.817213446076385797e+00 -4.907574840775290603e-01 2.597033583495780285e+00
2.343036776870128346e+00 3.917183695740452443e+00 -2.788968546854774022e+00
-1.202391111327409945e+00 -2.283125039179155547e+00 -3.556067813666033972e-01
-1.392715955293383656e+00 1.580063725512268258e+00 3.595969863054768734e+00
-2.178455490411931095e+00 -1.428042440369944009e-02 -3.942307142867943703e+00
3.675513140551358582e+00 -1.618468084302592480e+00 8.300722574355523520e-01
7.139861002532978951e-01 3.053909198866726626e+00 2.738838800269882690e+00
-2.173585273385952643e+00 1.777705533790746584e+00 -9.788580621768925294e-01
-2.609045064189784657e+00 3.784793644080375774e+00 -3.382688943317868624e+00
-4.096846021079385558e+00 6.808687198687263242e-01 1.485230639255366469e+00
3.847418365149927411e+00 -4.803797161273453131e-01 1.210236132979603196e+00
-4.247294050284280420e-01 -3.029631030912265821e+00 1.970779618288370560e+00
1.111655267141653747e+00 3.347798217224645101e-01 -8.555018841664001339e-02
6.438621174822038995e-01 3.721888962819035918e+00 3.288797712895100034e+00
1.986071785930244360e+00 -3.611076846381758632e+00 -3.951770058792466234e+00
-1.406356733673550075e+00 2.668674829390459191e+00 -1.595481592394167647e+00
1.771031475626205776e+00 2.916805353297955428e+00 -2.252019340949300119e+00
-2.898532553145605650e+00 2.328590160932466346e-01 3.274632329116956342e+00
2.528566215348410751e+00 -6.482506452822250909e-01 2.706787872663023009e+00
1.644069526385351310e+00 2.242343165853915909e+00 -3.090145167540524707e+00
1.757484916002727049e+00 -2.788411715409910396e+00 -1.048652233088937846e+00
-3.257888582083125151e+00 -1.418638875429788948e+00 -1.196645592780921197e+00
1.586250275789213293e-01 2.426976625707544244e+00 3.172378384452327449e+00
7.024670100284549079e-01 3.282912661894990869e+00 -3.936928453069468592e+00
1.138168444807831303e+00 -1.565827810033478151e+00 -2.926498209637552694e+00
-2.910271591834496352e+00 -2.323307704103486415e+00 -9.420121853251122168e-01
-4.088988036139753923e+00 -3.597544676303396471e+00 3.675783943361701667e+00
2.284535368549099055e-01 -2.581188562405450693e+00 2.685297306104386994e+00
1.697846694618349916e+00 -2.547323116112086172e+00 1.437098683337922456e+00
1.429773346475933460e+00 2.028281290726636321e+00 1.276955310362448026e+00
2.678613400655372789e+00 -2.319852299469611356e+00 -3.535882716384860736e+00
-2.904788133071255718e+00 -3.410595216221306458e+00 -1.290852404415482102e+00
3.060311720502582933e+00 -2.537967728130343659e+00 -1.542275658268921656e+00
3.891100258828446901e+00 -1.593155500464441765e+00 -2.531319834943208225e+00
3.565282058226736162e+00 -3.149892995999914014e+00 -9.768992309098073479e-01
2.915312914021620294e+00 -3.414213095067419879e+00 1.986067574703385130e+00
1.865601031259457976e+00 3.609636236532380860e-01 1.246794109851512733e+00
-1.005101771076567729e+00 2.226596235205524632e-01 -1.849287193408589713e-01
-2.404554758315365248e+00 -1.621003130855908303e+00 1.395522365090021255e+00
-2.795101814691266714e-02 4.002393067823862616e+00 2.767656469040070455e+00
2.450409731687506198e+00 2.725116084752561729e+00 3.966613880552384508e+00
2.249255047496911963e+00 -3.426236723320195132e+00 3.195487666405318894e+00
2.343005327494051215e+00 -3.291451400819870976e+00 -3.022979523324576423e+00
1.580987485704695050e+00 -2.280635937567933258e+00 -1.826853968201717526e+00
-9.500556300568908652e-01 1.040499815280140572e+00 8.765441878559175892e-01
-1.726509295622919327e+00 -2.044893186890529790e+00 3.395356955018719591e-01
-3.428824725088812087e-01 5.033219025001849367e-01 1.198476236632475045e+00
-3.064541299025588472e+00 2.317030533768643874e+00 1.589702585996802364e+00
-6.470056678107530268e-02 -4.595151249366027923e-01 -3.659792310098572088e+00
8.101222414612424538e-01 -2.758219450014034901e+00 4.897858200485367131e-01
3.762380255143292995e+00 -1.470011948928657386e+00 1.922397363009098692e+00
3.606836542122735523e-01 1.930652508550509072e+00 3.858505611118129064e+00
-5.306298861588455429e-01 -3.864054604492828116e+00 2.151703955191412554e+00
-3.588770961382973468e+00 3.680749805157832011e+00 1.756654102891340719e+00
-3.467674755880181814e-01 -1.558501923384663757e+00 -2.434399539639756416e+00
4.265423312409356016e-01 2.039927357396363661e+00 5.551815714563520521e-01
-1.846183629609898125e+00 3.527687470195504549e+00 -3.759042802894863922e+00
4.017070807096351892e+00 -3.925945315285943149e+00 -6.161378221306709202e-01
-9.818156685236627546e-01 -2.174672366470416840e+00 9.513687541331107278e-01
6.975374170175455690e-01 -1.758867180917922601e+00 -1.135279014228919081e+00
3.768918658336668059e+00 -2.460978490825371345e+00 2.695009279567096017e-01
1.490956922264451867e+00 -8.383585001997652109e-01 7.426456187850446478e-01
6.678414224299644708e-01 6.949637321300808912e-01 -1.832293545460575102e+00
-2.506710190607535083e+00 -4.046309264396928285e+00 -2.099217360130162024e+00
2.818872833238433628e+00 1.153050581230420812e+00 1.949875012885271541e+00
-6.484257875489710665e-01 2.793639006150147042e-01 3.456920696731624609e+00
-1.926391257143072355e+00 2.808488650885601068e+00 3.756639811800988937e+00
-3.946572786467151150e+00 2.547082436420446960e+00 1.167985703154867050e+00
3.932777625727644111e+00 3.049737188323649928e+00 -2.745612664921932566e+00
3.354105887078950299e-01 -7.363287263023240992e-02 1.987371421727702980e+00
2.303961842943076377e+00 1.892756298285227734e+00 8.594517787526673169e-01
-2.262650331870732057e+00 3.664037722114265261e+00 -1.099249546495359997e+00
3.684434559278431998e+00 5.306059785488471681e-01 -5.055010298967945737e-01
-1.988502824807400149e+00 3.324548757585132908e+00 9.642276107577336663e-01
2.873197760467772088e+00 1.102251208936892768e+00 -3.168511366273495167e+00
-3.892820867898988624e+00 -3.188706635078222718e+00 -1.516270529793953159e+00
-3.332697984188202511e+00 3.353379266890565980e+00 -2.139434997921355885e-01
-3.210822799420557927e-01 1.399030712706623936e+00 2.766756443494843953e+00
-2.787302576696573553e+00 3.267039104251385329e+00 1.432156984889536355e+00
-1.671538220109539230e+00 1.622853936327873225e-01 1.948270297837099374e+00
3.249133417655293954e+00 -3.193813580097749849e+00 8.074715171531499092e-01
9.414193075266512611e-01 3.084710386259619685e+00 -2.664309220945596746e+00
2.364892729171735208e+00 2.056456348078789187e+00 1.890767450812292028e+00
-2.356304804912578099e+00 1.989088961245330411e+00 3.967361101718318128e+00
3.200083166628874487e+00 1.510511768687366585e+00 -3.978537988827401506e+00
4.106595443133739920e+00 2.705009436885961627e+00 3.595034894679208559e+00
2.617153526104997852e+00 5.090599991657621115e-02 -2.049879266982874260e+00
4.099176968201745375e+00 -1.452196217245486087e+00 3.731990807362761675e+00
-1.968164867563536147e+00 -1.045508042616446254e+00 5.706042897595091645e-01
3.271895928039433965e+00 -3.046647307561321405e+00 -3.382586933414694741e+00
3.410630923673800829e+00 2.216336400784188587e+00 1.828552127883173561e+00
-8.002715452912104732e-01 -7.025621571221014605e-01 -3.019068866321715117e+00
-3.015014407602676805e+00 3.007395515650533646e+00 2.422443704148018018e+00
1.512248767710571817e+00 -3.259520714153407717e+00 2.083192568394641064e+00
1.703175094240322873e-01 1.035083263193340652e+00 -2.671456745267273725e+00
-3.388620705921971954e+00 6.259483141885996416e-02 1.423127449197362226e+00
4.057175399101061508e+00 -1.933630323503397141e+00 2.862743765913277727e+00
-1.706373130790630688e+00 -1.014980136984128478e+00 3.385217009936015486e+00
1.494835477266413415e+00 3.810850981204816357e+00 3.801953254168084495e+00
-2.335863510280203670e+00 1.290160292753306237e+00 3.041581232376529442e+00
3.216786087392550453e+00 2.419807269275487283e+00 -2.840141434183840463e+00
1.854303764872021532e+00 1.045183167005747649e+00 1.995571114161017068e+00
-2.604550258531040274e+00 2.655147558181173206e+00 -1.048291994788455028e+00
1.460417212321751590e+00 2.339620414534214987e+00 -1.569823588501061185e+00
3.456865953611795383e+00 2.618623079010782728e+00 8.741138811940019071e-02
2.719816964440739060e+00 -2.616992890048524867e+00 1.435508609108989697e+00
-3.418895222325373240e+00 1.592288037010484603e+00 -2.779740447975188378e+00
-8.916583459685678559e-01 3.071501496196677561e+00 -4.610814941925451826e-01
-1.054826261261351039e+00 2.406421757856372245e+00 2.409365403335827160e+00
-6.200501128039358489e-01 -3.737670626629468362e+00 -1.481195306872519435e+00
-6.489849721942071437e-01 2.203261094922414731e+00 3.400610921544697796e+00
3.527610135964784899e-01 1.992998056160409259e+00 2.414180356371567804e+00
3.782003631353380246e+00 1.337253976177938286e+00 2.472270329663023070e+00
2.720991886737856635e+00 8.860731630053800822e-01 -3.885617791485776462e-02
3.262211290449980261e+00 -3.528394548637292072e+00 3.102300602451241840e+00
-3.317449609574543601e+00 1.957734098618649998e+00 3.378377936798801162e+00
-2.766210085783893380e+00 -1.619687704210426515e+00 4.291800227018074954e-02
-3.248507528847515591e+00 -2.022969969249694522e+00 9.677943365653308705e-01
-2.659741689142328003e+00 -1.951342124314448256e-01 7.101416802855060606e-01
-3.749769826161498010e+00 -2.414908002771559925e+00 -6.796186502459418133e-01
5.915957500974556860e-01 -3.777973482152840567e+00 -3.354994638143585117e+00
-1.123669680739660670e+00 5.000234748484195801e-01 2.604947582430110931e+00
-2.658869353920873202e+00 1.388374615864646777e-01 2.202213327333896409e+00
-1.198721064595105412e+00 -2.976972087120296706e+00 -2.182106214401821731e+00
-1.204055514901626045e-01 1.210503459702348072e+00 -1.312912366307199985e+00
-2.492949458724088352e+00 -1.490918958423598895e+00 4.022452400273738071e+00
-3.471075424338604165e+00 -3.677676795042732039e+00 2.007826566482704855e+00
-1.227792728798748456e+00 2.258975706913036952e+00 -3.946335197543360263e+00
-1.366415897036308280e+00 1.912475104275945581e+00 -3.710589957388864546e-01
1.754122751831765248e+00 -3.621533564930486726e+00 -2.248294074377631624e+00
-2.986779074180526461e+00 9.214009392290657408e-01 -4.001156057439542835e+00
3.427190560513765138e+00 4.015322021717263823e+00 4.255760172156445309e-01
7.772517944180848959e-01 -3.904273311728703622e+00 2.363673825307595511e+00
1.800793369143697920e+00 1.014816926429777721e+00 3.194287737190704135e-01
-1.527709328895514140e+00 -8.052590892819911916e-01 -3.840048046479481947e+00
1.256330650073159028e+00 -3.198361041138347183e+00 -2.955920757520067443e+00
-2.032669615936523844e+00 2.015220712501888112e-01 9.707573683249010044e-02
1.250274418510113117e+00 -3.574009400001608494e+00 1.241168603937081283e+00
3.296220497709322572e+00 4.010278521777532745e-01 3.717973987123892599e+00
-1.931995219546911446e+00 1.973620590992590795e+00 2.191653472877014064e+00
-3.911228546630033165e+00 1.344679612112370526e+00 -1.669117222095273800e-01
1.922430033507930291e+00 3.276989677475636853e+00 -3.563851045846460952e+00
-3.445368126866244829e+00 -2.981284687717633552e+00 9.557400095408381535e-01
3.792579360203385708e+00 -1.067062496699138663e+00 -1.613832849818138904e+00
-3.159985142678503500e+00 2.400719055009308711e+00 -2.004850259186005790e+00
-1.183773472785712988e-01 1.962220249090099511e+00 -3.533631134697010623e+00
-2.703022384855195526e+00 1.165296388979735420e+00 1.727031768425574709e+00
9.813879838114123455e-01 -1.776882034105739416e+00 2.160169092514877320e+00
3.337562138288137525e+00 -3.924135839864402620e+00 4.071270327800093902e+00
-4.083271432865819506e+00 -2.623877105426187129e+00 -2.799658053137171088e+00
-2.963584270205679161e+00 -3.648339368932683957e+00 -3.657313799753454386e+00
-7.039580095829829631e-02 -2.165987264549973812e+00 -1.523761850207663748e+00
-1.778976146779857048e+00 1.096152808836265979e+00 -2.325393924297077142e+00
2.290632340158606617e+00 -2.128108208103722532e-02 3.547093783914881726e+00
1.046915634031777564e+00 -1.877492100576462875e+00 4.101990227529505262e+00
-2.328911858385013023e+00 -3.027917404001902124e+00 8.110234311719093370e-01
-2.698528357296127833e+00 -2.794543284162132935e+00 -3.914698078558719541e+00
-1.784137004611713984e+00 -3.484421665551616920e-01 1.171193216973062556e+00
1.697082437111995246e+00 6.405054679452351074e-01 -2.551046875834278360e+00
2.054737866274459535e+00 -3.450766155971404903e+00 -4.526192648477453395e-01
-6.914008707162854206e-01 1.101045413251724892e+00 1.901921694419578257e+00
-3.379412620977708670e-01 3.152214665179753794e+00 3.975649534133624208e+00
-3.565064175266357882e+00 -1.499908275078428055e+00 -2.089901609693575857e+00
-2.902644458365058799e+00 -3.371600123237958879e+00 1.936352510009543559e-01
-1.622908955470492742e+00 1.199513341994848048e+00 1.693393696171974216e+00
-1.761769296464395840e+00 -3.446593020710608357e+00 2.134092318304082192e-01
-3.779641679754123906e+00 5.062992376763204572e-01 -1.104569487545038697e+00
-2.594748827160677784e+00 1.016885870895261723e+00 3.585700584472363839e-01
1.000671100325967178e+00 3.432310487514772523e-01 -3.493187148066721370e+00
2.688983863918363859e+00 1.237907287305809234e+00 -2.197314604568472163e+00
-1.298479979378095228e+00 1.406266056746192206e+00 2.675811445792949161e+00
-1.233671107583230953e+00 3.018462885921056604e-01 -1.645541643249909702e+00
-3.433120885912477771e+00 2.403283537167390932e-02 -4.089295199812262638e+00
9.607187086088153638e-01 4.081387129799765034e+00 -2.373769085813328239e+00
-1.179414624474699469e+00 -8.244009721006424485e-01 1.731177338787222464e+00
3.166540679003547742e-01 1.023664593283577062e+00 2.094447437495413844e+00
3.738313174375223369e+00 -2.616501132616395608e+00 3.491019004204648724e+00
-6.966764946168955142e-01 8.902010859155601308e-01 -2.252501362732330481e+00
2.755237215819371865e+00 -1.465980766866983531e+00 2.194341532001904682e-01
3.348494313714360349e+00 1.698558147425191789e-01 -2.763206600003075053e+00
-6.982716775545085852e-01 -2.095404435955439126e+00 3.654103880693523543e+00
-2.965806358685997068e+00 1.821830283477154921e+00 -2.829453913774609419e-01
-3.498466385697787118e+00 6.905768461839774108e-01 4.602086514186577992e-01
2.428592507734068207e+00 1.954149153007518791e+00 -3.559493077889123835e+00
1.025469738583863366e+00 2.314202350859942303e+00 -3.830838451077032580e+00
-1.090334034330508350e+00 -3.127856231004718435e+00 1.386054945185064335e+00
2.203083228619239886e+00 3.802325462044009452e+00 3.129230751684241252e+00
-3.622678706171353014e+00 2.079551285618864931e+00 2.314760711253691650e+00
-2.847807508849622860e+00 -4.058571119974527797e+00 -5.668620847225073200e-01
3.028074739983443314e-02 4.728861248268724227e-01 -3.468111324916001603e+00
-2.306282031923986953e+00 -3.345625980638415431e+00 -5.785283289444175248e-01
-3.224610213737991060e+00 3.168205595443441602e+00 3.996771615237292075e+00
-6.011157524625199144e-01 -6.830385974223663892e-01 -1.721539373086833136e+00
-3.525071005276339875e+00 2.668971179483772271e+00 3.461034598202717971e-01
-4.016185859394869051e-01 1.554337627472755612e+00 -1.997196505359584706e-01
3.113144503568927135e+00 2.653968160089086314e+00 3.285644835664578434e+00
-3.615036334033483012e+00 1.187449544730140305e+00 -1.771083081236747070e+00
3.105288279005887997e+00 -6.032227488684984706e-01 1.893546923514492608e+00
1.135116237595457100e+00 -1.771686954915616008e+00 8.958727099290775264e-01
2.991643862403368992e+00 -3.721583310693334035e+00 -4.286567460686356856e-01
3.858866532200105226e+00 -3.679453051174567668e-01 -3.407842729571718188e+00
-2.746131413627695306e+00 3.259086673298971615e+00 -1.872186859119967961e+00
1.203782588718989466e+00 3.643892351706116361e+00 1.493026670273063683e+00
3.442473399447527616e+00 3.326170364054490847e+00 4.060833773801537205e+00
-1.762413963089273450e+00 -1.459127102230596829e-01 -9.667256102575199073e-01
1.065578643168262785e+00 -2.458673178708208340e+00 3.246462075546688197e+00
-6.937456948839086923e-01 1.778262675690520433e+00 -1.889752733596512302e+00
3.702626157256264428e+00 -2.279632428705947955e+00 -3.804276329784755273e+00
3.996545021061931990e+00 1.069065322311700816e-01 -1.973873077757142491e+00
2.328595437422448455e+00 -2.984843283221417121e+00 -1.838031688446697398e+00
2.137710226514766720e+00 -3.902942346158732700e+00 2.191643162694683511e+00
3.051978000694640869e+00 -5.779070174981227881e-01 5.232853985348284720e-01
-3.119981103460804928e+00 -2.826561611781913008e+00 -2.982794739221157787e+00
2.503221376944136378e-01 -5.064070110965386284e-01 -2.510124208887611008e+00
-1.993943961051498404e+00 -2.223997422662618018e+00 -1.065035178416692485e+00
-8.209182297761049574e-01 -4.505975653594597174e-01 -7.931975311872661027e-01
-1.017561433949499161e+00 -3.495851890663844053e+00 3.042549478723454381e+00
1.843872063634258707e+00 1.804431462234698857e+00 -2.234883243554298460e+00
-1.414057911810039148e+00 4.075690994409085555e+00 7.159029881595098121e-01
-1.676835277011528458e+00 2.845121565620408077e+00 5.982912206172010666e-02
2.192176748930238173e+00 3.554840067196693543e+00 1.290982237424510570e+00
-1.193107728355450314e+00 2.754260690330679329e-01 6.968431209749784694e-01
2.677212195402984829e+00 -3.130698196849376558e+00 4.044386461680478106e+00
-4.100449088299170874e+00 2.188302640425704659e+00 -5.105064586746228539e-01
-1.969833080024486982e+00 -3.715413690032056682e+00 -4.015791922160413030e+00
-1.689490934241502762e+00 -3.720093551409147992e+00 -1.336232497401164787e+00
1.098641189557370890e+00 3.063959967279504593e+00 -3.061113245264493465e-01
1.659214630103790666e+00 2.881198298025416271e+00 2.687615177580886971e+00
-2.358306283431891304e-01 -3.071325575674827668e+00 -3.497600478680890301e+00
-1.813577686983293358e+00 -1.442419974767232382e+00 -4.201096033224038240e-01
-1.997733680851376536e-01 2.835010817003590144e+00 -3.366242804938407662e+00
-3.926863681860714550e+00 3.078638744540110217e+00 -8.616115826455961191e-01
1.614607063987344882e+00 -2.452283227978483637e+00 -3.487695908357026475e+00
-3.114261876867254308e+00 3.423966620918227566e+00 -2.737130845296619874e+00
3.064769715643372638e+00 -1.398047555287801114e+00 -3.816717170002132953e+00
-3.247194737849611990e+00 -3.388272889720612913e+00 -2.200299624018771993e+00
-1.697646991647065562e+00 -3.690372741132757817e+00 1.696060871232963896e+00
-2.850696765806450816e+00 -1.868750257037212537e+00 -3.149854789145410727e+00
-3.208041124402677413e-01 -2.730216062141331168e+00 1.138668434518536055e+00
-4.071583019403804293e+00 -3.489772127361195242e+00 -3.533733131035649677e+00
-2.985800596669198059e-01 -3.516744056735032320e+00 -2.468730133550511852e+00
3.022806324243309639e+00 3.587130195315586523e+00 3.334938892057651927e+00
2.324647606742383577e+00 3.397236674339214613e+00 2.212201408423806193e+00
4.106826499850896539e+00 8.503005884593961561e-01 -3.979237299392355265e+00
