8.220706914434900980e+00   8.220706914434900980e+00   8.220706914434900980e+00
500
-2.193509982179226991e+00 8.404327681662207006e-01 -2.023409316226339794e+00
3.661796752382538434e-01 2.403966844693121274e+00 -3.420221181448684256e+00
-9.363268299803689798e-01 1.233150286959772829e-02 2.245105791619609881e-01
3.810657475913851844e+00 -2.177019952795533619e+00 3.788915494718602783e+00
2.550405130758014671e+00 2.963708532292304021e-01 -3.502514274848431253e+00
-6.029899468982509170e-01 1.613348004001817548e+00 -3.536304976136221079e+00
9.562376422083256333e-01 -3.227357211468126152e+00 2.444509890106218108e+00
-7.482834846882890911e-01 -1.204222282433414115e+00 3.580172124509307441e+00
1.998625215722201309e+00 -2.796181575875090530e+00 9.772180934005145758e-01
7.475282568460733801e-01 9.918991906517311552e-01 1.814689648952898748e+00
5.146943140888455837e-01 3.867558872524516467e+00 1.581311596747018822e+00
-1.311812957875455599e+00 -2.732159690577685929e+00 2.625624162834816921e+00
-6.893555806501383554e-01 1.538474496809561221e-01 1.122199293994811553e+00
-2.592971844579884166e+00 4.222691388512341826e-01 3.951909516495320407e+00
-3.126827489745612088e+00 -3.065058957372285287e-01 -3.715480444001956872e+00
-2.406469529954420317e+00 1.364690649294214131e+00 -4.046687390995664657e+00
5.090202670381054340e-01 -2.286026135459794162e+00 2.669410078879485670e+00
3.780056257634539230e-01 -3.347946715378724569e+00 2.200814216683000257e-02
3.863390395762575924e+00 3.051621843532004608e+00 3.342538999948071687e+00
-2.398396744289102767e+00 -1.728569597598162089e+00 1.288572578393314405e+00
-3.403994785453890337e+00 -6.455632412797803754e-01 -1.195863066125030461e+00
3.781561535940214824e+00 -2.915303579953098190e+00 2.228162636962193854e+00
2.783812495900792161e+00 -2.345250455342319018e+00 2.292819836252721011e+00
6.259896269896001453e-01 -9.381809462609187467e-01 -1.233665164233921363e+00
-1.053343613230672826e+00 -2.127964321187539198e+00 3.748595864018134716e+00
7.902613826715766399e-01 1.251147246609452424e+00 3.288101788086951416e+00
1.524783987859252621e+00 2.087031604215395575e+00 -1.127914275696733082e+00
3.708306109442467413e-01 -9.356322853886125390e-01 1.402517951743805114e+00
-3.635177819057590076e-01 -2.753940665313187264e+00 2.825308840900260243e+00
1.231543683443618864e+00 4.225718706856401718e-01 9.942665618212574996e-01
2.529982815218780878e-01 2.137399747864278776e+00 6.839567065818720204e-01
3.343386760922328005e+00 -6.531279926410469283e-01 -2.898758159573323390e+00
-1.309395038998285798e+00 -4.028230399211745194e+00 4.106586502084884849e+00
-1.642194099848281574e+00 2.185797784480850936e+00 3.415607742945295122e+00
8.390805297545181896e-01 2.797841898481185474e+00 1.096152781958664058e+00
1.660278661892199192e+00 -7.570620040822929608e-01 -1.404723383664868708e+00
-7.584692485327489964e-01 2.150740758575028888e+00 3.821903447570316636e+00
-3.332563931553085723e+00 2.707467651730067093e+00 2.467774904622598964e+00
-3.174871385408633007e+00 -2.423040221112406023e+00 3.902227525895499483e+00
1.966139302324346305e+00 2.977969325369113740e+00 -1.539749600013059494e+00
-3.927244264076531266e+00 2.418270126942762221e+00 1.770091151785275763e+00
7.520560473070264651e-01 3.723853850332924598e+00 -8.203132903918062269e-01
-1.456698979229475999e+00 3.731024207394209480e+00 3.026598412162757157e+00
3.837251762155132528e+00 1.070057665584162709e+00 -5.065168176240235631e-01
7.093335466547526780e-01 2.101053642594608917e+00 1.848529565247441830e+00
3.236787093086821887e+00 3.497629175001948365e+00 2.070034119142277085e+00
-2.791486403098171198e+00 1.660033134480689843e-01 -1.256078013228373091e+00
-9.461376599689721445e-01 -3.175131599324557907e+00 -2.565377034532204004e+00
3.660157681835470633e+00 -7.275703110770470605e-01 3.086982218643095965e+00
1.547943819599962412e+00 -4.082438486402906186e+00 8.030160794053409212e-02
2.439950579830679978e+00 -5.435402691898402194e-01 -2.110370440705505501e+00
-3.817051132415134163e+00 5.350421268199905267e-01 1.835286986279800470e+00
-2.799299154475218820e+00 -4.595561279096861407e-01 3.365880654455398524e+00
-3.659034446312479538e+00 -1.721654497299385911e+00 3.481349837674521552e+00
-4.112154834637533618e-01 9.961816058032056942e-01 3.555460851110776144e+00
-2.369647192411492131e+00 1.309866257609783258e+00 3.172732273724993224e+00
-2.452596039922748883e+00 -2.501469792909973289e-01 9.403869724083335768e-01
8.750343287301025619e-01 1.342947707398893575e+00 9.304641722955189209e-01
-2.311631548700790795e+00 3.792600079458765538e-01 2.968876024448842355e+00
2.740397623715227216e+00 -3.730231720089108305e-01 2.752603475382243925e+00
-3.061919035952340717e+00 -3.829701474218829560e-01 1.413317421440625499e-01
3.330773468421019068e+00 2.661621150111078027e+00 1.719596450344677452e+00
-2.640012911048038369e+00 8.110165966779063762e-01 -4.004833130704124056e-01
-2.439730002323531988e+00 -2.822143351290888891e+00 -1.890461135223145961e+00
4.936945201700725788e-02 1.241153233496253283e-01 4.025294987389901102e+00
2.540388357860497326e+00 1.404893160740175784e+00 2.345508468542780278e+00
1.624106303895658909e+00 -1.665753166841618116e+00 1.408042982853710434e+00
-7.705078557560363084e-01 -3.144799902528019886e-01 3.975938686771282704e+00
-3.088626493241660054e+00 -2.140656715191279424e+00 5.741741281444523448e-01
-2.555674185293110412e+00 3.392270677110051036e+00 -2.501065287840001261e+00
2.479115937086952215e+00 1.759573410488468381e+00 -1.091698852057626734e+00
2.462378718896793384e+00 1.427986802136071320e+00 4.836040638784338541e-01
2.947458650402474234e+00 -1.834477554025174317e+00 -1.198149383160242332e+00
-3.254219754484235949e+00 -3.852103272929952915e+00 5.503288911120289839e-01
-2.278478989443258662e+00 -3.648823523381863332e+00 -3.301962185746341039e+00
3.920024313109358616e+00 1.106044930385241321e+00 -1.614197319843352796e+00
-5.076162226580942516e-01 3.480064173637499536e+00 -3.580187107963520798e+00
-2.793864523937305000e-01 2.871760883236209150e+00 -2.746521996733078286e+00
2.576491559931490816e+00 3.786674436511320518e+00 -3.580252813079971119e+00
3.032862377558505074e+00 2.468143601002399379e+00 -2.303502360937420335e+00
-3.125864175587171001e+00 1.070188970024505304e+00 -2.009169600537376699e+00
1.834542615367295237e+00 -6.318278919705191399e-01 4.079998868940537982e+00
2.750463234154017389e+00 -3.432562837429738778e+00 7.156287831255562226e-01
-1.554238115878475934e+00 -6.746862170797617297e-01 -2.562965827366221028e+00
-5.913033537081987534e-01 -3.855132361868595758e+00 1.014796723054385008e-01
-1.849268972162654290e+00 3.160572983486965359e+00 3.810746893279974401e+00
-1.645668010092720124e+00 4.011057078017584487e+00 -2.678353128390269955e+00
3.421595031692813205e+00 -2.174023942377107055e+00 -3.245018261771826396e+00
3.948979590633924008e+00 -3.728845410914729097e+00 -4.099930648473680606e+00
-4.045362770703905042e+00 1.365876979652839385e+00 -2.597397615839923457e+00
3.352338775360678813e+00 -2.157207154363499857e+00 -2.215391848941663522e+00
4.486902075728217421e-01 -2.625873541652540943e+00 -1.476472355868815756e+00
-2.716264671277289988e+00 -1.284784323365164349e+00 2.870907884484418915e+00
-3.227802621982148512e+00 -1.406393010295275747e+00 -1.822463709768076479e+00
-2.722961349346963988e+00 1.607772193703457919e+00 7.145338325819152736e-01
5.484008567713150040e-01 1.105456609982435889e+00 9.747732402298708854e-02
-3.923755014884817705e+00 -1.319912624679502988e+00 2.592157637666201886e+00
-2.992757760187343408e-01 -3.828420508994495819e+00 3.580955569247644021e+00
1.394644101375614564e+00 3.945555020892412834e+00 -1.607194123283393727e+00
-3.699862759688713476e-01 -3.259757723501344184e+00 -1.815716248221046270e+00
-5.289764258811199271e-01 3.862557467132836653e+00 2.883007984301857451e+00
-9.083848000656762345e-01 -1.387100779691780028e+00 -2.358622710701678393e+00
3.143100471288606368e+00 7.157085029917846786e-01 2.719284997653145464e+00
8.109608185592535046e-01 2.915572479117536808e+00 8.251610324054059475e-02
-1.265689990568683143e+00 -3.854949124812267147e+00 -8.737134339311007913e-01
3.259778830336545585e+00 -1.426782252013665819e-01 -2.557100734880477302e-02
1.443484701978686724e-01 -3.073760293008995337e+00 1.992677963880844283e+00
1.161778897586785542e+00 2.738985942256156658e+00 -2.310080145913640415e+00
3.288443420734218581e+00 -2.643276874471139681e+00 1.380868632647622940e+00
3.340010302093082917e+00 3.772556802961181788e+00 4.067917477737990950e+00
6.332936699679780901e-01 -2.247386571797726218e-01 -6.908474753221249820e-01
3.689679917615705573e+00 2.546225686177757686e-01 1.206003810164445911e+00
-1.982165038017273062e+00 -1.772899858765675796e-01 -1.818100347111285098e+00
1.150324675101888627e-01 -9.493483450458080064e-01 -2.226548853108427206e+00
1.629145056558479077e+00 2.266647714853804896e+00 1.485991210679695973e+00
-3.300250723250096829e+00 7.023481833502202010e-01 -3.469114972556907706e+00
2.536790310842019114e+00 3.979823886676657541e+00 -2.542176109839865639e+00
-1.946831993672619499e+00 -3.093495094944295420e+00 -2.611782583209658171e+00
-3.659367321921731531e+00 3.546417855206553948e+00 2.843159264730407809e+00
-2.400652212045551792e+00 -3.475622500310160401e-01 2.074574304006711500e+00
3.414069121867794987e+00 1.779457678608484805e+00 2.268591479238005526e+00
2.593798833676649540e+00 7.408246184893134689e-01 -1.136828056189273850e+00
-7.824743498306852008e-02 3.042843644523798297e-01 -2.042564304743247905e-01
3.388748499791185420e+00 -2.921415199370327453e+00 -1.508386194189563323e+00
-3.944449229762650333e+00 -3.837164436410277712e+00 3.148356885336733857e+00
2.631021996233781302e+00 -1.387207815764802010e+00 2.602786452380411841e+00
2.586125417420968020e+00 2.049342609086374445e+00 1.624074123490022670e+00
-2.120867860565668339e-01 -3.801417808178582547e+00 1.012885788013888844e+00
-2.681861471224736171e+00 2.653291444598429916e+00 -3.829096880447044438e+00
-4.433016733500531187e-02 1.457218258758226304e+00 -2.047226585318854042e+00
3.201646704548654299e+00 2.364495911864836319e+00 -1.363771557257372757e+00
-3.849052484239654515e+00 -3.525120201897899097e+00 -3.085267184286044184e+00
2.401556696655804402e+00 2.866098921181344128e+00 2.181198865471828174e+00
-3.869209995633137833e+00 3.566559614462554428e+00 -2.510633715664603027e+00
-3.706833293361819770e+00 1.496511905020539768e+00 8.679703604036030917e-01
2.460884798579885402e+00 -3.342047818343073740e+00 -3.384231327381833410e+00
4.945704200936414940e-01 3.616406050987723386e+00 -1.813533849708275358e+00
-2.341737310006290596e+00 -2.881664066231362842e+00 2.214076483378452753e+00
1.936650595857364321e+00 2.161500475803336263e-01 3.668248326750449095e+00
3.057867367214759380e+00 -1.774715825295960059e+00 4.826113480417147938e-01
-6.792573483341294294e-01 -3.094125776771202485e+00 3.992179264679335038e+00
-3.297257041211214990e+00 -3.596978072202315246e+00 3.823673597586858541e+00
-8.562943943251145884e-02 9.066636386388232660e-01 -1.241161914648732933e+00
-4.055587922950419255e+00 1.188255066610377775e-01 -3.401348746217407459e+00
-1.889794490253188464e+00 -1.325577242438736425e+00 -2.032165931770629541e+00
-4.087808755601757049e+00 -4.011340321000218090e+00 4.862445063408774582e-01
3.869067396950605087e+00 -2.075780091001981020e+00 -1.370648403614601829e+00
-2.003286191323105481e+00 -7.228053652431650766e-01 -3.954714963114166704e+00
-2.138959938932208260e+00 -3.165109381963049362e+00 -9.715749988412863969e-01
-2.154139507536871445e+00 -9.650226379332094151e-01 -3.944488418766952109e-01
-4.035690489621026167e+00 -3.722134779242746383e+00 -1.255999414773850464e+00
1.857527868510186808e+00 2.553342992409553869e+00 -3.026413133092351604e+00
-3.676526337766475638e+00 -6.982521656585981562e-01 -2.448113703936765972e+00
9.539507519286820614e-01 3.794739909117010868e-01 3.745210953515604846e+00
-1.296752913662672313e+00 -3.969249834876619198e-01 -3.396737741041339742e+00
8.005845279513099655e-01 1.299046144918539314e+00 -1.469983086083245905e+00
9.281861057420813799e-01 -3.485349733309702991e+00 -7.894711204639337510e-01
-3.276664815602205127e+00 2.354137611726706325e+00 3.325613584845854565e-01
7.257221452061961564e-01 -1.067808926635219535e+00 -1.123086804718800846e-01
-1.886483412445865371e+00 6.725623098157080815e-01 -1.054739788203449269e+00
-1.281387904085128149e+00 2.834063323304349069e+00 2.738504907728288806e+00
8.530027466083536236e-01 -1.584709772465012323e+00 7.929620818395204385e-01
3.216144337736913439e+00 -1.069656968581896628e+00 1.862504409653289672e+00
-2.962702962020534958e+00 3.548816601241934876e+00 7.212074232458367540e-01
8.855877387874370177e-01 -1.481751795640192937e-01 2.961117163547175024e-01
1.010526318390607248e+00 3.719060197236820908e-01 -3.477928909439889971e+00
-3.473013025289523714e+00 -2.225378405428277251e+00 1.486493639668658995e+00
7.974439243250446285e-01 -1.400362448721648168e+00 3.253600965788168153e+00
-2.386471162539757440e+00 2.797482708414698482e+00 6.538163819287433620e-01
4.048876654817795462e+00 2.278221704445092755e+00 2.729826118304197191e+00
-1.585977767569847874e+00 3.601843590007199891e-01 -2.558076998668886048e+00
2.650204613292530542e-01 -3.804731510085146429e-01 3.191174069416700121e+00
2.807258964191639894e+00 -4.011585025843122487e+00 -9.818938645243290297e-01
-1.109250188915841484e+00 -3.905450744386993467e+00 -1.839311261920641538e+00
9.036455847168211042e-01 3.736290880527969982e+00 6.348314577307433426e-01
1.657526838016382342e+00 -3.457457415191295347e+00 3.656652021873684877e+00
-1.588794839009865845e+00 -3.633761107855096206e+00 2.056262578048752676e+00
3.141081660241812124e+00 2.236880206781768354e+00 3.141562416562921012e+00
7.278798270634908585e-01 -1.730869799470679871e+00 -1.778109856225037921e+00
9.664468258784622012e-01 -2.956746352703242930e+00 -3.007944837358011103e+00
8.571136048277669395e-02 -2.257603541494242361e+00 -6.089324709484154052e-01
-3.096848810335091517e+00 -3.051146578442491375e+00 -3.650680920275738206e+00
-3.025133372149102939e+00 7.785337732090615859e-01 2.334134542598895301e+00
-3.087924472951043331e+00 -1.142553144210366689e+00 4.001619292231426428e+00
-1.558801022465964081e+00 -7.068389018838927562e-01 7.447487026492632944e-01
1.830272711730402735e+00 -1.583178704270311321e-01 -2.972656958348759204e+00
-1.153367721803843227e-01 3.109598094680627423e+00 9.246663884812870160e-01
5.745365467808043469e-01 3.516392803452356386e+00 -2.833060462910833355e+00
-3.156180841491887712e+00 -1.437682053337053345e+00 1.950442858765528253e+00
3.611237220337057074e+00 -3.508798686588302296e+00 1.214878277226477454e+00
-1.505752809586794028e+00 -2.955230028130854780e+00 3.543858952526622641e+00
-1.045764040370398940e+00 1.039616875029457210e+00 1.689825144439973670e+00
1.854899963525185269e+00 -4.046260336861575269e+00 -3.230205673822661883e+00
-3.727336300670284763e-01 -2.805299594554777620e+00 1.087836867207903513e+00
1.213387588038846276e+00 -1.275081603573218869e+00 -3.860152181956226780e+00
2.447068719261521696e+00 -2.603473673680090972e+00 -1.490278969181029423e+00
1.469096339200734569e+00 2.027651871156586960e+00 6.100033257762162986e-01
-4.051833417687022987e+00 2.964782800054585277e+00 -4.021575718917524078e+00
2.360598358964574484e+00 -3.021073192651019035e+00 -6.445990951180865514e-01
1.923313132237660206e+00 -2.863049230419576485e+00 -2.314793990804201229e+00
7.521800785164282077e-01 -2.316177617477888973e+00 3.622152127776649078e+00
2.708822592260339057e+00 2.590066662373578854e+00 6.786796230186965539e-01
-1.577915367305880112e+00 1.381816544884365117e+00 -2.946050422934061164e+00
7.827405249470473780e-01 1.936622027618951858e+00 -2.305026790783566426e+00
-1.799787722974614201e+00 2.136906447275388921e+00 2.163258350999910928e-01
-3.062674211146069858e+00 -4.074792474643946782e+00 -2.732156300365850221e+00
5.817255449966319825e-01 -3.702683067273315309e+00 -2.429323565181372047e+00
1.935587696562752091e+00 -3.055117493443188170e+00 2.184050730184470712e+00
-1.287461584180031871e-01 3.960486926046049128e+00 -8.794781352573934896e-01
-5.021811457273540613e-01 -1.735412016275786895e+00 1.774555210241682390e+00
2.335894526229836288e+00 -3.593977398040268056e+00 -1.781496670517219050e+00
2.713908566381319165e+00 -1.782881461202837636e+00 -3.919007519551843899e+00
-7.329086478814944572e-01 -6.891251356041028231e-01 -1.628554649987595582e+00
1.833577220774457617e+00 -6.684249983895056424e-01 3.058445920375558735e+00
8.317060284657242786e-01 -3.159936525250423678e+00 -3.951709103487222041e+00
1.419215805388887031e+00 2.586716619551712615e+00 2.369009028638130232e+00
-8.252718466230224426e-01 -3.959210259710239210e+00 -3.143658249482453204e+00
-2.649916139209773647e+00 2.190703506553857149e+00 3.169856999284717425e+00
-5.017596503643332317e-01 -2.888699125197890627e+00 4.734728163550260688e-02
-2.899939333711850420e+00 -3.161424705940530266e+00 3.060764256194540067e+00
-9.887988379736633027e-01 -1.457301482287306493e+00 -7.062945607743682519e-01
-1.984126866420465873e+00 2.681407790702348581e+00 -2.945668936663395687e+00
-3.127466817752792227e+00 7.322876717050372797e-01 4.571944015641541403e-01
-2.668731090077323564e+00 -7.884707523872070967e-01 -2.454580218825063387e+00
-1.542450563896963778e-01 3.400313921563624664e+00 2.041949223351202214e+00
1.199262211003147005e+00 -2.221011592645457888e+00 -2.459183559303129929e+00
-2.041537123821848709e+00 1.519937377776516829e-01 1.546871260318537500e-01
-3.317238918074295384e+00 3.137010968381291676e+00 -3.246617111924227306e+00
-1.905330214359705954e+00 3.597492939808048185e+00 1.859577241708098683e+00
-1.451371115249102894e+00 3.615816932461825672e+00 -1.848580846952794718e-02
-1.878903540769552571e-01 -1.503783171455512990e+00 -1.346379911406660801e+00
-2.261924944385141245e+00 2.945528664130785401e+00 2.878698183632510510e+00
-3.284338760362368603e+00 3.268540522277414873e+00 1.485489419158979141e+00
3.460042015020650119e+00 3.968386933667464866e+00 3.106430590388311597e+00
1.527693611071377466e+00 1.313006033059828992e+00 2.191281066213955242e+00
-3.960767052431370394e-01 1.361627833707358182e+00 6.756362863540900099e-01
-3.360398356716790325e+00 3.483114118371381629e+00 -8.938609775550242498e-01
1.093051229207973485e+00 3.005781482663859805e+00 -3.549158635331184364e+00
-6.580792397370365254e-01 -2.873953211033081878e+00 -9.520728837099878827e-01
-1.179664957389215119e-01 -1.884707197965243886e+00 3.576199101870171759e+00
-3.122349885733865182e+00 1.179683453265449461e-01 -2.325602061236443863e+00
1.508275407411595603e+00 3.081541302230726975e-01 1.955516042379801478e+00
1.312488239613536889e+00 -2.292603700791267407e+00 -3.828488566087132838e+00
-3.664111198627787669e+00 -1.138162715226034738e+00 6.150915888474766113e-01
-1.708958098892366939e+00 2.397771082622473515e-01 -3.898563228550427695e+00
-1.357926142000809966e+00 -3.249354419487620937e+00 9.077805227188618931e-01
-1.866649214651196598e+00 -1.951314993212487581e+00 2.145792178896595903e+00
3.010899862219829526e+00 1.955671240167800584e-01 3.563536406074149010e+00
-1.988019354754033463e+00 -3.652485984477369829e+00 3.072510659942073730e+00
-4.727787092313030792e-02 -5.583519831528047650e-01 4.122486095554283581e-01
-2.563384596951527428e+00 2.959032883526388602e+00 1.952829841723392246e+00
2.967262727902388431e+00 -2.759951500004519609e+00 3.724727120995045659e+00
1.477672826490444180e+00 -3.012459919274462994e+00 7.127451619884503375e-02
1.786756320263158226e+00 1.988479009972224654e-01 -1.804201250926650846e-01
-3.413346584855935895e+00 2.174504918337859305e+00 -3.380267709815353516e+00
3.705708451697258710e+00 -1.250300198403615504e+00 -2.052696558548632311e+00
3.494852293639135521e+00 2.102424932126189638e+00 -3.418510271087226826e+00
-2.257371678395518000e+00 2.582624185229699165e+00 -1.511970869765783876e+00
2.399236054002460872e+00 1.587921198858530669e+00 3.328150390636718914e+00
1.157838723756652310e+00 2.031116256140639731e+00 -3.046703739622467766e-01
7.333729857608598524e-01 -2.007633847674687999e+00 1.778618523707500509e+00
9.898851822134641099e-01 -5.324185345121824620e-01 2.252865495737600199e+00
3.957147993514271711e+00 2.065054116905837289e-01 3.242707668009192634e+00
1.988463184399605899e+00 -9.186181049712538460e-01 2.002092874839925596e+00
3.309001693923312448e+00 -2.707140392197407319e+00 -5.031404123900227177e-01
-9.178093245821523638e-01 5.063643424396241377e-01 -6.026127600991083577e-01
3.345082724282329778e+00 -3.963481650546853974e+00 -1.781568925764501321e+00
-2.817864064974661797e+00 3.861082179446710505e+00 -3.904154296116095324e+00
-4.009962802642396129e-01 2.941212648541399410e+00 3.172084233023694910e+00
-3.010354159303488153e+00 3.128947046493162798e+00 3.507399183493610906e+00
-9.618979477343055917e-01 2.925674485142127246e+00 1.853069869489167854e+00
-3.857576737186290683e-01 -2.797113200731904836e+00 -3.412089950659058957e+00
-3.699830959002227804e+00 -1.983991365410443741e+00 -3.614093587876698432e+00
1.364385513355049317e+00 -3.034169855211950040e+00 -1.485696899894155987e+00
1.556097678619096314e+00 1.167300745123401651e+00 4.022933301951370666e+00
-1.151010848135560316e+00 2.198699151820948217e+00 -5.992390478961731048e-01
-2.341366068758936159e+00 -2.763006406190707587e+00 3.726795451311788465e+00
1.754816034609358200e+00 1.292164903160631706e+00 -1.628443106693332698e+00
3.699486733470707556e+00 3.409410217695397982e+00 -1.145004599360841535e+00
1.245034644209041391e-01 -2.742579961651229858e+00 -2.506026656065865055e+00
3.569411414320210696e+00 -3.966549274031132999e+00 -2.705932498804924258e+00
3.290042031965887848e+00 -1.587012623989067173e+00 3.273173533793019452e+00
9.718853319583573569e-01 -1.483443597277962711e+00 -2.946216827593610699e+00
3.115644745011555639e+00 3.630513964404281868e+00 -2.394577740317751779e-01
1.583954745150769616e+00 1.150887583750481058e+00 2.055923072377037475e-02
-4.007073343110131525e+00 2.566203573906464364e+00 -2.599148863457634739e+00
-2.926365273935539246e+00 -3.090365089926081943e+00 9.923719960229040460e-01
-9.269834335763962319e-01 1.388093046561588606e+00 -1.017529492575724559e+00
-3.803179326074849209e-01 3.919547471029185992e+00 -2.339273228491216550e+00
1.466434488446470286e-01 3.701922536125318519e+00 3.987118937863646462e+00
-3.674409268355083302e+00 3.727512884853753761e+00 3.823519086998586669e+00
3.807020082688720830e+00 3.534305549612591246e+00 -3.334602349861044868e+00
8.356004483317731601e-01 -3.192956603688049899e+00 9.554527468790759981e-01
2.795517358404050245e+00 3.383538551870947320e+00 -1.689853728055456417e+00
-3.324378106743121730e+00 1.323971428369342895e+00 -1.084168275385187341e+00
-2.770434322425230356e-01 1.293952657345438961e+00 -3.848480024082368001e-01
-8.148896320308021135e-01 -6.575552638399291272e-01 1.625036547771306905e+00
2.502809567056743401e+00 -2.551431837144299219e+00 -2.945961454332957530e+00
2.646918829049060840e+00 1.036109687817787561e+00 1.482298669630091270e+00
-4.073385757124701745e-01 3.160798724871483500e+00 -1.843154333703608705e+00
-1.045259872012996194e+00 3.176177804119096892e-01 -1.651988032883028312e+00
-3.364616813557391950e+00 -3.061524797554552091e+00 -1.541710803929086770e+00
1.538440545801369908e+00 1.874181239775400964e+00 2.970052625366285337e+00
-7.079721849925653121e-01 2.067543690625895270e+00 2.748819500726931597e+00
2.532905826378127667e+00 3.811232427582816662e+00 4.392766364145045954e-01
-2.495633640682859422e+00 1.044938318702617774e+00 -2.934858400334879658e+00
1.776180572045298334e+00 1.284404836000152761e+00 1.282295965637957336e+00
-4.767756589109848342e-01 -3.854029342141869652e+00 2.055907159014609409e+00
1.041577051199247816e-01 2.115994806724045052e+00 -2.774396916507202437e-01
-2.025589086896827595e+00 -2.040190850775136955e+00 -2.729827640445655401e+00
-2.736635194841070096e+00 -3.876689862732242364e+00 -8.381128142988372165e-01
2.129268574238322831e+00 2.123577978664798582e+00 -2.189215631784842131e+00
-1.956353753859516154e+00 3.562412037653413854e+00 -3.528708524943015679e+00
1.710635728335945460e+00 3.448960857526540469e+00 -2.507550369987229466e+00
2.780491120930668636e+00 4.081688585004910053e+00 1.466211067810898827e+00
-1.125189827885568095e+00 9.984855307073685626e-01 2.491436528721521215e-01
1.230695042346308110e-01 -2.940818512727737755e+00 3.609525727602076017e+00
-1.127342198716252186e+00 -1.961961176651895178e+00 4.031824869881347473e-01
2.637976812908648494e+00 4.030344204341353986e+00 2.584265583384747877e+00
2.179961784856374596e+00 -1.088710957511424438e+00 -3.211133214226547405e+00
2.078002449399516394e-01 1.751168100724046495e+00 2.565296292954663659e+00
-3.460758792813799722e+00 4.049453268974343878e+00 1.883016536639344318e+00
-3.560975554887811256e+00 -3.605515102788049209e+00 -3.818475320837188547e-01
-3.299425355153562833e+00 9.900082943941610480e-01 3.552112964984164289e+00
-1.725789373370955726e+00 -1.445442499215702448e+00 3.310933047156662479e+00
1.364683731272014200e-01 6.463860820978618582e-01 1.119791190490305732e+00
-2.358790350308772599e+00 -2.244026845560307848e+00 2.926423896722242013e+00
-9.393618210033239935e-01 1.488616629243651179e-01 2.426354450185882694e+00
-4.459773153063859574e-01 3.265716824633122517e+00 -4.577410720542469946e-03
6.689440789341876137e-01 -5.081922414497649365e-01 -3.744228605191661341e+00
-1.120732709837941599e+00 3.986426099565196779e+00 1.377022284067165536e+00
1.941653472032898176e+00 -1.593680144669034737e+00 -2.083812309775625593e+00
-2.736573130561847367e-01 1.684860477884105423e+00 1.560156798475379691e+00
1.305571018158607988e+00 -6.158673682514158587e-01 1.183569013344539567e+00
1.799737752478002939e+00 -3.811212495419202373e+00 1.624055387470382028e+00
5.785624795831492140e-01 2.360048024345442030e+00 -1.081420453018089756e+00
-3.981198347936151016e+00 -2.984250736898063305e+00 3.519227919323506537e+00
3.380707355505221834e+00 1.355537260494176000e+00 3.497372237590507194e+00
1.810227274915883477e-01 -1.239401639151086754e-01 1.980660154445958110e+00
9.566312972338442133e-01 7.016086697769617908e-01 -6.649573798878375408e-01
-3.149453157105667866e+00 1.787853531617078717e+00 2.087931237377348648e+00
1.509150892273640965e+00 3.157676521574145134e+00 -6.073043641200359666e-01
1.837830349411723185e+00 -3.780262450299476384e+00 -8.815837287436413261e-01
-4.099997407808329442e+00 4.700232656208769844e-01 3.243004906739567206e-01
3.114981720529398146e+00 -3.164912580668069353e+00 -2.413939068887197781e+00
1.401333494819617442e+00 3.857894816517711156e+00 -4.080031564865089777e+00
-2.690206379754688459e+00 8.260494642189980530e-01 1.348104394824547247e+00
-3.992195270747920688e+00 1.214202282004944511e+00 2.893878847876455218e+00
4.707796432198381176e-01 2.528778564532226270e+00 3.129046019672565127e+00
-2.771717897378547679e+00 -1.394562713247047059e+00 -3.183775112079417546e+00
-2.210629023417690853e+00 3.865189536781182156e+00 -1.736189505089530627e+00
-8.139461067207497402e-01 -1.742702013053435861e+00 2.760000305467703807e+00
1.137676712278487434e+00 6.043854836216044912e-01 -2.368843045536340508e+00
-2.535229303488470975e+00 -3.789191579187651371e+00 1.640850392520656120e+00
4.087490256932485799e+00 3.227870233678177048e+00 7.074251688984722897e-01
2.461716308631802352e+00 -2.007207928983209211e+00 -2.529555070146653484e-01
-1.993065231595269715e+00 3.618737590158566775e+00 -8.029673689295434569e-01
2.833982187866172620e+00 3.124319076715166954e+00 3.314548125474931162e+00
7.211136546516010437e-01 -4.099268741438870656e+00 -3.557732486521398840e+00
-1.319743879217031957e+00 1.277177267400534610e+00 3.947535696124676363e+00
-3.434532670523366082e+00 -4.168590882806109676e-01 1.276838005530356757e+00
8.493894934446256650e-01 -2.217553199329609370e-01 -1.886602269369043849e+00
-1.035806277941134085e-01 8.886806338193538046e-01 2.212749431419742674e+00
-4.100260411091774415e+00 2.044044956381664058e+00 4.082138549447322795e+00
-2.911859492118473725e-01 2.856986021260520481e+00 -8.611751272040951699e-01
3.456757580962583454e+00 -2.240160237816674060e-01 -1.945495131866580518e+00
2.809886193805209764e+00 -1.425749165148024078e+00 -2.575642493751357787e+00
-2.737429141715854719e+00 1.816997819614422749e+00 -3.348854122853004434e-01
-9.387942509319939788e-01 2.188564912455690514e+00 -1.740148251785876843e+00
1.072472575731334421e-01 9.558927641116427010e-02 -3.196586159421773488e+00
-3.546803543043402840e+00 -3.467230852331787627e+00 2.438744432417845776e+00
4.034805306084174426e+00 3.392977398035234238e+00 1.619767671644573248e+00
1.854619710702479773e+00 -1.768377252705024549e+00 3.686498277867566564e+00
-1.045832822297117826e+00 -3.584639425922059530e+00 3.045016452057889733e+00
3.405980654492001491e+00 3.388087800745344769e+00 -2.423419297039254516e+00
4.095271847444954538e+00 1.946478531161645043e+00 1.038574404035693399e-01
-2.373614025246086445e+00 -1.721687622079906901e-02 -3.072680724889512494e+00
1.587328235497153628e+00 -3.679924386243925039e+00 -2.419241764535222217e+00
2.847659279622006823e-01 -1.300278154661892449e+00 -4.002847553448951601e+00
-3.283871599382650608e+00 2.941186767983186012e+00 -1.833995828030815289e+00
-2.585060072282924892e+00 3.788913754550451873e+00 2.592187577832527623e+00
1.526230368938453485e-01 9.881788853056773236e-01 -3.700153280996022254e+00
-2.441014225792044634e+00 -2.953681699789425963e+00 1.810563388578483868e-01
-5.509293623396356310e-01 -7.287388077939874753e-01 2.644323647858176418e+00
-1.331055411134304034e+00 -3.157589702643040841e+00 -3.457298780322416665e+00
-1.436224332265925385e+00 -2.803396436830110527e+00 -3.295491165168812353e-01
1.771505831561128730e+00 2.907452097611949782e+00 2.988923348474321062e-01
3.393766861589443629e+00 -3.348914265679524327e+00 -3.421597540586954533e+00
3.747610670935171751e+00 -1.698441919833907798e+00 -3.465052685664727905e-01
8.474928644075619966e-01 -5.089837666329258825e-01 -2.781545376718365326e+00
3.261805676516903230e+00 -3.237186376063074245e-01 -3.832734944554601952e+00
7.572124215151289361e-02 -3.564316396392206876e+00 -3.191399961076358149e+00
3.131986314442672281e+00 1.810782919412568859e+00 -2.955093607649534881e-01
-9.954248486338412860e-01 2.207640519129209444e+00 1.135464772464768402e+00
-8.943860682564146458e-01 -2.218508352433927300e+00 -2.869473752360721885e+00
1.626051605367597741e+00 6.049812943185683967e-01 2.875727557197193640e+00
2.606444460407845831e+00 1.120697661212348484e+00 -4.033366149644960430e+00
6.581583689334544740e-01 3.127229272964543227e+00 2.290383481035912272e+00
-1.630598173769992387e+00 -2.278431360989456311e-01 -7.488740383972604109e-01
-1.409779545870198270e+00 1.346765433917439303e+00 2.899089794754420524e+00
1.812561242725586386e+00 3.503211940492787058e+00 1.053458378164857878e+00
-3.672699197920553882e+00 2.045626883352077208e+00 -1.864489075801270213e+00
2.828327198684521981e+00 -8.777362550712952682e-01 3.690530886820809986e+00
-2.308504871608229314e-01 -1.699690633086909264e+00 8.116394201413517084e-01
3.741941611377878063e-01 -3.722484190378822166e+00 -1.502883468155645552e+00
2.535800043165542750e+00 -2.080158469739470384e+00 1.338816969074624552e+00
-8.097804331993488924e-01 5.471450624162775833e-01 -3.636392869751282397e+00
1.891336876923777277e+00 -1.980684497141426803e+00 -3.233446669306155208e+00
-6.308120351531564252e-01 -1.471593678021068663e-01 -2.536677359786992270e+00
-7.357056415756467738e-01 8.522376621669591756e-01 -2.636498724747102340e+00
-3.881190940495188979e+00 2.889130453209699301e+00 -2.830882007850881732e-01
1.548495985204989545e+00 2.213364402013006327e+00 -4.075731855599569187e+00
-3.143738368133623950e+00 2.337756277015500928e+00 1.281860589085369151e+00
-4.037415709257581753e+00 1.432402635527723289e+00 1.873160805524857864e+00
-3.333664952968246276e+00 -2.135818185350776277e-01 2.508080845667330472e+00
9.431645875162783521e-02 4.815157504175950343e-01 -2.267131270337231719e+00
-2.647031138681066764e+00 1.947774120250586938e+00 -2.874204418983561826e+00
-1.486062037386171264e+00 -1.986931480026656205e+00 -1.315591937722212501e+00
3.548391602611446594e+00 7.053962243315352598e-01 -3.973933636879007025e+00
7.066122442404402237e-01 -3.621105616747323896e+00 3.229988092818758982e+00
2.026711892969356388e+00 2.647086126135402839e+00 3.088312748864857848e+00
-3.933438604832628638e+00 -2.410583004229251536e+00 -2.647167837936271972e+00
2.521324654174798674e+00 -3.975265196385564970e+00 3.556128166586646877e+00
3.612757287071693413e-01 -2.406703644159168487e+00 3.108150110519312670e-01
2.455607552519616821e+00 -3.443606228044446271e-01 -7.706176308664773877e-01
-2.702557499013076292e-01 -8.116299755753019207e-01 -3.326279442624368698e+00
-1.295722385536439925e+00 -2.460952902785068730e+00 1.583797252427393332e+00
2.969409096178453833e+00 1.434675125132095719e+00 -2.079051139623374844e+00
2.735085236871857006e+00 4.629161512933432920e-01 5.979279684540403927e-01
-6.134518281745098001e-03 -1.750344886574400460e+00 -2.773002724065984914e+00
3.851308864834250278e-01 3.464170991557232515e+00 3.109916814513907557e+00
-2.316896420787001087e+00 2.035447267891581813e+00 1.841875624334408101e+00
2.081282967484229474e+00 -8.054050728944623927e-01 3.397228275818139909e-01
-3.393761246145005295e+00 -1.968214082446024360e+00 -1.113640186033501456e+00
2.548846210717390814e+00 2.961573662768518300e+00 -6.625366854983250064e-01
5.242868197466270530e-01 1.874800703694597059e+00 4.013911595994199999e+00
2.753387090450336139e+00 1.763986571367562317e-01 1.854967649394141604e+00
-1.799531298829362358e+00 1.528301533587626881e+00 9.714986689706965883e-01
2.989290346911879087e-02 2.357861814769724784e+00 -1.899067160993259229e+00
-2.310535013159434214e+00 1.611016389336951127e+00 -1.314746561604586361e+00
-1.565001017816771700e+00 5.008096538705846257e-01 9.617241811474439572e-01
8.926088893729166029e-01 -1.840204985192150478e+00 -8.147971753196584510e-01
-1.312291889259552091e+00 1.290461206437997443e+00 -1.982066137103697168e+00
3.598576797891515910e-02 -6.828943926460648295e-02 -1.424984186391786034e+00
-3.037192327606781372e+00 -2.106666309325089692e+00 -2.456508961765876187e+00
4.082648312564538529e+00 3.866239123639765740e+00 -4.307171924810866970e-01
1.404136983346317091e+00 -2.676675013192115760e+00 3.086120345385323649e+00
-1.470897494595210908e+00 1.775813595078425733e+00 2.059644277765904974e+00
-1.239720626013950389e+00 3.157455220188336131e+00 -1.332735396178893694e+00
3.380318664409319496e+00 -3.602207452835040513e+00 -1.984291238976442495e-01
2.238268413660092993e+00 -3.635223623729725295e-01 1.238562157393243712e+00
3.773840516794121580e+00 -2.933257162238034343e-02 -9.641265363104867259e-01
-7.212698434257414082e-01 -4.778935419725547362e-01 -6.212477048205679031e-01
-3.836541319706185060e+00 -2.911790366814922759e+00 2.486350638456434337e-01
-1.165788628605364696e+00 2.960613067020398947e+00 -2.395173056074823226e+00
-3.542565792836752436e+00 4.176189960254694800e-01 -5.904012697740126381e-01
3.896050856338027835e+00 -3.972934296978488433e+00 2.237194637546338516e+00
-1.050247148725398594e+00 2.717351891608073000e+00 -3.429581261970736872e+00
3.269226341681907844e+00 -3.306655825301138218e+00 2.950477064029390917e+00
1.701049126435029812e+00 -4.060667005774466709e+00 2.763053082665944071e+00
-5.521448447141140692e-01 -2.301846793483343312e+00 -1.859542959225263248e+00
-1.358063728813687199e+00 -2.887463614478617213e+00 -1.731007894741985798e+00
7.543552908194952611e-01 4.061275795444374559e+00 2.452435345871159633e+00
-3.218784099618630989e+00 -2.660274275025103385e+00 -4.582726871532303292e-01
-3.774270859748677154e+00 -3.181247716311597529e+00 1.565809461151483895e+00
-2.755423380418609458e+00 3.062163194479554651e+00 -3.051998766773397764e-01
-1.800362902054861047e+00 -4.783555414095937985e-01 3.051410748690505326e+00
-1.519291135133135962e+00 -1.080716042646409969e+00 2.265957046286972698e+00
2.302830967506681148e+00 -2.947568928723094839e+00 3.043196230541260761e+00
-2.173990986232415157e+00 -2.777229366907974395e+00 -3.609446674417054801e+00
-1.819122747904072135e+00 1.208858929486626987e+00 -3.096909551161999841e-01
-1.295239357827242310e+00 3.308518950276905235e-01 3.446997600312237786e+00
-1.146068187462532473e+00 3.134407023540991766e+00 8.063934365329818998e-01
-3.801437961189187309e+00 -2.265885102637883897e+00 2.605181654408264880e+00
2.883780000097834417e+00 2.861256359387098769e+00 -3.199891064735462809e+00
-1.819622290834046918e+00 -1.949136339456009948e+00 -3.926881062801437672e+00
-3.047030114511296794e+00 -3.058748319018172346e+00 -2.647300288725792150e+00
-1.843877396006781133e+00 -3.703842808901669947e+00 -5.244186439540329120e-02
3.624378521379083007e-01 1.416125725351602860e+00 -2.936915549283769966e+00
-3.162238183522729784e+00 -4.028298274727340811e+00 -1.702790807266425066e+00
-1.708346913041767889e+00 2.011471960239887835e+00 -3.689095384787662635e+00
1.609361857499246984e+00 -1.447845346644173858e+00 -3.037087403703577770e-01
2.106154286958222155e+00 2.062076376188158644e+00 -1.611573294668328937e-01
3.435188647630504910e-01 -2.210992288763846236e+00 -3.553530436043025986e+00
2.000254307492798755e+00 3.160629131493135624e+00 4.023773461670349327e+00
3.412457128509694293e+00 -9.845497621592040893e-01 -1.191032989659225994e+00
4.033377480862359477e+00 -2.768910411119715143e+00 -3.747717352930336698e+00
2.807630313556416235e-01 -1.282645104162326799e+00 2.465554545166732670e+00
2.074695589913094551e+00 1.054871682947393863e+00 -2.607721445632342760e+00
-1.347092331220059336e+00 -1.345714993633238654e+00 -3.356501419761463989e+00
1.693838955194783447e+00 2.938529469926943749e-01 -1.464448736911772242e+00
3.451341097415951076e+00 -2.832110883558278225e+00 4.383819898566193585e-01
-2.027784394238022259e+00 -4.094336807529676214e+00 8.616659449027060935e-01
3.608679867077169146e+00 4.664639936190068670e-01 -2.582109114950565498e+00
3.866451572917822155e+00 -1.896006103056917080e+00 1.701820940784760205e+00
-9.870161056285457757e-03 2.728935479191700875e+00 3.995065597293556259e+00
1.508453261263054346e+00 3.460018297292672074e+00 1.932361315841013116e+00
3.425470837986372086e+00 2.739774416785661693e+00 -6.501315236204091574e-02
1.331831605051994494e+00 1.264385541182619255e+00 -3.179738281344008488e+00
-1.802803288273377325e+00 2.709452119577159479e+00 1.391827657068327007e+00
