8.220706914434900980e+00   8.220706914434900980e+00   8.220706914434900980e+00
500
3.421057749410010285e+00 1.663352018224322437e+00 -1.039275743444665334e+00
-2.174466195724499062e+00 1.909522894504174895e+00 3.131281299561982645e-01
-1.768025116718136003e+00 -2.571452713847056870e+00 2.042060223350033343e+00
-3.888709053798194981e-01 -6.806554706695743251e-01 2.227122777868798309e+00
-1.969051458893614992e+00 -3.350513861948062999e+00 -3.108257533455807131e+00
3.874505371672760656e+00 -2.141237806078053030e+00 -1.052914957759032877e+00
3.925747474076370036e+00 3.714402808065259798e+00 -1.438465886326322662e+00
6.307844072221088227e-01 -3.272230639475272262e+00 -3.941229744190124507e+00
3.394912843687616366e+00 2.559184052656978903e+00 4.050313833668244712e+00
3.708654761457927496e+00 2.062019576626565431e+00 3.657574091094986990e+00
-5.238372368235828525e-01 2.300717619747362885e+00 -1.141868310004005682e+00
2.285469094805058887e+00 2.365717771885529341e+00 2.814154945654623319e+00
-3.801621851542498765e-01 -1.893359053687734495e+00 -5.096377827603242316e-01
1.581477282466471124e+00 2.476218060452048508e+00 6.449385014180932796e-01
-3.283195590704338862e+00 1.860581197501580020e+00 -3.982400166340192449e+00
-1.080332090906392706e+00 -3.686569686909744181e+00 -4.726174602547701942e-01
5.199930812600759289e-01 1.803175990060411182e+00 1.530635674966401849e+00
-3.944640480617615186e+00 -2.462119792031348009e+00 2.093229180481904095e+00
3.231275981000665709e+00 -1.188254206758604381e+00 -2.927257697211305132e+00
-2.438233107066118066e+00 -3.005269228695404138e+00 1.712801029789787988e+00
2.311209054696040432e+00 2.918043002765156047e+00 -1.301064284491012302e+00
-3.617700761046520608e+00 -1.509400294134640497e+00 1.346598796664100428e+00
3.885159769798547935e-01 2.203509942021965262e+00 -1.414040523470456279e+00
3.887424308977838194e+00 2.651797476058944891e+00 2.815888570455003848e+00
2.904864277928679073e+00 2.888776498110374291e+00 2.341908014468823129e+00
-1.694637213457530933e+00 -2.036370785700504449e+00 -3.910580916459557077e+00
3.878197088610049637e+00 1.355114622002967062e+00 -2.294386453631426903e+00
2.499347159386936745e+00 1.056489590759752017e+00 3.839428326957827320e+00
-2.143897259245632902e+00 9.233559956837333882e-01 -6.550517039291912091e-01
8.146538756949301963e-01 -2.177001581347855819e+00 -3.296887629427270205e+00
-2.725676681816294522e+00 -1.766223452799896121e+00 -2.239698644879987821e+00
3.752152095517466091e+00 1.781914161759680093e+00 6.788129829074476262e-01
3.088944545729330748e+00 6.952432531102975544e-01 -1.416550913840592729e+00
-1.921159569636503361e+00 2.144882298416346256e+00 -1.891194051402028231e+00
3.238520314830971802e+00 -9.714639009241021750e-01 3.559135272349863488e+00
-2.994425389909047830e+00 -9.953694713775762537e-01 -3.719783091982810763e+00
-4.292671443419636690e-01 1.070521222599157163e+00 4.078465986653571740e+00
-3.189535859094568604e+00 5.727848493425309329e-01 -4.953938345350489825e-01
-3.346197083716146992e+00 -8.468882850422999597e-01 -1.762498703365564579e+00
-1.307608331976011007e+00 5.277781599480670938e-01 -3.016329884810517559e+00
-6.689500556022631717e-01 1.851021082755597513e+00 -3.200280311289608548e+00
-3.282723185328766835e+00 -2.205721427809597124e+00 2.598565987972680347e+00
-3.853466270041522534e+00 -4.063795513642225465e-01 -2.847172138741728364e+00
-3.592822332615428049e+00 -9.870830115502249313e-02 4.413480649369015962e-01
1.971962077590450946e+00 -1.408034315272002068e+00 -5.277260310223643724e-01
2.967846597426888167e+00 3.011672534713298877e+00 -3.460567835010298854e+00
3.054132488123041611e+00 -1.491786523731070346e+00 2.592328725214018359e+00
-2.823142818643537222e+00 -2.272789621775611835e+00 1.835166843911471224e+00
-4.018081619891376022e+00 2.641966448040300008e+00 -3.699376362872260238e+00
7.384031417702430211e-01 -1.025811704315190642e+00 -4.110003817468957266e+00
-1.539322328915272431e+00 -1.895711839205685756e+00 2.798803456958748104e+00
-2.669923527992478007e+00 -4.952434647476624541e-01 -4.269523835557996749e-01
2.462535319186168969e+00 2.303232526581158179e+00 -2.946558605754447391e-01
1.892856609459035999e+00 -2.269957641771755075e+00 3.859355464499104826e+00
-2.506472543785336793e+00 -6.907340691777323627e-02 -2.223605083352187428e+00
-2.009909544961105521e+00 -2.691362220743343414e+00 -1.554967798252014033e+00
1.418845034826026419e+00 -6.783507188506360253e-01 3.329196378425046898e+00
-3.150773677567953790e+00 1.540142716213334984e+00 8.627642548282967727e-01
6.825709076255340735e-01 -1.233355948448689732e-01 7.557506041512722650e-01
-1.245823641610341426e+00 3.088142238632170855e+00 -3.476951985367820797e+00
-1.387970953606479485e+00 2.567451607654420709e+00 1.659695645337670555e+00
-8.549943705095627289e-01 -8.425580692664141891e-01 3.537132231633898893e+00
-3.470908323131033923e-01 2.961810368078177547e+00 2.690294389886136006e+00
-2.606490974911154890e+00 4.052283046761383289e+00 2.585632372088092268e+00
1.360225880899358142e+00 3.685664156771735644e+00 2.737060105878738714e+00
-2.780637786968150227e+00 -1.804099700677435636e-01 -1.285944014079010378e+00
4.099496863132631175e-01 3.604218942347694021e+00 -3.251958805955494469e+00
-3.795307207996240884e+00 -4.059567848138636137e+00 3.031480225173843746e+00
2.306833881133509845e+00 2.714827553611147692e+00 -2.893103670841855823e+00
3.128580646940058774e+00 1.247312538729950848e+00 3.456914154209478784e+00
-5.896663379980844333e-01 -3.792433172850332657e+00 3.596972759636858363e-01
-9.672233496443393141e-01 1.047342905214776465e+00 -7.348172225976526972e-01
7.545319521499748161e-01 -6.023532422914451567e-01 4.392004736125830477e-02
3.120071046389634173e+00 3.912445029016636266e-01 1.624780654009551517e+00
3.832846012233386834e-01 3.921790588626669738e+00 -3.736693683840529578e-01
1.748716287760928800e+00 -2.804527366003480182e+00 2.660926965907099984e+00
-1.538407485672723118e-01 -3.262185703307255991e-01 1.159575862279137448e+00
3.289396442868935733e+00 -2.368178361820145295e+00 -2.402685437647388511e+00
3.762223361660812948e+00 3.637182933060741696e+00 2.646679018709905407e+00
3.268392756713021097e+00 2.700738540456667724e+00 -1.133438986058757258e+00
5.029016151028670167e-01 9.965166534076799199e-01 1.546638160114407745e-01
-6.572049184624785267e-01 3.135477120778004334e+00 -2.014346769310205065e+00
1.487737080686899471e-01 7.680103724291838241e-02 2.880124768354970222e+00
-2.250460862422023034e+00 3.729418238809516950e+00 3.712896880383082188e+00
8.192936339696280656e-01 1.519386295891743899e+00 -3.621707213729888242e+00
1.075348623373810097e+00 -6.905420148976023631e-01 -3.206258818852949943e+00
1.663179109393082111e+00 -1.481612289597323162e+00 -3.471727718415434927e-02
3.058589970754630460e+00 2.628095690810363205e+00 -1.989471908763304153e+00
-1.969553489611535202e+00 -2.405200453855849574e+00 1.090942281158693072e+00
1.446915296293439290e+00 1.344996966522567172e+00 -3.779076442334027508e+00
-4.056174358449340822e+00 8.797434485636501655e-01 -2.961244044811623954e+00
-7.883628100913225856e-01 -1.392875171133266532e+00 8.265337202153686391e-01
1.351969511788658096e+00 -3.171540989185095860e+00 3.802095071452689101e+00
5.916138348081212417e-01 1.638476379137555616e+00 -5.121162437303219406e-01
3.491885198856497508e-01 -9.709344456037233284e-01 1.094970449973875048e+00
-8.100775932446984129e-01 1.848308696169048027e+00 1.015370016061374780e+00
-3.445679930577201677e+00 3.658782711896226392e+00 -1.327250163372447389e+00
1.841041675072008443e+00 4.673628413949403315e-01 -1.241035452670335548e+00
3.429298170684779379e+00 -2.653817299519051431e+00 2.545403488477530729e+00
2.254322659654403260e+00 3.882325682152697244e+00 -1.796835807071984092e+00
-4.101425625044056167e-01 3.888279359191355145e+00 3.523851604668812865e+00
2.215871418285406680e+00 4.047229563027223698e+00 -7.288679581731591917e-01
-1.642412582673537846e+00 -6.042763792783362176e-01 -1.929626915089488248e+00
-1.099002468419314482e+00 -2.920627055680127704e+00 3.079470263308203837e-01
1.482408459828354452e+00 2.207713867703323452e+00 -4.959455895962762706e-01
1.658643821015657882e-01 -3.646113582592555691e+00 1.831923459470141236e+00
1.423994216209800157e-01 8.229468343229708049e-02 -9.175708439328384980e-01
-3.906664891203256662e+00 -3.904076113468454068e+00 -2.297625711693994432e+00
-2.398239998840788534e+00 1.572287390657542305e+00 -2.790891526954338620e+00
3.178095153420443353e+00 3.807041187317714126e+00 -1.759900725248495723e+00
2.763551462319430163e-01 3.831000258966688499e+00 -1.669952372715716171e+00
2.348819038227415223e+00 -9.092066900094414317e-01 3.836887707065932851e+00
-1.674701197285836107e+00 -1.964640357188389919e+00 -2.075315002116469465e+00
1.938361347296414960e+00 1.084133787480235478e+00 3.412816823246547226e+00
-1.986441181213966622e+00 6.214030182818670589e-01 1.156738620327603329e+00
2.016427498903397897e+00 -2.454485110067591958e+00 -2.909047919768047219e+00
2.915298716819082703e+00 -2.549476209124660553e+00 -6.583367532035681868e-02
1.972760649897368213e+00 1.888488174031633104e-01 1.613891494540327931e-01
-3.255112890842223994e+00 2.453145467041224048e+00 -3.298584453981883602e+00
-2.383696322064072337e+00 -1.188460421582104631e+00 -1.197811804118042556e+00
-2.991987537837098365e+00 -8.056099729633340312e-01 1.806688988831016918e+00
-2.377498446759382933e+00 -2.728855793909876759e+00 -2.514497857794306235e+00
-4.498583639693243263e-01 -1.852534000394389535e+00 1.728944733436773129e+00
-3.022265053658310663e+00 -6.641496233923819270e-01 -2.541899834948333936e+00
3.790683408557933731e+00 -2.081522223642626734e-01 3.943576653473304994e+00
2.151156224828569385e+00 -1.273511557184334508e+00 -1.464229802330176522e+00
-1.774673478603173704e+00 3.916302097374064761e+00 1.988859605253278318e+00
2.595492154696749099e-01 2.529546422569186159e+00 -5.811739017987909151e-01
1.567419521623206746e+00 2.587182863262653232e+00 3.621444233574122151e+00
8.508692845989946907e-01 6.932936242402206739e-01 2.810109673871236780e+00
4.958966318778344762e-02 -1.912628913468998215e+00 2.898544752299827110e+00
2.821079354251478488e+00 -8.918639428590430240e-01 -2.247893167153887983e+00
-9.636143398074034083e-01 1.599537971172563244e-01 -3.795909350567125529e+00
-2.960143734449875108e+00 -8.722457763306786793e-01 3.309950896768858009e+00
-2.404580846039725550e+00 6.999555122698353227e-01 -2.960222476480368847e+00
1.532042470092014885e-01 4.102654622319417577e+00 9.417031858218224416e-01
6.891078332951520169e-01 2.224199356681987094e+00 -2.909880864107617260e+00
4.494241850038507291e-01 1.116092435122336024e+00 3.404752830237856909e+00
2.030004317327872787e+00 -5.790344251431873701e-01 -2.617441840584284751e+00
1.229350353405954444e+00 7.341360001535868207e-01 3.479656040479747858e+00
-3.592099616521624572e+00 -2.787367539315470211e+00 -4.104993767532257642e+00
2.368005959775855429e-01 -2.230681770040086942e+00 1.482922245255994920e+00
2.421049546072135406e-01 -5.557762097844528570e-01 3.564396422830272915e+00
2.734382837395349153e+00 -1.679955336398808674e+00 -2.094668137241724626e+00
1.734291810045420545e+00 2.702804831808705455e+00 1.731750212437120018e+00
1.174662080220516547e+00 -1.837135027867417281e-01 -1.825713791306865064e+00
-1.171276256245107783e+00 3.442978626980188750e+00 2.453372983563432808e+00
-3.820925579835077190e+00 -3.170231297608698373e+00 -2.371734162021622294e-01
1.827941494483723117e+00 -1.327215360147549483e-01 -3.810139571653179846e+00
-1.922076952482243861e+00 7.864774836802070901e-01 4.083749076640201814e+00
-3.533237197329722523e+00 -1.459421251489403604e+00 2.188323063386532041e+00
2.950638621555286445e+00 -3.972602876149212037e+00 -3.298491851328415603e+00
-2.467435863172762756e-01 2.341811817418311126e+00 4.045022787883386095e-01
2.578536633839479286e+00 3.737667905780855282e+00 -4.046939891855363847e+00
1.589246565502722142e+00 -9.217901719471824906e-01 -3.975704188946590723e+00
2.046993325035158851e+00 -1.196980029084075303e+00 1.516524532517867341e+00
7.444728939758177289e-01 -2.524071307139589937e+00 -5.539829923726460326e-01
3.205941729136582707e-01 -1.635328224037275735e+00 3.699705077460896163e+00
-2.372496533711907496e+00 -5.682577545209670511e-01 -2.904333588369476526e+00
-2.071103052514687626e+00 -3.327432409959393045e+00 3.310162748852639059e+00
3.998596252501907422e+00 1.706904539093482054e+00 1.414688010779703742e+00
-5.796988966542322430e-01 -2.834181830874041186e+00 -6.835401925467382567e-01
-4.274647380288678078e-01 3.094865665918640207e+00 1.085487117399193124e+00
-3.107116329231272456e+00 -2.756135649563234757e+00 3.436724257919088199e+00
2.434822659719414473e-01 -3.094455219521013767e+00 1.297581342635076629e+00
1.461004420076824406e+00 3.288418687063585200e+00 -1.313601493996959357e+00
6.865609805584724779e-01 -2.836246200704312326e+00 1.905480304705912564e+00
4.735620932080972234e-01 3.087272392032086588e-01 3.798908749632583515e+00
2.744418139923774369e+00 -2.041141359189224680e+00 3.921304072724772105e+00
1.404340358015887524e-01 1.803603351553250134e-01 4.582376568920596416e-01
-3.925625042996867542e+00 5.449318578225590404e-01 3.517465883913051261e+00
-9.226561787593987041e-02 2.314695848059032723e+00 -2.499418339849964088e+00
6.469407235237977227e-01 -2.778341325821971797e+00 -2.369234443157067993e+00
5.566975511468188476e-01 3.076277755084900534e+00 -1.297920366823945626e+00
1.166978467007486753e+00 1.417827571388440511e+00 -1.288116837270162129e+00
-4.101299794984427649e+00 3.619178236838040963e+00 3.564643711739057252e+00
3.186569734631757855e-01 3.684052818910153793e+00 2.121788812990225370e+00
-3.612216877544589089e+00 -2.166640742726329449e+00 -1.501697862818001106e+00
9.173612718067030158e-01 1.267902432505874755e+00 3.958407432844392115e+00
-1.539445740685310371e+00 -1.461056820249165389e+00 -1.236317506161233037e+00
1.567060312043154768e+00 -4.089489328346384234e+00 -3.369820846875473563e+00
3.093921210164247260e+00 1.747914525410802389e+00 1.135907263161584524e+00
-3.775407027262610793e+00 -5.133839662596130227e-01 -3.794027015175111539e-01
-6.731174472099306083e-01 -2.189285726199779347e+00 2.470738472863776902e+00
-4.010746147821334873e+00 -3.721197922256137325e+00 8.997690845979067209e-01
-2.446363293714654219e+00 2.355681402863948559e+00 -3.014122953114837689e+00
1.196542712508395390e+00 3.154751189871965456e-02 2.192127434068792180e+00
-3.009019261331959960e+00 -3.869978370557844105e+00 1.002240569248030067e+00
-9.203177052826417848e-01 -2.223322685766839779e+00 -3.282903192649385904e+00
2.413123020284009268e+00 2.645701350360201154e+00 1.047269228229396276e+00
1.245403954812128511e+00 -3.697735736460120215e+00 -5.520475471245010757e-02
2.421659338158133057e+00 3.260550561489273580e+00 -2.191153157659936568e+00
-3.735655008634469532e+00 -1.451827490802365395e+00 3.969399664703965880e-01
2.082611225958516943e-01 -3.574378236193981984e+00 3.232602596152512220e+00
-3.465813644332753185e+00 -2.138328435221601431e+00 3.615313352087863308e+00
-3.250748700885460529e+00 1.943713741516744475e+00 -1.218345962530333670e+00
2.034472800779365986e+00 -2.384095550836601074e+00 3.795773979043294277e-01
2.399912493107584144e+00 -2.283295057737150469e+00 2.335184652102201053e+00
1.267675143289159534e+00 -3.461669568726587265e+00 2.954707724643372835e+00
-3.328624961588644293e+00 -2.474573886027780834e+00 1.809349936442548601e-01
1.458301703743072608e-01 -3.179633464333739834e+00 9.807088738637617653e-02
-1.615648352979752955e+00 -1.702510788505032790e+00 1.866198245893343932e+00
3.979981275744567615e+00 -1.521661782429130305e+00 -3.503563127113245468e+00
-3.654415270235053192e+00 -1.478411043206035558e+00 -4.501256546310431483e-01
8.373157499069053822e-01 2.027591973592976160e+00 -2.085555714267518290e+00
3.878966213022179588e+00 3.816928414197256370e+00 -3.280135542914846436e+00
-3.268671641184991206e+00 1.025094852585764826e+00 2.938785919674459013e+00
-3.587931461960730317e+00 -1.171808019525633737e+00 -2.951347400019436851e+00
-1.830621446380787720e+00 -3.812904287900031886e-01 2.509458313365961590e+00
2.779627762688965387e+00 3.231378473875980539e+00 7.676469860959349578e-01
-1.293655326559587149e+00 3.022782139442079519e+00 -2.456400527510739007e+00
3.299569448467795318e+00 6.774550888154305950e-01 2.635921584041931887e+00
-2.116449795280365365e+00 2.016661507471591452e+00 1.221250395858016535e+00
3.545081279087240134e+00 3.730040528585642612e+00 -4.507691917908392965e-01
1.021905925003488980e+00 1.676775750693389799e+00 2.454799488290291265e-01
2.259558173602586706e+00 3.023312337617242163e-01 2.719736109895459997e+00
-2.206955108116220643e+00 -2.272751527569786489e+00 3.292092885555414128e+00
-3.276699900986387526e+00 -3.828146961596526676e+00 -2.984367165918498266e+00
-3.075451685087562947e-01 -2.261541781172339505e+00 2.809786535948712860e-01
-9.468927297223687922e-02 1.196264153144708464e+00 1.294969364034754378e+00
1.982333438051759322e-01 -1.516721870701251751e+00 -3.456998310975923694e+00
2.149443270230353420e+00 -1.508499273036271626e+00 2.724997402361458931e+00
-3.822740898806678000e+00 3.760200654080299465e+00 7.260741834498543046e-01
-8.708600171857111549e-02 3.257575804929922492e-01 -1.944217415964848428e-01
-1.147084396769329384e+00 -1.347019321871604225e+00 -3.684558646731898257e+00
-1.205957394159577145e+00 3.655212137549622931e+00 -1.112086887493735521e+00
-3.308435427716120536e+00 3.583851085311614004e-01 -2.732804517792651211e+00
-3.125010245237757722e+00 -4.033792057615342763e+00 3.737335344417293204e+00
-1.709137865780150367e+00 1.077251504802979321e-01 3.442384545388668116e+00
2.896444813373656224e+00 -3.411915890027861220e-01 -3.792653821575194151e+00
1.080425126253777179e+00 1.252436422213705880e+00 1.008647147035243830e+00
-1.327324217439862508e+00 2.301468867260862972e+00 -3.003914217110635221e+00
-2.773132025580314242e+00 2.757930247806221313e+00 4.060335593612989236e-01
-1.137568797641782314e+00 2.975519348610601078e+00 3.333032851530467244e+00
-1.913365075611755284e+00 1.509227595965397350e+00 -3.617883706224088947e+00
-3.751272506610478619e+00 -3.991873175991123901e+00 9.999081605322447663e-02
-2.035277676088853571e+00 4.070759559638787550e+00 -1.225462173401751786e-01
4.029693324381051767e+00 1.680941491035575552e+00 -3.747075622687549679e+00
-2.799089127573740843e+00 -2.860327683200996951e+00 2.659757166216787372e+00
-2.416329764744345798e+00 -2.615546152104538447e+00 -2.486308838938296739e-01
2.851586429566488334e-01 -3.696873341313173800e+00 3.885746023651380110e+00
4.085062992146516470e-01 -2.595295105117245704e+00 4.012913572962640174e+00
-2.034963465759350498e+00 -3.538974237905577469e-02 -3.275369247558809871e+00
4.524657450363014921e-01 -1.592052527074738544e+00 1.955883161758024680e-01
-2.961304599859951647e+00 -2.552132373905131590e+00 -1.695924015380678718e+00
2.399857467876813644e+00 2.014470686451064640e+00 -1.225959013870988823e+00
-1.430289049383633992e+00 -2.312483225792891783e+00 -1.239100438995512921e+00
3.668930068265573219e+00 3.064606215190934346e+00 1.910823447492715932e+00
1.564128062293316690e+00 -3.156923979186533114e+00 1.522777443876811854e-01
-4.074627474302861430e+00 -3.160890448149598075e+00 1.595094073369423660e+00
3.669202805960258384e+00 4.089740837580442268e+00 1.634664081560157411e+00
-3.381725829857270771e+00 -1.753582664516655232e+00 -3.920052668216902791e+00
-1.015778266314424805e+00 -1.361140668820445043e+00 -1.520170942889803589e-01
1.909987962854303056e+00 1.931864453359639411e+00 2.192150825336144582e+00
8.667905477113901913e-01 -1.795393100966555133e+00 2.977039082578995188e+00
5.328392726894286557e-01 6.518101678526806442e-01 1.017656135917788029e+00
3.527536351035915452e+00 -2.604870361837348658e-01 2.610822185986489075e+00
2.256436325759529904e+00 3.948204285090299859e+00 -2.867095545973913140e+00
-1.287439342183615443e+00 -2.284964958338088881e+00 -4.637215253946259663e-01
-1.357782283311451454e+00 1.641071520393959871e+00 3.524652240877841791e+00
-1.894781464602332210e+00 -1.981523778258986734e-01 -4.016907398123864326e+00
3.720191855030426709e+00 -1.751856608896391831e+00 9.051647628333997497e-01
6.263366991838632547e-01 3.052174676377516604e+00 2.825904656831626394e+00
-2.005938355678615004e+00 1.757492193052592411e+00 -9.340524809858314903e-01
-2.544539687896104407e+00 3.648256225911500117e+00 -3.333508563809076453e+00
-4.036565391923615742e+00 9.350340130763022950e-01 1.389253342084532772e+00
4.031328309555922473e+00 -3.768030325861613794e-01 1.173042741417599677e+00
-3.988911276480731072e-01 -3.067205929558202371e+00 1.838685788421845713e+00
9.381930561259859136e-01 2.419381462474142208e-01 -4.064466409709305283e-01
4.910643120528695449e-01 3.699390670273220216e+00 3.313569914515130943e+00
1.893572225674039489e+00 -3.466618100589724083e+00 -3.849179304906746868e+00
-1.437580766888236994e+00 2.750221382869669107e+00 -1.419389574879229565e+00
1.697444634217232018e+00 2.848007230120409350e+00 -2.273061739972204176e+00
-2.635952979735659785e+00 9.105646218561863625e-02 3.403929644119634723e+00
2.675411941155776852e+00 -6.377466068062360716e-01 2.817996667881250694e+00
1.626399052405845369e+00 2.426298653225054114e+00 -3.247690294477558304e+00
1.913166443348160994e+00 -2.829233166936907296e+00 -9.833583706979061034e-01
-3.251181326320544684e+00 -1.317879765134628345e+00 -1.124752236738806532e+00
3.078462182731386276e-01 2.353745535418269696e+00 3.127022516988930523e+00
6.987607107433958520e-01 3.539563840921325255e+00 4.068463704285568916e+00
1.109862694008172834e+00 -1.514129693185328529e+00 -2.947734813492957517e+00
-2.934294019632278872e+00 -2.211655298578611983e+00 -9.629446235821723654e-01
-4.067669495779878908e+00 -3.541712437929779078e+00 3.679212800217818380e+00
3.512793047243466527e-01 -2.784470008818841436e+00 2.732141821170572360e+00
1.652662922340474516e+00 -2.339783734865348297e+00 1.721485268582017669e+00
1.385652054787339438e+00 1.912938538055708459e+00 1.395233046970139279e+00
2.673911378940323935e+00 -2.440212822196537790e+00 -3.511627793019717281e+00
-2.672046809205097517e+00 -3.267131458863225202e+00 -1.372895971639298329e+00
3.160516875417996197e+00 -2.389816729547108665e+00 -1.599467486954093021e+00
4.002146726832250145e+00 -1.601836682750976903e+00 -2.575333740065017807e+00
3.472769336333481505e+00 -3.212958215829797570e+00 -1.098358563327551440e+00
2.820349300192328101e+00 -3.316558529145908540e+00 2.158772584990900967e+00
1.502695934258510002e+00 4.454119318760546564e-01 1.390129188890494083e+00
-8.656655239646324773e-01 1.611170102985399755e-01 -1.337015259068942696e-01
-2.202038793838570374e+00 -1.733551226919677113e+00 1.497563981788062382e+00
3.191730923681135312e-02 -4.014491491469915907e+00 2.787367233695576818e+00
2.352506507537437841e+00 2.829103541824380841e+00 3.934244448819127715e+00
2.156808683206843824e+00 -3.509555265898307574e+00 3.335475136184193889e+00
2.258930144470962631e+00 -3.348898091445169811e+00 -3.067542600362126670e+00
1.696154914996331975e+00 -2.253179943755752035e+00 -1.939872674015087339e+00
-8.161489085906061813e-01 9.962822017497968696e-01 9.719503781864372582e-01
-1.811750925759437081e+00 -2.138490572202568885e+00 2.647865905150998955e-01
-2.684150919087300857e-01 5.121825068710150752e-01 9.600396686044362360e-01
-3.111443596760269603e+00 2.260567038453009658e+00 1.603662488192948654e+00
9.906992515293978896e-02 -5.632696508564613014e-01 -3.619564706242263785e+00
8.953711057748019453e-01 -2.779579114044530286e+00 7.085680032056870248e-01
3.793604373397806651e+00 -1.454556031121941650e+00 1.937135363651448117e+00
3.768824916170203099e-01 1.838148488465575658e+00 3.833864361373551244e+00
-2.992216951917280876e-01 -3.836722431763901042e+00 2.285210046033403497e+00
-3.634079380787312186e+00 3.673035391324439569e+00 1.594246414444581150e+00
-1.976149892078256365e-01 -1.649078768568029041e+00 -2.442056782111539537e+00
3.923388014666893686e-01 1.908960945882845373e+00 6.762405060429765857e-01
-1.825231136191314718e+00 3.567468067392510545e+00 -3.677451996612350005e+00
-4.086490272580826755e+00 -3.944363071835643719e+00 -5.457769209423614098e-01
-8.337798135737287675e-01 -2.315289952836804499e+00 1.109122365512414055e+00
1.220655970615574182e+00 -1.773650788022507641e+00 -1.359936043111301451e+00
3.860668092774032889e+00 -2.587555063069288508e+00 1.838866047312467389e-01
1.400010425114153856e+00 -1.079191277027332196e+00 7.732227738812960105e-01
3.096458696068308813e-01 6.575860365615366909e-01 -1.767180489245580022e+00
-2.516143911794491927e+00 -4.004577460257438659e+00 -1.882390751576808796e+00
2.890484094510978430e+00 1.301591028645429304e+00 1.877416656042983689e+00
-6.359518737500930996e-01 1.517721689027277665e-01 3.364760934870144382e+00
-1.913236821936581622e+00 2.810141536385936778e+00 3.725650967485357512e+00
-3.994967843264882301e+00 2.375360190682197725e+00 1.038332297470837995e+00
3.824176883999923504e+00 2.970830155484239565e+00 -3.021585810752508205e+00
2.800196639044095770e-01 -4.856773226274473110e-02 1.833949606690783662e+00
2.443121648544035462e+00 2.011588410644179259e+00 1.033523933851255183e+00
-2.436299276372356104e+00 3.566604542572539227e+00 -1.120876292657777329e+00
3.848333823491747019e+00 7.834957375160837012e-01 -6.077290767811409644e-01
-1.974407150061723293e+00 3.024139716699277614e+00 1.190098600772969695e+00
3.021507105166702178e+00 1.059100031557424826e+00 -3.179259199322497675e+00
-3.854164675357936165e+00 -3.305730268346306122e+00 -1.462916027074973035e+00
-3.432281560737112880e+00 3.392658446305280684e+00 -1.651938128717445609e-01
-1.782370353297668408e-01 1.298320604197067407e+00 2.787331368150456345e+00
-2.797283276532629870e+00 3.297720024013285123e+00 1.535219696687664115e+00
-1.664684341502760345e+00 2.836764108521550032e-01 1.912196411545776575e+00
3.491084377909200676e+00 -3.322489583655404033e+00 7.008031588296550485e-01
1.031516123466314827e+00 3.078754564569648799e+00 -2.721318027954274577e+00
2.367508151996487786e+00 2.080261484925610915e+00 1.828585335554419489e+00
-2.396157681286589902e+00 2.015551461699123692e+00 3.845260371391383991e+00
3.116377416827718072e+00 1.532634617972339797e+00 -4.036471620575146524e+00
4.000031746620785533e+00 2.783945652950992056e+00 3.641617709397852121e+00
2.709306931670230512e+00 -1.770634103055100939e-01 -2.307720762708746598e+00
-4.091211294566602596e+00 -1.451465411234238445e+00 3.777103183987598367e+00
-1.798199977934394900e+00 -1.161825375624116585e+00 5.992692124505832885e-01
3.213483593897084045e+00 -3.119047341484103342e+00 -3.531350725326922291e+00
3.309450003828716458e+00 2.208155662884360826e+00 1.702497154593670015e+00
-7.371161663423778654e-01 -7.720053876090527956e-01 -3.153554951060163258e+00
-2.809806430747344930e+00 2.989265429663614082e+00 2.472140381681352306e+00
1.308752054773405504e+00 -3.210811008815302348e+00 2.128538258416808659e+00
-9.369784653493057336e-02 1.022948377196727821e+00 -2.872985305537493872e+00
-3.275972269949931182e+00 4.477063902520431182e-02 1.318729429214378968e+00
-3.940265164538638842e+00 -1.850203416819919067e+00 2.873799062395502979e+00
-1.821221015243555952e+00 -9.286666876409584992e-01 3.198001987394990753e+00
1.581129798612901149e+00 3.973730963546356687e+00 3.956914498257254387e+00
-2.235104630900184297e+00 1.224975351021463599e+00 3.174250554814092684e+00
3.127540907035823547e+00 2.656939311707643636e+00 -2.708656822374166051e+00
2.090944870779497755e+00 1.238262233996476391e+00 2.178960335095135648e+00
-2.461624583135880950e+00 2.626356345547713467e+00 -1.117583934574921667e+00
1.487492936943932476e+00 2.363846273246040131e+00 -1.623727381203542652e+00
3.348706321661024443e+00 2.506210620644765186e+00 1.803936119087169998e-01
2.955415801103956408e+00 -2.702109954482054821e+00 1.281749095054659948e+00
-3.209403799704225957e+00 1.310983279512825339e+00 -2.894949361687372491e+00
-8.434159738730802047e-01 2.723645921874815912e+00 -2.994194311961746457e-01
-1.123884764396872571e+00 2.425185255132066509e+00 2.413585140628235148e+00
-4.350949558831294084e-01 -3.690608452927702121e+00 -1.150763816498789227e+00
-5.817247862948810022e-01 2.193088295209577154e+00 3.395572462072975028e+00
3.204417965195360818e-01 1.993912756384880192e+00 2.327306688162201098e+00
3.624860937602996103e+00 1.515081614430193957e+00 2.211792643665499991e+00
2.658559828350521848e+00 1.016798845740448431e+00 -1.174241190709650051e-01
3.380475932646414883e+00 -3.857570777079692093e+00 3.224356581706014691e+00
-3.645424208344739014e+00 2.005222685276754735e+00 3.416587242190742391e+00
-2.688125998652180382e+00 -1.866723559241530550e+00 2.183881434801179799e-02
-3.272447525986020622e+00 -2.180399189335374910e+00 9.923516455711171025e-01
-2.567273915542136908e+00 1.979451334223430309e-02 7.985935195169284739e-01
-3.673594894067067962e+00 -2.447855304699329437e+00 -6.363304297306638935e-01
5.821568316155761869e-01 -3.949387195763090830e+00 -3.576072024780877712e+00
-1.212199760447896901e+00 5.933356027917309206e-01 2.690185185852354000e+00
-2.510343880080930568e+00 1.734084243537272196e-01 2.089255522335399018e+00
-1.146387944671099834e+00 -2.716070520851483927e+00 -2.088052620489868172e+00
-1.944014707150012733e-01 1.287421351402159075e+00 -1.156508409905137924e+00
-2.546772157762747124e+00 -1.635981024870996281e+00 4.030588349075856947e+00
-3.453732458587516874e+00 -3.800105787812541713e+00 2.297445624686534238e+00
-1.205294469339074359e+00 2.299379005922115748e+00 -4.025033207528265322e+00
-1.414061679216657819e+00 1.880237942255812644e+00 -2.095239681026448975e-01
1.948403471055579983e+00 -3.784312333877874579e+00 -2.190429363359520210e+00
-2.922828158476629135e+00 8.709750833325696773e-01 -3.809967204094030002e+00
3.440624506793648951e+00 3.886745223452083398e+00 5.744713035308776083e-01
7.807809420162135083e-01 -3.828824291261471391e+00 2.342907868073442312e+00
1.582561292548323006e+00 1.010656315984907572e+00 3.509148320941026244e-01
-1.429232997553147255e+00 -7.174295544332701668e-01 -3.757228488344895645e+00
1.244415407394925399e+00 -3.192759445065800339e+00 -3.056904971244401636e+00
-2.070047985587851080e+00 3.007296396793328608e-01 1.109118979395882498e-01
1.024179952365256607e+00 -3.786880009593847074e+00 1.379532703941559024e+00
3.361689868536692494e+00 4.412382500549170694e-01 3.661697309827431468e+00
-1.842078590485495715e+00 1.923884107323142967e+00 2.144712063868960961e+00
-3.966499826212300572e+00 1.555344745022571029e+00 -7.614913850754717606e-03
2.129232712243587233e+00 3.271468394397869073e+00 -3.516608741973136887e+00
-3.535576683144310728e+00 -3.010212017744296809e+00 8.610078849657846201e-01
3.756580825962973158e+00 -1.339662338507357831e+00 -1.727782898672991063e+00
-3.232394174526413977e+00 2.588779977495130780e+00 -1.909699054420670672e+00
1.873359393718280336e-02 1.782543118290772277e+00 -3.530945768069968960e+00
-2.813460159213645007e+00 1.150562277044135939e+00 1.735764747116304241e+00
8.885044819264782401e-01 -2.007597716030220969e+00 2.121606821079311089e+00
3.370227898709880154e+00 -4.085334158603349586e+00 4.092490161326034048e+00
-4.039996931128198909e+00 -2.661876028243788106e+00 -2.836520554502161673e+00
-2.942270179165561217e+00 -3.647305506164095323e+00 -3.570510882422156307e+00
-3.271377777408160936e-01 -2.305861869644437956e+00 -1.539236224123852637e+00
-1.655979008548008391e+00 1.213255937290786068e+00 -2.441534071270513362e+00
2.403709428140039517e+00 3.292333806807973273e-02 3.718193281754746060e+00
1.349958596945531664e+00 -1.696380200659354687e+00 4.101549160788349191e+00
-2.180614811081264204e+00 -3.107272980351284186e+00 8.398236134304820633e-01
-2.860365344592255887e+00 -2.960169529722520121e+00 -3.948753266958508590e+00
-1.711343801354327399e+00 -3.202172633216877062e-01 1.033964642277493962e+00
1.874963582314813859e+00 6.386660232337638687e-01 -2.504226678373397519e+00
1.918085659397018805e+00 -3.538297356625044188e+00 -3.464329026272255918e-01
-6.109604450714162249e-01 1.237267332321225100e+00 1.998530644729662686e+00
-3.059790985090100057e-01 3.424871292523242516e+00 4.087542303384944731e+00
-3.544677984640809854e+00 -1.590744691404784472e+00 -2.024018581644383197e+00
-2.866969178731841872e+00 -3.388851746480899152e+00 1.676139157175589034e-01
-1.742858270027476619e+00 1.200042584793510558e+00 1.690764970097241360e+00
-1.671988494780639822e+00 -3.386562463465804473e+00 2.356743970696699719e-01
-3.479303666848674315e+00 4.403541206778361916e-01 -1.150679300206643330e+00
-2.495575067726778951e+00 1.054587257781432585e+00 2.931158768872976772e-01
9.754276933068554145e-01 3.996257619110438197e-01 -3.664032903787397988e+00
2.700253712897846547e+00 1.241954312887792122e+00 -2.148376235301748149e+00
-1.191642076000917649e+00 1.517128444882357874e+00 2.655735512964634726e+00
-1.291418449865525675e+00 5.200324963671081324e-01 -1.596954206198591297e+00
-3.335277010272963416e+00 -5.357791113330516442e-02 4.100949491007155778e+00
1.055348595038823500e+00 4.103190402701399009e+00 -2.501132100963178395e+00
-1.212130630482670224e+00 -9.205386250478582166e-01 1.665717429175117781e+00
3.436496584798558462e-01 8.943285963877877220e-01 2.127980192930327252e+00
3.839197167206729766e+00 -2.483562075587777862e+00 3.403538362807073447e+00
-7.980799151529962554e-01 9.817731549374252298e-01 -2.324700828075185299e+00
2.670734101024776486e+00 -1.532871380627063518e+00 3.402467703459942094e-01
3.133555967244973761e+00 3.792958553395884835e-01 -2.509835688778307539e+00
-5.490179366845793218e-01 -2.200453528527610558e+00 3.734816519150760961e+00
-3.011206005223147741e+00 1.813896998496069335e+00 -2.537753062367310020e-01
-3.543785482361046402e+00 7.178015387136466030e-01 3.198752399183881212e-01
2.706961265844932907e+00 2.237427221019167689e+00 -3.648080788169071109e+00
8.918340681112328916e-01 2.235424734187341667e+00 -3.684501196918083643e+00
-1.063820768229677860e+00 -3.022281057645285429e+00 1.463012980612195424e+00
2.369031847038383543e+00 3.962490895544974467e+00 2.828250898480300535e+00
-3.819131205916100225e+00 2.101307358621720578e+00 2.180779192275725364e+00
-2.947076024634278202e+00 -3.956505460828140031e+00 -4.384553783065024413e-01
-9.578290194999554419e-03 3.731898833100588120e-01 -3.540034501180682636e+00
-2.475240584640484354e+00 -3.340359364071016302e+00 -6.246431230495528286e-01
-3.096980423933373139e+00 3.292436391823572173e+00 -4.011515534378097492e+00
-8.196191916652610931e-01 -7.007311039569261713e-01 -1.523950743733931468e+00
-3.665536547794119304e+00 2.990114272286405139e+00 6.077223864000601550e-01
-3.813844461106808970e-01 1.591261653790110531e+00 -1.463364365533864619e-01
3.128916332246924004e+00 2.746786492107180511e+00 3.219214538288071026e+00
-3.579890240302045612e+00 9.506854259391600559e-01 -1.792089792170932450e+00
3.253903981977947613e+00 -5.814511851703911827e-01 1.715664892930252039e+00
1.215323766813883211e+00 -1.921164219986679633e+00 8.824486030574680839e-01
2.973419786941964738e+00 -3.881236671797028137e+00 -4.558938641842349426e-01
3.948018295870602490e+00 -4.590599406122140014e-01 -3.532843494611881852e+00
-2.778513992216683715e+00 3.355661277337024018e+00 -1.868598173951358632e+00
1.396612944709188842e+00 3.665423226308233140e+00 1.793093502391573946e+00
3.503674729382885822e+00 3.319692925805605377e+00 4.031026597497018749e+00
-1.880885066301985153e+00 -8.385023130510996237e-03 -1.089951983290297077e+00
1.321993998177124929e+00 -2.475582104984162424e+00 3.221937917556331854e+00
-5.721880887854807751e-01 1.796993966846415880e+00 -1.951431095551884320e+00
3.811192561691827851e+00 -2.504563973979808456e+00 -3.773168552396775066e+00
4.033611353183747639e+00 -4.032830798331417735e-03 -2.034976417250092595e+00
2.251535548567855205e+00 -2.795445298876162443e+00 -2.187024973172754461e+00
1.969291697787459272e+00 -3.766468775302575178e+00 2.186396883410417935e+00
3.032869139473858944e+00 -7.018860437482901116e-01 7.794933900148086625e-01
-3.123522268717399797e+00 -2.823879634782875403e+00 -2.983178770908485600e+00
2.982914803370626533e-01 -7.747979440236688609e-01 -2.556649855976646624e+00
-2.172475516092934544e+00 -2.208679719402819597e+00 -9.253148813624659796e-01
-8.392541280138133830e-01 -2.846318474063584958e-01 -7.540218794796405000e-01
-8.301235246980418481e-01 -3.629854649194567795e+00 3.274858957808372661e+00
1.913117989253155127e+00 1.835760758213350163e+00 -2.400387964787082495e+00
-1.302409008588124140e+00 -3.790995639846674425e+00 9.331940591666401108e-01
-1.917658930691121144e+00 3.142002795995871178e+00 1.078955115639947671e-01
2.236516911580514133e+00 3.355992565384334991e+00 1.363692306275186450e+00
-1.300321520676727571e+00 9.316348340389010718e-02 4.632103035025435522e-01
2.581178286589230542e+00 -3.074857666260334632e+00 4.013997854731477410e+00
-4.109238441626740901e+00 2.267777927160571583e+00 -4.521491702411582492e-01
-2.038155004176058771e+00 -3.852271073626314379e+00 -3.828850398676959532e+00
-1.870009677737947129e+00 -3.745366443512686327e+00 -1.301479752791828481e+00
1.028275946229425530e+00 3.075619310811727569e+00 -3.057105985982557228e-01
1.748630594384226189e+00 2.920053201155985878e+00 2.620395798382499475e+00
-4.672184760890762401e-01 -3.011963062887664133e+00 -3.356364134840490454e+00
-1.858350713392857179e+00 -1.570130028911880249e+00 -4.022674719188556458e-01
-2.309172920433680276e-01 3.001656551701437525e+00 -3.367632639027605901e+00
4.075123944205961912e+00 3.109107750700788042e+00 -7.298074034139199195e-01
1.595988615645900666e+00 -2.451886076588262409e+00 -3.623222143703265452e+00
-3.029727842192921017e+00 3.730352794808831529e+00 -2.596631310754135225e+00
3.014268269785843390e+00 -1.573583429638981679e+00 -3.697037622391307732e+00
-3.069214889013831105e+00 -3.383680582759735156e+00 -2.177259648335355013e+00
-1.738514558783971209e+00 -3.390631930412056683e+00 1.589959592821794887e+00
-2.847785388367301884e+00 -2.070230577605278732e+00 -3.248264732246189279e+00
-2.597209544443108697e-01 -2.734171096052223859e+00 1.187955076313387259e+00
-4.078483919431137750e+00 -3.569177757102098614e+00 -3.580936713118674231e+00
-4.540970025345277827e-01 -3.587121930262519687e+00 -2.200912787100982371e+00
3.002995942873146529e+00 3.625804568177716902e+00 3.375250610130832385e+00
2.158530155838163545e+00 3.338146170088354570e+00 2.151821246427856771e+00
4.005074783880255396e+00 7.089549610311480787e-01 -3.852556858827082209e+00
