8.220706914434900980e+00   8.220706914434900980e+00   8.220706914434900980e+00
500
3.511815359482219012e+00 1.723181186067040072e+00 -1.205286177156611238e+00
-2.046140931832055365e+00 1.822317625665427432e+00 2.679801493009528746e-01
-1.725045420897694637e+00 -2.628227575850585751e+00 2.102787802039501219e+00
-1.348849217553416135e-01 -8.631150981434527747e-01 2.164056111728383858e+00
-1.895477254954599067e+00 -3.289602675602640858e+00 -3.110495896263480109e+00
3.759167496082816307e+00 -2.111349405930187828e+00 -9.584703890378967195e-01
3.925275160589001722e+00 3.767472533615624286e+00 -1.432260903552809772e+00
7.308678170481679448e-01 -3.231138048577501642e+00 -3.982822333351638378e+00
3.452238762695894359e+00 2.406308601008831261e+00 -4.056641388598912989e+00
3.848881629858685649e+00 1.826285705336161858e+00 3.444801836674984852e+00
-5.960745848511720402e-01 2.297235534366073306e+00 -1.031965552826724419e+00
2.396197340384744301e+00 2.375499622219329865e+00 2.887061942690468452e+00
-2.493644060905781112e-01 -1.922416559596044072e+00 -5.857541523867531019e-01
1.554943069293109659e+00 2.455195618797549884e+00 4.617945297368013513e-01
-3.192390235561620937e+00 1.886165603171982230e+00 -3.910554522593412852e+00
-1.227505073940784897e+00 -3.757854966236455319e+00 -4.463525446260669383e-01
5.886480288279128947e-01 1.824177919717354435e+00 1.526369651660845594e+00
-3.973879124275195185e+00 -2.365033463126980706e+00 1.961003476229535858e+00
3.220208197682865148e+00 -1.042627955133324624e+00 -2.989259608812824709e+00
-2.534972994246631028e+00 -3.150254196092557635e+00 1.638513252165570311e+00
2.398540412953402257e+00 2.961117897586931669e+00 -1.109607920927994762e+00
-3.612937503136179007e+00 -1.264488070179860202e+00 1.308355687279362023e+00
3.201977432165822868e-01 2.206869601056217434e+00 -1.392265316364560634e+00
3.903835881999828228e+00 2.670078136112447265e+00 2.734856253667078629e+00
3.043757723204640442e+00 2.885767200739703497e+00 2.355719923176111230e+00
-1.967757430106306771e+00 -2.206042596026996261e+00 -3.894110382375435719e+00
3.669248730118308099e+00 1.299542988516652287e+00 -2.160935225887160804e+00
2.504351966701923615e+00 9.628573829297980557e-01 3.884327794656704302e+00
-2.090882397197941334e+00 8.847513133242959071e-01 -7.032009773367445815e-01
6.580649353252875366e-01 -2.336697409510619661e+00 -3.358307872071807587e+00
-2.684029117435973166e+00 -1.736071748110481927e+00 -2.134830750517718645e+00
3.863431275572921653e+00 1.665714988993352685e+00 5.832585270913513975e-01
3.077345101307988884e+00 6.033754709184474541e-01 -1.244872058120280567e+00
-2.120881775351170617e+00 2.141684278153724641e+00 -1.968540811266903168e+00
3.273143188350728039e+00 -9.905975594155671526e-01 3.542766026147612823e+00
-3.018767290425145244e+00 -8.993166346712951897e-01 -3.782006891324278808e+00
-5.548993683790757192e-01 1.095647997509688665e+00 4.104325125161174093e+00
-2.928844953047835986e+00 5.136129276945541333e-01 -4.202463225376238398e-01
-3.234748920276262485e+00 -6.139626891918635865e-01 -1.662866145733509882e+00
-1.217849758374623503e+00 5.986724870192478010e-01 -3.018474336751937326e+00
-7.868583201110954661e-01 1.639138936413443881e+00 -3.060684127391241738e+00
-3.245436685415020062e+00 -2.230429143576892592e+00 2.649211009907844083e+00
-3.811984267475761801e+00 -2.769212274060726120e-01 -2.745368120211436835e+00
-3.609262061156335744e+00 -1.960859142012097434e-01 4.350030137108190642e-01
1.787236306542189901e+00 -1.086771472570661201e+00 -7.077967014388691913e-01
2.977454648184000963e+00 3.006662363899085477e+00 -3.482887760926288045e+00
3.125639804623674411e+00 -1.457252044618109643e+00 2.679132199589363328e+00
-2.844090668335168548e+00 -2.350552642884877308e+00 1.819937651766428299e+00
-3.984842788709392902e+00 2.730821781120561731e+00 -3.758371468764999612e+00
6.781450456396290738e-01 -8.670494318539018197e-01 -4.000777333914581568e+00
-1.556941726213889599e+00 -1.954627498368277205e+00 2.880325795028925828e+00
-2.474391035862935961e+00 -6.312538100151103837e-01 -3.089873229259652576e-01
2.502930167035106734e+00 2.235251030283367246e+00 -1.780058260415088578e-01
1.933682173328328924e+00 -2.281447846068992202e+00 3.751327088454374792e+00
-2.410729681934267177e+00 5.416202360637079050e-02 -2.219725895199877730e+00
-2.042669837675806566e+00 -2.825857455546298524e+00 -1.658656296176334699e+00
1.508766902387482123e+00 -7.856230332864854171e-01 3.191808481530755692e+00
-3.260346756276094826e+00 1.651269345930948429e+00 9.065283973690471120e-01
8.245332414514942032e-01 -1.469629114023966454e-01 7.883639840036698043e-01
-1.094868074400937363e+00 3.137446464190972950e+00 -3.503088784131479727e+00
-1.283060714502496591e+00 2.800824566182823272e+00 1.543895563320424325e+00
-7.163816139224753465e-01 -7.570551284488792332e-01 3.592350859438846467e+00
-2.746294355051105418e-01 2.989950401366126442e+00 2.707680559143665899e+00
-2.640062313269829986e+00 -4.085160659028912455e+00 2.733994684881972947e+00
1.369014346899384282e+00 3.775153726341613059e+00 2.664041304953823630e+00
-2.695964746766986941e+00 -9.869739313778946865e-02 -1.112133976184507267e+00
3.185943497537513380e-01 3.596968384994550405e+00 -3.159865208720282759e+00
-3.733556410400703740e+00 -4.051433560281965995e+00 2.969035788239185347e+00
2.324121692994992827e+00 2.749739716276921708e+00 -2.936814586424960627e+00
3.164344187172031475e+00 1.272441513152505976e+00 3.391976077864947925e+00
-5.317245710597670039e-01 -3.890196030891910794e+00 3.504966598222313268e-01
-9.934984267462326768e-01 1.039144035019542001e+00 -7.741538943626120606e-01
5.876478128653603861e-01 -7.869644029893501092e-01 7.692411748890994050e-03
3.228639615449884204e+00 3.343875565010125950e-01 1.488607435352442110e+00
3.704095212906569068e-01 4.088380610827051065e+00 -3.146459849039060508e-01
1.854742353233966634e+00 -2.730568043612662255e+00 2.764064721248862266e+00
-3.138695848942586464e-01 -4.132240190016664982e-01 1.194047128947719916e+00
3.286997827636882530e+00 -2.390709689109397740e+00 -2.436585941483571105e+00
3.580665024592346146e+00 3.815171344916825191e+00 2.555878293511337773e+00
3.414680036481274605e+00 2.690605524698326700e+00 -9.745832412512076548e-01
4.487815453418314560e-01 1.025403581237899431e+00 1.224075143832826229e-01
-4.462682260584310279e-01 3.305790717179347027e+00 -2.056914980392938741e+00
7.947699865462154456e-02 9.126751967567832413e-02 2.852284605486147484e+00
-2.262067750146247835e+00 3.701052721106917076e+00 3.543618069512701307e+00
6.995193886503870973e-01 1.554471130072191842e+00 -3.533771211329793882e+00
1.044526123627140368e+00 -5.378024395473814945e-01 -3.158739197008269439e+00
1.669469776614416867e+00 -1.625711336966576548e+00 1.125735177538382953e-01
3.067840950980270431e+00 2.455979205639116980e+00 -1.852206371628827508e+00
-1.809037700918044500e+00 -2.290249952374286746e+00 1.148425284565674609e+00
1.509242912316444363e+00 1.315429962169504030e+00 -3.733570138558700791e+00
4.063063072629101491e+00 7.697572969205882520e-01 -2.917957145284559850e+00
-7.926098874201503719e-01 -1.247855082172256047e+00 7.648684513421687425e-01
1.396937363975556456e+00 -3.131644642567935399e+00 3.803996210480362627e+00
5.794169747021054029e-01 1.528372237155966262e+00 -6.994416934201161951e-01
4.423126462817776883e-01 -1.017921972712723555e+00 1.084149444412514818e+00
-9.076001452053694685e-01 1.942055936131551697e+00 1.103976140488847291e+00
-3.343274613369208836e+00 3.769846419569253815e+00 -1.282766083903897014e+00
1.918469432452447387e+00 4.137360683898736458e-01 -1.351648921659755809e+00
3.502587442416122965e+00 -2.707866878335590588e+00 2.478783366020007151e+00
2.215235872378923165e+00 3.959711799156244272e+00 -1.675509833104472657e+00
-5.347372005104757964e-01 3.976738576976237116e+00 3.511562110057493413e+00
2.259654360717101351e+00 3.879554309577515792e+00 -7.558133730371618952e-01
-1.609219249321736100e+00 -4.998940229670428836e-01 -2.058297882126193468e+00
-1.091020198949506526e+00 -2.884284346704925284e+00 4.132955183999953985e-01
1.444002209876941611e+00 2.158169038452182775e+00 -6.437892877332165309e-01
3.259510354753134553e-01 -3.691201602543084714e+00 1.748724857399241550e+00
2.106561435229017953e-01 8.664703385402003355e-02 -1.125407215478432699e+00
4.095467717312768485e+00 -3.801941362211652464e+00 -2.428461184621436342e+00
-2.414286874787698878e+00 1.714022234364620534e+00 -2.786184741167257783e+00
3.159106454821933418e+00 3.947597620736975621e+00 -1.834837751780413750e+00
2.289115815002425447e-01 3.916984368444175413e+00 -1.680649793327251285e+00
2.327107464361743538e+00 -1.051520117224947981e+00 3.741577602946029479e+00
-1.619329161893257485e+00 -1.927695561476347352e+00 -2.183478680409117079e+00
1.853310800634716982e+00 1.426543689706406326e+00 3.214527491967779760e+00
-2.018346436704803626e+00 5.987239123868443036e-01 1.097612567772058956e+00
2.142619663825509058e+00 -2.292574207889371163e+00 -2.758363281627426389e+00
2.965089595754335949e+00 -2.520737898273839761e+00 -3.032284213330725953e-01
2.060163789483119512e+00 -1.973023727568843921e-01 2.370549782015199392e-01
-3.273336688376820902e+00 2.613530281369207398e+00 -3.196752711807456127e+00
-2.388881994631786299e+00 -1.168495059080770782e+00 -1.152625851433454418e+00
-2.843422941290329575e+00 -8.094740245815708057e-01 1.632536919205471060e+00
-2.313058272995014875e+00 -2.613053304711460800e+00 -2.540628508803971286e+00
-5.304524028766040011e-01 -1.706624688866654527e+00 1.692180862844723244e+00
-3.062283443154930396e+00 -6.897858246948866956e-01 -2.539255924072152837e+00
3.805211699934898384e+00 -2.726757572839751398e-01 3.943624323322377556e+00
2.157711293426489707e+00 -1.073730395143563499e+00 -1.581649926587394228e+00
-1.853401309678288866e+00 3.692800215930245322e+00 1.894611424914437237e+00
2.009659410207327024e-01 2.687989930103410696e+00 -4.388779108138440299e-01
1.478901945875853219e+00 2.646246547613829048e+00 3.674361902694152526e+00
9.787743469585179490e-01 7.554185632130163697e-01 2.662010561616809934e+00
-1.080596291285434857e-01 -1.695455556421571863e+00 2.810530186287758969e+00
2.831355858404108083e+00 -8.827025586334076301e-01 -2.209577783797264328e+00
-9.942066229111584663e-01 1.697906054207671822e-01 -3.846717467240340138e+00
-3.042720886143362780e+00 -8.280100564418927389e-01 3.209785141602736758e+00
-2.425218284877403541e+00 7.952549958585769518e-01 -3.082581678494776600e+00
2.459841607837464916e-01 4.013649956126839946e+00 8.744626957425225555e-01
6.635137758538317554e-01 2.214957794135337110e+00 -2.895435729781078660e+00
1.800068620546654841e-01 1.044254271127531553e+00 3.469757400423565841e+00
2.018567994201919458e+00 -5.978978416160491971e-01 -2.709879402022431272e+00
1.303726672778368290e+00 4.454452736660227119e-01 3.507494404376910069e+00
-3.695911110545420541e+00 -2.757795466499358028e+00 -4.106092096514525558e+00
3.067041607259861635e-01 -2.144572420071888530e+00 1.499658552034660142e+00
2.307717400765122995e-01 -7.120049805418545708e-01 3.344946998878435718e+00
2.725258778974272378e+00 -1.761465679056384070e+00 -2.016483660719221138e+00
1.659927064731696600e+00 2.776911433668117546e+00 1.732650929909597126e+00
1.116584880319571704e+00 -2.295975831017069979e-01 -2.052646891308835819e+00
-1.063472149267012057e+00 3.477252176078267976e+00 2.418344096313404634e+00
-3.820925579835077190e+00 -3.170231297608698373e+00 -2.371734162021622294e-01
1.850900180757927505e+00 -1.424246178588117751e-01 -3.844965788482657132e+00
-1.927051139655217904e+00 8.972286693211191100e-01 4.015439195804624717e+00
-3.387451319455157428e+00 -1.225412966364276768e+00 2.308921751834388747e+00
3.054538876116569934e+00 -3.916546219212938773e+00 -3.206084278907392893e+00
-4.028048193462996363e-01 2.471253878486082467e+00 3.962746845009869068e-01
2.518036864707644540e+00 3.771372086704066096e+00 4.089439324645844920e+00
1.574511373585508300e+00 -1.133377895573088212e+00 -3.848595075954752698e+00
1.949683815053633307e+00 -9.226635677159692461e-01 1.631866985328145336e+00
8.010547647059728105e-01 -2.525210395884689429e+00 -5.608986760396548199e-01
1.700155810313214721e-01 -1.553957450046770328e+00 3.778130155940515600e+00
-2.220342590520408610e+00 -9.339579446105681360e-01 -2.957148169316383690e+00
-2.073255492641419728e+00 -3.360210302937703286e+00 3.326253473928781457e+00
4.102698741282901906e+00 1.605957977908949452e+00 1.498531048005593336e+00
-5.924821956850803151e-01 -2.981889267066625493e+00 -6.639379920554476788e-01
-5.378838215188578298e-01 3.444931494564305918e+00 1.057936732346242747e+00
-3.079475595416300227e+00 -2.921394042099334509e+00 3.402929411342996868e+00
3.242338941479658287e-01 -3.191266878664139828e+00 1.042888179789203562e+00
1.423027394239420929e+00 3.396917590128712305e+00 -1.488284093464675051e+00
6.980372160537787751e-01 -2.849644852249504368e+00 1.985215690030905478e+00
4.318695810174311145e-01 2.180980202793202649e-01 3.784929859412533126e+00
2.804551965942722269e+00 -2.035396650204977398e+00 3.602999207690631867e+00
1.232029681225100259e-01 1.929633991428861273e-01 4.605938793362063244e-01
-3.912941611996307856e+00 4.259213634993742059e-01 3.309687666549547824e+00
-1.088061726823365410e-01 2.453825597514909251e+00 -2.409665377588756208e+00
5.409391796631491944e-01 -2.635797169491952197e+00 -2.322980900291244932e+00
5.475998878450440976e-01 3.125261411050483495e+00 -1.193954924136717555e+00
1.306676040899025670e+00 1.353503073546366675e+00 -1.332697760176637214e+00
4.109606176391698007e+00 3.636486560068652452e+00 3.610703326852753747e+00
3.910267249182640681e-01 3.480498837251885025e+00 1.841112511117688477e+00
-3.677041158375027319e+00 -2.202936023760784678e+00 -1.505732766902185160e+00
9.915876244367485270e-01 1.292983055884340926e+00 3.866242187705442923e+00
-1.465659341972846530e+00 -1.335865179703834782e+00 -1.347748683549471638e+00
1.534087040283579340e+00 4.061280713463759184e+00 -3.348969064420860953e+00
3.129184149952436655e+00 1.633533618390604625e+00 1.087899381614885419e+00
-3.704178126614306787e+00 -5.098373646688265648e-01 -5.447281384980560137e-01
-7.321752131368018945e-01 -2.317855787565949122e+00 2.498770385407528938e+00
-4.085362316042031594e+00 -3.693664200384881635e+00 8.812455003155432731e-01
-2.311951750854856158e+00 2.571680637537670844e+00 -3.175191335994776320e+00
1.263516247037362206e+00 -8.205696129031159192e-02 2.241767723797433831e+00
-2.868828257654066682e+00 -3.989825019630522274e+00 1.107123853747808528e+00
-9.997667092691899793e-01 -2.312007656488688223e+00 -2.978237672795721824e+00
2.290352693607674794e+00 2.728320875914543642e+00 9.112519005503166847e-01
1.252959196495118555e+00 -3.722179944064430757e+00 3.315156733506992304e-02
2.529214700592428144e+00 3.197948164637706814e+00 -2.121147271085158437e+00
-3.722934766108112026e+00 -1.361419048798277798e+00 4.063969464955752842e-01
1.590818847117072554e-01 -3.445070625172783618e+00 3.268318739122905825e+00
-3.258526680402515030e+00 -1.945305257197169402e+00 3.493106507717607112e+00
-3.311267003063241621e+00 1.997805793808581587e+00 -1.174868940797505479e+00
2.271753068343242088e+00 -2.273948789895536837e+00 5.553581760725281313e-01
2.529701446403777254e+00 -2.186699562908483330e+00 2.265235363379846323e+00
1.240882064769848414e+00 -3.494037217575282739e+00 3.014131030521318255e+00
-3.353414188301804710e+00 -2.382205078598634174e+00 1.469676548375897507e-01
1.049383294656843213e-01 -3.190568569336638571e+00 5.280377953561593563e-02
-1.545228056410662854e+00 -1.655804649616741786e+00 1.815492059864647789e+00
3.948724144171636752e+00 -1.409741581500505658e+00 -3.567761391117746150e+00
-3.822430732217966032e+00 -1.479727457045115324e+00 -5.060479649224848275e-01
8.263349338089692742e-01 1.655232174394863476e+00 -2.072005119554796160e+00
3.853664374958245542e+00 3.823327407946159884e+00 -3.286918638103141443e+00
-3.309073723932863142e+00 1.040106846409942110e+00 2.705486946111918201e+00
-3.523333967852237070e+00 -1.289006795235722924e+00 -3.053685096940379040e+00
-1.894952882788083048e+00 -5.207710819181736728e-01 2.591352369109212628e+00
2.963004363505012062e+00 3.194165991392963644e+00 6.250578272402552704e-01
-1.357028053699564696e+00 3.273895789855899352e+00 -2.448252394983159608e+00
3.200110921207455217e+00 4.550074663696948574e-01 2.653388135573888196e+00
-2.176822191125336481e+00 1.941684575288113335e+00 1.196535222465891168e+00
3.407712938855925966e+00 3.605115926880273047e+00 -5.221819666239880808e-01
1.109801093991912291e+00 1.695440006597112248e+00 1.236700598941320450e-01
2.079345280081972724e+00 3.338330361455806861e-01 2.675887909908471141e+00
-2.381925277297039845e+00 -2.240745555800162325e+00 3.193332059422309133e+00
-3.417094071055955862e+00 -3.926025574850325217e+00 -2.924725283843500279e+00
-2.643827113086866798e-01 -2.285489785038609778e+00 3.325929511538809891e-01
-5.772854259131000865e-02 1.303501693254348615e+00 1.195370103413468943e+00
1.358581288820193134e-01 -1.432125422290344785e+00 -3.356679667396709643e+00
1.957170249214684077e+00 -1.490161431991037011e+00 2.662804581900010792e+00
-4.021305778915786888e+00 3.518842135031514662e+00 9.027627978925892860e-01
-7.244680532013880736e-02 2.715374595653408107e-01 -2.558074018988226728e-01
-1.183528308981906862e+00 -1.622957505358056052e+00 -3.632751217984141245e+00
-1.210799804942452873e+00 3.642156993169732626e+00 -1.126468817113374987e+00
-3.221799629888870697e+00 4.477142688428549788e-01 -2.664740343538293033e+00
-3.067849087045169121e+00 -3.958688239106651352e+00 3.772940560849870284e+00
-1.594191648094396285e+00 1.751103593502418010e-01 3.425658761888415338e+00
2.879971307396177682e+00 -2.919580090951957030e-01 -3.748974583557147522e+00
1.114506723381435416e+00 1.205813880800092663e+00 9.614495230065642772e-01
-1.414126291199123253e+00 2.311357272561988196e+00 -2.957764895484841894e+00
-2.612781051311935610e+00 2.711433558738073124e+00 4.123854738820692534e-01
-1.067112452875850659e+00 3.088727105817490326e+00 3.350709484351040768e+00
-1.761142644356088027e+00 1.534870282380028872e+00 -3.558935880338061519e+00
-3.632498404199176356e+00 -3.965854405120613713e+00 1.731309072132195537e-01
-1.968413976971256307e+00 3.861812191220509671e+00 -1.619740651232185746e-01
-4.093956225571622198e+00 1.665992826803959881e+00 -3.649146120624921608e+00
-2.687728319357731710e+00 -3.037972478783343977e+00 2.611544423217008859e+00
-2.452224477296103267e+00 -2.607592450806610174e+00 -8.662406204744524385e-02
3.019576263744920275e-01 -3.878556579024006634e+00 3.917086118146657192e+00
1.916679424380509922e-01 -2.436779107434297043e+00 3.990372051513453311e+00
-1.868091075286424374e+00 -1.331268613352241600e-02 -3.169231211748236632e+00
4.117729251274970803e-01 -1.659103200566359071e+00 1.127418724481947243e-01
-2.899583924335510599e+00 -2.568643776386871469e+00 -1.815728822010421961e+00
2.346586133784553052e+00 1.942643070408835992e+00 -1.385815540729673945e+00
-1.110530711321471076e+00 -2.359691208464426371e+00 -1.369477310799946945e+00
3.782210517140408790e+00 3.128931960585285665e+00 1.805823537026373105e+00
1.648096024917830693e+00 -2.856970223729321301e+00 1.816351495741496958e-01
4.090258025498303418e+00 -3.177565407065346736e+00 1.572697858132985349e+00
3.664651606689777186e+00 4.088552141059123457e+00 1.602538909110288179e+00
-3.493574301320215625e+00 -1.870232364241571910e+00 -3.841197016694934963e+00
-9.376747707660227915e-01 -1.328247355014214426e+00 -2.416042779069599578e-01
1.749603244256559442e+00 2.004282765988066206e+00 2.367436341925703847e+00
8.886912367545642955e-01 -1.584279827125591789e+00 3.048133699497802773e+00
5.938105816876109166e-01 5.147691777943426139e-01 1.276373790778661421e+00
3.814441848049583417e+00 -4.687012807694476146e-01 2.649471290209858054e+00
2.320059670620399750e+00 3.915019731820327031e+00 -2.813324456246820482e+00
-1.270327734038159129e+00 -2.268885103253842850e+00 -4.047784331045232720e-01
-1.422239804018812670e+00 1.592200427571669685e+00 3.631814100425894587e+00
-2.060623909457000913e+00 -4.175844869963139805e-02 -4.028297300239980672e+00
3.634740303205553857e+00 -1.718933066652208241e+00 9.770557330735545332e-01
6.615276408604461311e-01 2.972334906012492617e+00 2.755018626645680868e+00
-2.173585273385952643e+00 1.777705533790746584e+00 -9.788580621768925294e-01
-2.609045064189784657e+00 3.784793644080375774e+00 -3.382688943317868624e+00
-4.087536549129395347e+00 7.152400843820336807e-01 1.409927860216165563e+00
3.866178597227786451e+00 -4.153693257027255559e-01 1.101577196179480911e+00
-5.535151637469413188e-01 -3.012230498390801259e+00 1.965687869435412738e+00
1.063962713370881996e+00 3.339412765199100686e-01 -1.880515003948657893e-01
7.011191807307863844e-01 3.707608326316324199e+00 3.247828085764371764e+00
1.986071785930244360e+00 -3.611076846381758632e+00 -3.951770058792466234e+00
-1.303286799807257923e+00 2.718816760019268308e+00 -1.523263098267734872e+00
1.707788558110965305e+00 2.859604040005255143e+00 -2.234483657277816615e+00
-2.837022186736339435e+00 1.584271335340568521e-01 3.385863459409706344e+00
2.500999799432172654e+00 -5.516224009166027509e-01 2.696965692496032574e+00
1.644069526385351310e+00 2.242343165853915909e+00 -3.090145167540524707e+00
1.793804525100549663e+00 -2.810173329943197018e+00 -1.068431069460239025e+00
-3.257888582083125151e+00 -1.418638875429788948e+00 -1.196645592780921197e+00
2.502293430508557015e-01 2.417184907276184624e+00 3.173306907471098448e+00
6.351109140759683136e-01 3.483617346764316114e+00 -4.007066561147873074e+00
1.186792256418857106e+00 -1.597484364518854560e+00 -2.776726975314987911e+00
-2.932831787737142815e+00 -2.303237137897839570e+00 -9.054223385844453187e-01
4.100545266314323811e+00 -3.511850551932672371e+00 3.709589895457702458e+00
2.842039462101524916e-01 -2.664549507257387706e+00 2.743426895005840471e+00
1.744630117298945571e+00 -2.575552513614614902e+00 1.417187006959558460e+00
1.395163377383181080e+00 2.036491913166106560e+00 1.252899758154281784e+00
2.716783049936603245e+00 -2.313059617312779537e+00 -3.508262481012834666e+00
-2.898146957758324760e+00 -3.398193869373643761e+00 -1.333195768723110630e+00
3.155446515435959220e+00 -2.491100070221381912e+00 -1.508405589283757564e+00
3.920558637259948132e+00 -1.655708178737176572e+00 -2.568567933595404806e+00
3.506757473911214174e+00 -3.222637655401404011e+00 -1.073764667270479034e+00
2.946410854649086808e+00 -3.445804202820046402e+00 2.003956341491629711e+00
1.779523274045083925e+00 4.356769054012927245e-01 1.218183802316623376e+00
-9.500817361400021310e-01 2.492584868437013046e-01 -1.441304485161578330e-01
-2.335522574263942275e+00 -1.596630713523177203e+00 1.458547401419163725e+00
3.113375219786562384e-02 3.963504321499184080e+00 2.718629808297526207e+00
2.385801892996314066e+00 2.684262300549119296e+00 3.966208242962206754e+00
2.259423465840572742e+00 -3.470697414945301595e+00 3.227515386855532409e+00
2.386614386477132754e+00 -3.231018085093033676e+00 -2.953800650337900180e+00
1.660628526281800355e+00 -2.275316158532862953e+00 -1.898868622039588061e+00
-8.958334939224699145e-01 1.071757175795416961e+00 8.979617923556544312e-01
-1.734333896565429800e+00 -2.021043504817973346e+00 3.250656100123152092e-01
-3.459961297839352912e-01 4.657588128159608765e-01 1.141193899685545299e+00
-3.051014114538539435e+00 2.319711102894614019e+00 1.610387575505885627e+00
-1.055676390293978500e-01 -4.529183843130067388e-01 -3.697872940474633996e+00
7.977272403725128580e-01 -2.750102939901720500e+00 5.269095615198586824e-01
3.790216038500649365e+00 -1.371144807246910124e+00 1.949069102942612375e+00
3.101364152983036582e-01 1.864865082760239989e+00 3.823543481353483653e+00
-4.511737088450214483e-01 -3.831143303695717428e+00 2.149063190182026073e+00
-3.591436445219283957e+00 3.696033343684330674e+00 1.745305584637992347e+00
-3.467674755880181814e-01 -1.558501923384663757e+00 -2.434399539639756416e+00
3.482565588550770030e-01 1.888431774555891396e+00 5.720633263045523664e-01
-1.899106119480305610e+00 3.561931076158601162e+00 -3.765037636717604386e+00
4.013026041714123693e+00 -3.946530479741030994e+00 -5.744696834321014745e-01
-9.907634178486617316e-01 -2.281589678289241530e+00 1.080516790499524316e+00
6.572775558051985323e-01 -1.730353504057890790e+00 -1.221607558071862165e+00
3.821492650862820639e+00 -2.490962483411509609e+00 2.083484216314769599e-01
1.518508702001695188e+00 -8.577696814827311389e-01 7.769183326293752634e-01
6.631578961218114188e-01 7.474396044554573182e-01 -1.802029034428536347e+00
-2.507114842602196525e+00 -4.030650648854555484e+00 -2.036099393638970856e+00
2.880077398178749526e+00 1.208992068997790881e+00 1.927983010791988860e+00
-6.432880612995771630e-01 2.392056790563717728e-01 3.459265002831530378e+00
-1.940995458768706161e+00 2.839542012760656320e+00 3.768002114547344128e+00
-3.998277963687093095e+00 2.531743081998298450e+00 1.169600410744117802e+00
3.873211279476557856e+00 3.048215856072673091e+00 -2.824890719677239037e+00
3.466693739566564791e-01 -3.600175285797438396e-02 1.926883099821210754e+00
2.285037417945001703e+00 1.898526569739237280e+00 8.531952528759739751e-01
-2.333846715936194194e+00 3.648175561473452788e+00 -1.107595940316141503e+00
3.752168700811889579e+00 5.750313735467464937e-01 -4.077758912787670664e-01
-2.009755799772032780e+00 3.264425867122479730e+00 9.453557805459444907e-01
2.873197760467772088e+00 1.102251208936892768e+00 -3.168511366273495167e+00
-3.846157833594811226e+00 -3.247024037692019416e+00 -1.463468437989728255e+00
-3.380303456877106871e+00 3.348722978060989064e+00 -2.117060803941268610e-01
-3.177331338596272592e-01 1.331126539985930668e+00 2.789182229134716362e+00
-2.782162635815262242e+00 3.245866059803894199e+00 1.484539485161512129e+00
-1.654290577042090149e+00 2.050237272991806969e-01 1.905342905464149084e+00
3.299242899291018993e+00 -3.253872267029140009e+00 7.766201178112306369e-01
9.414193075266512611e-01 3.084710386259619685e+00 -2.664309220945596746e+00
2.427514146449949450e+00 2.058709441477210245e+00 1.774333690039213041e+00
-2.406907895521686491e+00 2.004520209209412762e+00 3.854561694072122791e+00
3.203798150733504269e+00 1.547274784539680592e+00 -3.953616037272071448e+00
4.106595443133739920e+00 2.705009436885961627e+00 3.595034894679208559e+00
2.626322243023491154e+00 3.737971785205569664e-02 -2.048121869236259052e+00
4.099176968201745375e+00 -1.452196217245486087e+00 3.731990807362761675e+00
-2.021631999965248117e+00 -1.097975762648658593e+00 5.155676511473840096e-01
3.323927054618010857e+00 -3.107935889988682199e+00 -3.410799852783478414e+00
3.410630923673800829e+00 2.216336400784188587e+00 1.828552127883173561e+00
-7.541610770845004197e-01 -7.581904984999006114e-01 -3.026984178035732942e+00
-3.081207735246822566e+00 3.042430358173765281e+00 2.447276264134083501e+00
1.432238677446238784e+00 -3.268492617045786641e+00 2.072505714212528716e+00
1.320641759185611774e-01 9.887108389947276699e-01 -2.681131168675789933e+00
-3.449607400376889732e+00 2.567059708646367289e-03 1.461912331565191625e+00
-4.077802359573515112e+00 -1.959351927699380935e+00 2.926415236089610961e+00
-1.689639293319084246e+00 -1.085433088472107288e+00 3.462529810026091059e+00
1.522237169674918844e+00 3.834882107828527342e+00 3.799340555392431984e+00
-2.380055322193428413e+00 1.316510414033880805e+00 2.958169638333726148e+00
3.157008032631244188e+00 2.424552209684526449e+00 -2.826791142174527760e+00
2.002722634091283371e+00 1.097954387719630054e+00 2.122207619324318451e+00
-2.603830277779764391e+00 2.623129019051396060e+00 -1.067155352628304632e+00
1.449052546622206394e+00 2.343802999756132710e+00 -1.552058109486228465e+00
3.443637584333421042e+00 2.572481256705550834e+00 1.272261392132615354e-01
2.772510671252002457e+00 -2.654542848271968403e+00 1.431512472939641567e+00
-3.483316826949565126e+00 1.641064799246565453e+00 -2.915401299764165621e+00
-8.772036623937268240e-01 2.911986695029280092e+00 -4.348970481396279286e-01
-1.179568449350140602e+00 2.488444283765867571e+00 2.443953204530396217e+00
-5.766243751846413801e-01 -3.694081364613109653e+00 -1.336735132436101869e+00
-6.489849721942071437e-01 2.203261094922414731e+00 3.400610921544697796e+00
3.725261025796049452e-01 1.904296293027536002e+00 2.376894334437544831e+00
3.837284418106615025e+00 1.531045038606339448e+00 2.518243995530733859e+00
2.751700650084151434e+00 8.267682584031201820e-01 -1.407003431165643748e-01
3.340944845327522561e+00 -3.538062355829778571e+00 3.096066069772484219e+00
-3.454146303951239450e+00 1.958917230450244240e+00 3.332656064961071252e+00
-2.744650737977101684e+00 -1.636930632227908244e+00 1.599002465149882979e-01
-3.203986240836533383e+00 -2.063278600030455490e+00 9.610287138259776540e-01
-2.654671122436611519e+00 -1.516552960039102560e-01 7.296702276618960425e-01
-3.756807334310530155e+00 -2.455811312136849445e+00 -7.046511448200667438e-01
7.436273103348680635e-01 -3.922212557430681645e+00 -3.371709016239430756e+00
-1.194236824005475706e+00 5.549920904068023075e-01 2.670854785583729907e+00
-2.658869353920873202e+00 1.388374615864646777e-01 2.202213327333896409e+00
-1.149378524826291326e+00 -2.993331620834041917e+00 -2.191483164607184175e+00
-1.477617257257898831e-01 1.211559032092521804e+00 -1.290706130477978109e+00
-2.467563220800235602e+00 -1.532138302256454310e+00 3.956017988195337232e+00
-3.519284303015679516e+00 -3.675041171793532957e+00 2.172561550308482303e+00
-1.209115423586762939e+00 2.297130004789086133e+00 -3.971844458997427552e+00
-1.312284546067070012e+00 1.867921049231019648e+00 -3.821143371179376858e-01
1.742333289521870610e+00 -3.659986966608048675e+00 -2.181830085787213935e+00
-3.042329686428128177e+00 9.145685829975973569e-01 -3.990661332574619191e+00
3.440400141177878623e+00 3.961028018564214381e+00 4.588960932441306095e-01
7.772517944180848959e-01 -3.904273311728703622e+00 2.363673825307595511e+00
1.734595114350811595e+00 9.650326946711618170e-01 2.633881598417455172e-01
-1.375336787203317979e+00 -6.915657608794676392e-01 -3.804503748102541216e+00
1.246595737544286209e+00 -3.172053136654899408e+00 -2.907722928007277385e+00
-2.009702504872427298e+00 2.828264595112146007e-01 6.276771180314634491e-02
1.174387885611398508e+00 -3.591814088296644947e+00 1.278830822651672694e+00
3.298660043368081496e+00 4.381975797457945965e-01 3.646637874305189264e+00
-1.902706168961482147e+00 1.946877680094970531e+00 2.117846079341539234e+00
-3.911228546630033165e+00 1.344679612112370526e+00 -1.669117222095273800e-01
1.980247365378809077e+00 3.259691691441254147e+00 -3.597603697721854843e+00
-3.507053131977906801e+00 -3.002166797351342620e+00 8.706610363652861340e-01
3.754189594077530945e+00 -1.139833752078065254e+00 -1.543194711969465338e+00
-3.235006263713890107e+00 2.495102482971675695e+00 -1.968383160164640211e+00
-1.534187583662040000e-01 1.944399295796160887e+00 -3.595481079509340372e+00
-2.722777249044098014e+00 1.110872722784932654e+00 1.687095618663225105e+00
9.564554484883972529e-01 -1.885518131706494849e+00 2.113114957329650156e+00
3.367635518090177360e+00 -3.956253927962656292e+00 4.096854606873018056e+00
-4.052088275517564675e+00 -2.559941617032019501e+00 -2.828813470930115592e+00
-3.018214247342247525e+00 -3.630277859588549205e+00 -3.634980404774835527e+00
-1.791595829842297372e-01 -2.284766878623190500e+00 -1.471523624206239056e+00
-1.726570492403017854e+00 1.152147255024112305e+00 -2.249974449053492975e+00
2.309234702657479765e+00 2.464627188603629726e-02 3.604882403220734943e+00
1.065192145124282730e+00 -1.884267526337937371e+00 3.986124194185284519e+00
-2.264911365926410625e+00 -3.083396898355380333e+00 8.267550200848760023e-01
-2.758156127295109172e+00 -2.886112824315236303e+00 -3.952883215683401730e+00
-1.784137004611713984e+00 -3.484421665551616920e-01 1.171193216973062556e+00
1.861685952137758893e+00 4.624302104981406480e-01 -2.619370128571234968e+00
2.062671008167347608e+00 -3.525210965614029579e+00 -3.749687531510328409e-01
-6.914008707162854206e-01 1.101045413251724892e+00 1.901921694419578257e+00
-2.911460018875648426e-01 3.139653120741825010e+00 3.974211893972245058e+00
-3.528460345920644947e+00 -1.482656240625758848e+00 -2.131522517506516223e+00
-2.882691901679812929e+00 -3.380760615740014519e+00 2.172439831297751367e-01
-1.631282313186130262e+00 1.135692065396592731e+00 1.757442983972187900e+00
-1.761769296464395840e+00 -3.446593020710608357e+00 2.134092318304082192e-01
-3.644905130804720894e+00 3.982498676340628929e-01 -1.105986519911347221e+00
-2.516728692831171177e+00 1.014165335516401090e+00 4.064774455843567225e-01
9.809381521341002941e-01 4.984912442682096767e-01 -3.548862436113938035e+00
2.685242431502228744e+00 1.160787896337632130e+00 -2.226585166362862633e+00
-1.197814342558464862e+00 1.576554344648657180e+00 2.659528543389475086e+00
-1.248833741430630528e+00 4.441364209279557995e-01 -1.624627318814689803e+00
-3.361089921060835817e+00 -9.322719708527944793e-03 -4.022861642958170947e+00
9.607187086088153638e-01 4.081387129799765034e+00 -2.373769085813328239e+00
-1.179414624474699469e+00 -8.244009721006424485e-01 1.731177338787222464e+00
3.166540679003547742e-01 1.023664593283577062e+00 2.094447437495413844e+00
3.807489589039252831e+00 -2.561880656627074870e+00 3.473815346546048399e+00
-7.534595029700010826e-01 9.305377825703077255e-01 -2.236868208594140484e+00
2.776694523537105219e+00 -1.546989195944845852e+00 2.635806176799792566e-01
3.303601170422615585e+00 3.157334823580975058e-01 -2.706096785531768134e+00
-7.584531615632177370e-01 -2.122330262682114110e+00 3.774315784514306049e+00
-3.004659167673662701e+00 1.765724160390421904e+00 -2.648100154547670670e-01
-3.446630766161203230e+00 7.500258399442117918e-01 3.813848283859138655e-01
2.443859994247266521e+00 2.041723122219181175e+00 -3.573090969497179081e+00
9.836273137316755566e-01 2.356695735337436037e+00 -3.745665621209075091e+00
-1.117742745277682248e+00 -3.110844524805756794e+00 1.422811715838686819e+00
2.197737038384753205e+00 3.803426261645392881e+00 3.078911532493718184e+00
-3.682139154166313766e+00 2.088054971750537447e+00 2.279075907998051598e+00
-2.905144578635467489e+00 4.102433386313990127e+00 -4.437066395100918714e-01
-8.484849313981338362e-03 4.949755530813091386e-01 -3.501931590730723354e+00
-2.356483867799053389e+00 -3.344661119753003398e+00 -5.962987693403755118e-01
-3.204587030802687586e+00 3.231761591809749756e+00 4.055069012653566674e+00
-7.441100313556493484e-01 -6.670861246855701587e-01 -1.663423570146049135e+00
-3.564168526698629602e+00 2.736729648360521683e+00 4.040424853608770572e-01
-3.781707646141597712e-01 1.437901430881082909e+00 -1.106696825340404006e-01
3.121347116159281843e+00 2.709958840368128286e+00 3.274303999017074140e+00
-3.595107858915516985e+00 1.110693502841598290e+00 -1.777470009183836908e+00
3.139385360866156383e+00 -6.520068415009384610e-01 1.822869595466209969e+00
1.042107549509176723e+00 -1.881665087375222090e+00 9.097684440847100262e-01
3.009353310971565776e+00 -3.728071071906180478e+00 -4.463832274918734244e-01
3.858866532200105226e+00 -3.679453051174567668e-01 -3.407842729571718188e+00
-2.802988827790407367e+00 3.254620722735779736e+00 -1.855838720272054321e+00
1.288963907557712840e+00 3.569492515201968974e+00 1.620624804319499956e+00
3.442473399447527616e+00 3.326170364054490847e+00 4.060833773801537205e+00
-1.762413963089273450e+00 -1.459127102230596829e-01 -9.667256102575199073e-01
1.090088615347758028e+00 -2.487464266636461918e+00 3.245350141197354432e+00
-6.366142124767376620e-01 1.818703680432947056e+00 -1.870976661054362111e+00
3.702626157256264428e+00 -2.279632428705947955e+00 -3.804276329784755273e+00
3.996545021061931990e+00 1.069065322311700816e-01 -1.973873077757142491e+00
2.373758557207727549e+00 -2.931078041979048088e+00 -1.889505377835142275e+00
2.041013928852181802e+00 -3.856643856530057146e+00 2.232324177277681621e+00
3.016715105089702309e+00 -5.935206225592204454e-01 5.985672293361635754e-01
-3.145548019072632595e+00 -2.884139835600204371e+00 -3.009677431853631457e+00
2.146420843129414335e-01 -5.491502566152544063e-01 -2.572686069994254865e+00
-2.037289698887716938e+00 -2.256594130821051092e+00 -9.672956059611246271e-01
-8.714658659456009371e-01 -3.947246321096800070e-01 -7.401385100754203084e-01
-1.046880360610019212e+00 -3.482251689296685271e+00 3.055698808647191456e+00
1.869660711004933695e+00 1.819134682579712337e+00 -2.283085181478198056e+00
-1.392413579901235376e+00 -4.109030694765182012e+00 8.087939276588534954e-01
-1.745833523324819447e+00 2.874319632694685822e+00 9.118527664542463995e-02
2.174239374138302150e+00 3.453917330516307338e+00 1.310678606177395178e+00
-1.193107728355450314e+00 2.754260690330679329e-01 6.968431209749784694e-01
2.677212195402984829e+00 -3.130698196849376558e+00 4.044386461680478106e+00
-4.100449088299170874e+00 2.188302640425704659e+00 -5.105064586746228539e-01
-1.946279257222651715e+00 -3.713640930898487014e+00 -4.031720981481663024e+00
-1.648309605677199086e+00 -3.712559118826802784e+00 -1.411179352552508259e+00
1.077266593159506014e+00 3.033019136931492277e+00 -2.618739320745736010e-01
1.668303811382853885e+00 2.916213383939743942e+00 2.580688511663034479e+00
-2.798962820728682077e-01 -3.134766627985478227e+00 -3.446708183411901327e+00
-1.864539672004154047e+00 -1.436967275757584872e+00 -4.516064867621019663e-01
-2.358746129932900448e-01 2.890647023956953277e+00 -3.321127481110323743e+00
-3.993461773689833016e+00 3.096344556906451828e+00 -8.544024017081724987e-01
1.588862159997537438e+00 -2.542842602625059900e+00 -3.527192924213625957e+00
-3.080434683895667103e+00 3.530398280996911886e+00 -2.690214166822531006e+00
3.021137065086202611e+00 -1.481141320638576619e+00 -3.729489760159331979e+00
-3.215193834463766720e+00 -3.335588829586459525e+00 -2.211004453154340244e+00
-1.743413380272805124e+00 -3.657541496561100836e+00 1.652393901877680316e+00
-2.885009909454518517e+00 -2.021098707494714652e+00 -3.202310007200768638e+00
-3.208041124402677413e-01 -2.730216062141331168e+00 1.138668434518536055e+00
-4.029186338333781592e+00 -3.569739929904550912e+00 -3.611770053819396864e+00
-2.897158306688439877e-01 -3.466393480717243403e+00 -2.438753139761959066e+00
3.050994929255351096e+00 3.647342809576422429e+00 3.380242020061619890e+00
2.330161109027365729e+00 3.406368867146883694e+00 2.194437410979855230e+00
-4.034827689748468060e+00 7.528861515221216827e-01 -3.907469505727879433e+00
