8.220706914434900980e+00   8.220706914434900980e+00   8.220706914434900980e+00
500
-2.270086821590632020e+00 8.682427445143457989e-01 -2.103346841214420948e+00
3.778484994457009805e-01 2.188578275955394670e+00 -3.218865754886798936e+00
-1.049094849974978372e+00 -1.492904328690760618e-01 3.396853799521774575e-01
3.668192661272093869e+00 -2.141718359561893159e+00 3.929658509190375959e+00
2.668216122052433192e+00 2.051966127541073603e-01 -3.393961678556192130e+00
-4.857956550743973145e-01 1.741240785668321633e+00 -3.478780145644437827e+00
1.122533466616676190e+00 -3.252134432877685555e+00 2.253484608128740518e+00
-8.534657727115410042e-01 -1.175581446992813195e+00 3.703914841385743451e+00
1.835758967388812612e+00 -2.620413680046664417e+00 8.760044001418475501e-01
7.218319972727685885e-01 7.414870717181857307e-01 1.865801822777385155e+00
5.577408283470070005e-01 4.056939514660143686e+00 1.246457676642692469e+00
-1.528921049497177664e+00 -2.536869034566070269e+00 2.791045526252499798e+00
-5.949385852270557828e-01 5.530872699709438872e-02 1.218906518265883365e+00
-2.493631276714298295e+00 4.445485260134720007e-01 3.785414433762308128e+00
-3.211681848149146479e+00 -2.116770115954442755e-01 -3.854081349361423214e+00
-2.595246256724535794e+00 1.603731486855629385e+00 -4.021492797082276027e+00
8.513769290471303597e-01 -2.119393507647649333e+00 2.360589517209263022e+00
3.762202998979091162e-01 -3.570306103861807578e+00 1.596189906549848048e-01
3.801173845530374518e+00 2.980498217737373778e+00 3.213809765684193742e+00
-2.337585628303140428e+00 -1.528729452946606671e+00 9.720150030041035949e-01
-3.057288153422692112e+00 -8.405065476282924664e-01 -9.553254428108385321e-01
3.863798685303171609e+00 -2.753968444723903009e+00 2.285749464223790106e+00
2.641146159028350038e+00 -2.367887392682640701e+00 2.466150755473208278e+00
5.996412296036108813e-01 -9.638415807172706629e-01 -1.112845996490979816e+00
-1.280745859799150121e+00 -2.213872325126274188e+00 4.041506848424599951e+00
5.188973369199414432e-01 9.351867740287868047e-01 3.036717832549440832e+00
1.369268936642194845e+00 1.961562703642534933e+00 -1.184679933342465352e+00
2.447074997526549889e-01 -1.116932338885815446e+00 1.387207230545049352e+00
-4.694572472382345651e-01 -2.638370469905375604e+00 2.526081567256763805e+00
1.361259516036047224e+00 4.687999366647818689e-01 1.023582594789242517e+00
2.275791436901823395e-01 2.240520383439048135e+00 8.635377763951016528e-01
3.349993862410829859e+00 -4.774535876997254014e-01 -2.990592884646844585e+00
-1.250946890904279796e+00 -4.104444021330326819e+00 4.055323255094898549e+00
-1.795844512125604364e+00 2.079868698174716091e+00 3.326589300479011690e+00
9.312294206364284399e-01 3.033511168964562188e+00 1.200789135603595348e+00
1.771691454496524987e+00 -9.460519481409214171e-01 -1.389058095962623529e+00
-8.105886243283693116e-01 1.974488685210382455e+00 3.785264147413651692e+00
-3.263457897003874120e+00 2.859553664314338217e+00 2.565090858374631466e+00
-3.250179374203730376e+00 -2.171001537375950363e+00 3.922155653169649536e+00
1.978102716544579698e+00 2.783778768789190394e+00 -1.574801133470818737e+00
-4.004293017226947526e+00 2.461414800817573578e+00 1.724657380623986214e+00
5.872072918239295003e-01 3.722350912361321651e+00 -6.631106718985083637e-01
-1.584033540541841090e+00 3.829880312823774169e+00 3.106019998775191304e+00
3.618086409391038316e+00 8.227377374534021737e-01 -4.847201074831104517e-01
7.488438470667693192e-01 2.092568113775981065e+00 1.763757455325387191e+00
3.258261170329196155e+00 3.425161214311049473e+00 2.343826970892346484e+00
-3.110182284924570606e+00 1.696458605790854279e-01 -1.259256257695586578e+00
-8.880037243417032711e-01 -3.166310651570743318e+00 -2.565082170269856743e+00
3.618301184481456545e+00 -8.626039021888484148e-01 3.228201551374065836e+00
1.522370317550173713e+00 -3.758493622869728767e+00 1.878468425838582256e-01
2.442633568839809310e+00 -5.902893232511775556e-01 -2.116760057472467871e+00
4.012058220997204216e+00 3.442393124362096990e-01 1.896683742878144230e+00
-2.818496623026050418e+00 -2.747874346808638624e-01 3.245156025047603254e+00
-3.897878606728026885e+00 -1.611103095382455441e+00 3.214616408450575058e+00
-3.205903703359445078e-01 1.128663551169472923e+00 3.503484966694712099e+00
-2.592042165621722294e+00 1.168995264116977184e+00 3.183219551194809149e+00
-2.412074393805021977e+00 -2.416192388177885175e-01 1.101949899713125847e+00
8.482218362013784763e-01 1.384563354062248397e+00 1.130950376183960771e+00
-2.257162581644089006e+00 2.461109841158178602e-01 2.556113665711945426e+00
2.692611920571428286e+00 -2.458426345376046596e-01 2.713172815364080837e+00
-2.895387971721425480e+00 -4.418025584555039798e-01 -1.156142773916787533e-02
3.315689898874347286e+00 2.633299587620675286e+00 1.661382313211672734e+00
-2.691363020797375771e+00 8.151688049759086008e-01 -5.657609354310128014e-01
-2.436006585980444505e+00 -2.565207388635187602e+00 -1.683509675246002146e+00
4.875361579091895547e-02 1.176189068382236524e-01 3.820257372414075370e+00
2.337420075049081003e+00 1.600820717115052361e+00 2.509993868255742555e+00
1.405741092471288534e+00 -1.603949617708390285e+00 1.722978440504017161e+00
-7.946056830360712642e-01 -3.185234105097605184e-01 4.007806115100746247e+00
-3.038483459562402622e+00 -1.989221258574425111e+00 5.194923898390749750e-01
-2.568427392967206124e+00 3.263791532888018043e+00 -2.456695739916288534e+00
2.409002021475367794e+00 1.928750922106211352e+00 -1.290319552252444657e+00
2.607475160562106709e+00 1.474521728514288421e+00 6.063317395293457146e-01
2.673381369663319518e+00 -1.644059355777346632e+00 -1.351680405666078943e+00
-3.035768206785383505e+00 -3.673666454866391540e+00 7.129872521889729642e-01
-2.148838668369798199e+00 -3.728035524285217228e+00 -3.455945256591358206e+00
4.027891900767904154e+00 8.505362099516750041e-01 -1.855453797772179669e+00
-6.066191672279492852e-01 3.532059356167518871e+00 -3.735882069757214374e+00
-2.906095619259932983e-01 2.994116893478898866e+00 -2.778505093491458133e+00
2.535459809842306900e+00 3.677795567708097568e+00 -3.506820286386842067e+00
3.106457665625767639e+00 2.255680073376465700e+00 -2.227123541135215934e+00
-3.227040728185353924e+00 1.266632108655118216e+00 -1.966804398517804531e+00
1.676883111147740024e+00 -5.842830019613917125e-01 -3.958368795192413359e+00
2.582131915817785561e+00 -3.323527663801685517e+00 6.761374013584151577e-01
-1.716021783831276570e+00 -8.431509067646386635e-01 -2.535874506391623928e+00
-9.086946304217751180e-01 -3.873350620605213290e+00 1.024705340557272859e-01
-1.755198146071878185e+00 3.006546616445880726e+00 3.798477173478078672e+00
-1.832095592707307263e+00 -4.015209131034156442e+00 -2.602991602818668149e+00
3.512837795619052184e+00 -2.090934417625441188e+00 -3.277134916065717718e+00
4.046588741883033080e+00 -3.729002828754557797e+00 -4.068226130291853870e+00
-3.899941103709000156e+00 1.482565724476332836e+00 -2.771941950264415588e+00
3.272218158055081094e+00 -2.260306621998595666e+00 -2.113555483888191144e+00
1.913150379934006884e-01 -2.716643407154422540e+00 -1.232892612220210848e+00
-2.979341587988201034e+00 -1.141505660650169007e+00 2.778787134903047296e+00
-3.218322161498064826e+00 -1.394738709066596583e+00 -1.870463978348862577e+00
-2.725074277088800567e+00 1.575965885359817298e+00 5.956258107254767120e-01
6.495811884757697330e-01 1.065836083929760703e+00 1.529322773246928058e-01
-4.008587775596526903e+00 -1.048074771983953601e+00 2.324651676460572247e+00
-8.833955268137080874e-02 -3.887292156486292338e+00 3.678898426228996321e+00
1.381044101171899019e+00 3.874171244774204048e+00 -1.407122638492662059e+00
-4.614030334622526430e-01 -3.453502915895292791e+00 -1.630305526336612187e+00
-5.140294532787773596e-01 3.694497094664954684e+00 2.914518638367880055e+00
-8.269891795710722082e-01 -1.327066136392433426e+00 -2.345456780994866097e+00
3.172105569060405195e+00 7.166894221700539358e-01 2.605555309479521853e+00
6.490920484692193071e-01 2.874541798319817598e+00 -7.427375831715474219e-02
-1.317831884954262955e+00 -3.850618068097977353e+00 -7.899041730524161142e-01
3.409204493636209587e+00 -5.735421204381666582e-01 4.214941513079561303e-02
2.131651408872049236e-01 -3.028121999742375614e+00 1.786722558938641958e+00
1.192721003444831673e+00 2.716427073367636336e+00 -2.272281743657508457e+00
3.163380334358323775e+00 -2.672540362613057496e+00 1.566992862335702563e+00
3.374128830855275041e+00 3.740090630071157385e+00 4.090396999447724724e+00
5.431652089705425457e-01 -1.048945494265311196e-01 -5.782273794389682919e-01
3.696158425099560940e+00 -4.055713024063477556e-01 1.042366234190378771e+00
-1.945202580936034265e+00 -8.024195257842701989e-02 -1.832872663826584869e+00
1.077698798484498510e-01 -9.147093646446506909e-01 -2.299620040606406679e+00
1.704018881269596886e+00 2.327695234687050085e+00 1.471451177820281675e+00
-3.340943721773026454e+00 9.007562495638613553e-01 -3.386309653423339228e+00
2.644427438974592537e+00 3.976283869550491623e+00 -2.566825114239720929e+00
-1.977689667156554920e+00 -2.972380111019913507e+00 -2.581000274548388429e+00
-3.875265655786301888e+00 3.730852649148924893e+00 2.723865088854565908e+00
-2.465146284115401265e+00 -6.816046146233657455e-01 1.983414394757624377e+00
3.292413107546259710e+00 1.674963573365833680e+00 2.367073856997321535e+00
2.671639607220345436e+00 6.084613074117347642e-01 -9.479651767746357649e-01
-5.823272756028723129e-02 4.294652393642294785e-01 5.461923594190345316e-02
3.477613394702154359e+00 -3.051363385765772929e+00 -1.453585199632810410e+00
-3.820181399272498002e+00 -3.670417044159979270e+00 3.232205407030238842e+00
2.244775965762261016e+00 -1.484492044726268611e+00 2.626858354446697685e+00
2.658747432872202499e+00 1.969313993451845768e+00 1.604911553478625796e+00
-3.235351775940896180e-01 -3.788403491919301924e+00 9.981235689259592148e-01
-2.559814351341565875e+00 2.652169699482595178e+00 -3.851178423141801588e+00
-1.266472680288094899e-01 1.423065709788383426e+00 -1.916163341981905521e+00
3.525864866914245610e+00 2.185537948793721430e+00 -1.181368798694360178e+00
-3.804260750556656578e+00 -3.449929445812770723e+00 -3.124951835301405634e+00
2.390955548595290470e+00 2.877584536024990314e+00 2.145473225384899152e+00
-3.801902218870152339e+00 3.480568170486150414e+00 -2.271754541138503836e+00
-3.774648852269105070e+00 1.507353655323230512e+00 9.557478021794804102e-01
2.110290662556375985e+00 -3.248370939175988958e+00 -3.533403214096394240e+00
5.332304375648518890e-01 3.471791852199075379e+00 -1.821809827818291705e+00
-2.224595475140576983e+00 -2.767563770358220765e+00 2.157971169041009940e+00
2.050837802855816072e+00 1.804246364883122511e-01 3.711917632406545930e+00
3.332411771440097148e+00 -1.421808435026472139e+00 8.370526116672090122e-01
-7.080762534847069301e-01 -3.173706493419438779e+00 3.996728668702490772e+00
-2.974051417951908416e+00 -3.630046778826077958e+00 3.885036879497510753e+00
-1.138670350090199707e-01 6.413083930597643922e-01 -9.566329520443807022e-01
-4.009726192004473333e+00 1.202823345683560752e-01 -3.254319017992945540e+00
-2.091701725411567736e+00 -1.084889671145844448e+00 -1.415956390329389913e+00
-4.087630803040712024e+00 -3.866122670510626858e+00 6.307602559934291087e-01
3.853382969867153118e+00 -2.055228261888143670e+00 -1.306051399831121618e+00
-2.085760046584975491e+00 -5.952055760343982760e-01 4.006059398890603696e+00
-2.068793567408035994e+00 -2.996164856860576542e+00 -8.585337325247256457e-01
-1.906915365776024496e+00 -1.048015325056215641e+00 -9.433780230863259009e-02
-3.969669121499249442e+00 -3.760628055758375332e+00 -1.150774206994436222e+00
1.909867203640613020e+00 2.501651164761752977e+00 -3.079612483647010457e+00
-3.754018643784011733e+00 -5.363087285651836345e-01 -2.336938933056513790e+00
1.043548625118012607e+00 2.061390500596770592e-01 3.670643240909750915e+00
-1.328614905468640695e+00 -4.994154487913482487e-01 -3.389822723741251931e+00
6.508171563031531770e-01 1.205326267934060169e+00 -1.408379627701698222e+00
9.364266475098595999e-01 -3.407509615782426060e+00 -6.425421496976156943e-01
-3.256098541153690018e+00 2.502941080518304773e+00 3.945241498925524670e-01
4.993007984252187947e-01 -1.240187052894043518e+00 8.622891797754972387e-02
-1.822713957174175503e+00 6.764665017610991260e-01 -1.158992917546515899e+00
-1.264618441733241117e+00 2.830013865111209004e+00 2.650110079042374167e+00
1.233270863533544093e+00 -1.727044876996346456e+00 7.177757411874379212e-01
3.261376434768630261e+00 -9.090857551650243229e-01 1.926232345532760792e+00
-3.217973419506961807e+00 3.486128790804209565e+00 2.076397378883106382e-01
9.917065054568804383e-01 -1.950892444166936746e-01 2.980466846537277448e-01
9.628393349690628211e-01 5.596821382422336733e-01 -3.495512607813078265e+00
-3.563878601439189886e+00 -2.381196215249370418e+00 1.440999825159020142e+00
9.123827640687044438e-01 -1.293604415505821281e+00 3.218790429616572801e+00
-2.338660680506172262e+00 3.020412994944005280e+00 5.556286990370579160e-01
-4.075219900499872594e+00 2.186900123182838218e+00 2.648321786984233484e+00
-1.547522896373676460e+00 2.919028974633552931e-01 -2.669625758985960662e+00
2.974664813908053929e-01 -4.054503310593959853e-01 3.044932970054944565e+00
3.039982803245156351e+00 -4.023306995147664544e+00 -8.247064280870749498e-01
-1.039767958648014634e+00 3.867979073070941798e+00 -1.764379723177810000e+00
9.900787666901089690e-01 3.725093028019317298e+00 4.416755572949440656e-01
1.551463925615887751e+00 -3.344870024182870605e+00 3.832203335607438088e+00
-1.181414576434624664e+00 -2.983648192202025040e+00 1.881380301083020123e+00
3.120383948590334633e+00 2.237680772011900299e+00 3.382621695703536879e+00
8.462430951007129387e-01 -1.652325706858342125e+00 -1.923773075349811235e+00
1.202510481228256323e+00 -3.237319530105059240e+00 -2.991904502060231508e+00
-5.056532422274818278e-02 -2.093622063128869559e+00 -5.004610433559151250e-01
-2.954020079802365029e+00 -3.034306703547402062e+00 -3.404256371141282322e+00
-3.290774902130913837e+00 8.101407798100305202e-01 2.266068791843124597e+00
-3.208590574922323135e+00 -1.120077931599271270e+00 3.782498476342276206e+00
-1.541946842614137170e+00 -9.271824027234742971e-01 9.908509956564207632e-01
1.740089514347058719e+00 1.083472100125627835e-01 -3.099217671387729744e+00
6.922646398613355179e-04 3.198262495689428775e+00 9.479880699567129199e-01
6.256044209195124051e-01 3.413488847292037498e+00 -2.908955315039296163e+00
-3.165636040418410957e+00 -1.531501338121393774e+00 1.813075031065841447e+00
3.300781058609115082e+00 -3.608839334682615974e+00 1.442127465054584334e+00
-1.603256580519861307e+00 -3.162777661048437050e+00 3.710526384565631108e+00
-8.703753060819726661e-01 1.040591295583519926e+00 1.477724292082081226e+00
1.560579359617517481e+00 3.955006560350145417e+00 -3.453009673990989459e+00
-5.680166636385292067e-01 -2.819748600196962940e+00 1.080504523231715197e+00
1.125512599064954156e+00 -1.513555839281274462e+00 -3.997195876626302269e+00
2.273076296449537015e+00 -2.677887029222796311e+00 -1.193172314236862652e+00
1.275793206326940155e+00 2.199771553891739728e+00 5.070806515887509303e-01
3.994727133276243514e+00 2.651485031351141330e+00 -3.950172276999922794e+00
2.265606780018114996e+00 -3.057509292731231731e+00 -2.693871557194724153e-01
1.945488000496795378e+00 -2.814630368368140623e+00 -2.321077946313015783e+00
7.862597735647839370e-01 -2.205243664259443737e+00 3.554262688192517672e+00
2.643902930272600038e+00 2.550534311223956685e+00 7.600907502552871620e-01
-1.437975633317378543e+00 1.584644857203962198e+00 -2.984538617783914827e+00
1.161272368168854374e+00 1.672329456393018443e+00 -2.175956758010663350e+00
-1.822992103329063029e+00 2.244182893997761497e+00 2.157740118034047194e-01
-3.012753033361099675e+00 -4.069679164762214363e+00 -2.937300108414752753e+00
5.286407879215223593e-01 -3.833859560743608341e+00 -2.416309998109348101e+00
1.909360973177326004e+00 -2.736951730786329584e+00 1.859219746081969715e+00
-4.214021208157113230e-01 3.935472969872911175e+00 -8.785541994401090404e-01
-5.077724725909201764e-01 -1.987424033870956119e+00 1.724245680475370524e+00
2.468445938039301346e+00 -3.657545514990719226e+00 -1.715829563384300815e+00
2.798672747556436136e+00 -1.771040062411183280e+00 -3.852287911140659382e+00
-9.985789208513113913e-01 -8.643373891963614941e-01 -1.506316491993674900e+00
1.734463816195885633e+00 -6.381102559555281717e-01 3.166106156440697372e+00
5.872002200248196413e-01 -3.111794941167796313e+00 -3.998094997183560650e+00
1.508874918779245400e+00 2.425448193438429545e+00 2.483659998952927328e+00
-9.580927074799835408e-01 -4.001444503844773237e+00 -3.106785762500274384e+00
-2.825179519755840030e+00 2.136535847653877163e+00 3.268680679527784516e+00
-4.338127393884305683e-01 -2.863862500672511135e+00 -4.264975321233939465e-02
-2.863188139301466428e+00 -3.058030182678657116e+00 3.058795223933523655e+00
-1.022634978738490741e+00 -1.782961950390287598e+00 -5.861986351463193134e-01
-2.043789120070246490e+00 2.391918544277393366e+00 -2.912745214988696318e+00
-3.061498231037224738e+00 5.193807458793959775e-01 4.363817343368671664e-01
-2.793440233692716657e+00 -5.420339489242412823e-01 -2.198426331449617521e+00
-1.873443371940428370e-01 3.424040152345458221e+00 1.949660288516921858e+00
1.091118943169510747e+00 -2.297267388707202596e+00 -2.639890509187029277e+00
-2.098338865521100161e+00 2.397026871531048597e-01 4.558818334375665249e-02
-3.269479874743256964e+00 3.306065959786364417e+00 -3.315514909587887526e+00
-1.730394814061499087e+00 3.728759543308004965e+00 2.074845051392605555e+00
-1.483125382377361579e+00 3.423488717253443170e+00 -8.475444203543908150e-02
-1.242808059193155623e-01 -1.485472766814616818e+00 -1.415749262211794868e+00
-2.265455216337096012e+00 3.121595091732444427e+00 2.895001201233397659e+00
-3.359637100996247128e+00 3.174551808052680890e+00 1.202454067618313305e+00
3.384939733072186652e+00 4.057004278068925274e+00 3.065955900491342589e+00
1.356718668338113831e+00 1.405081710403951911e+00 2.241191315493605174e+00
-1.541356314085393087e-01 1.308401221858561447e+00 7.971223951766333027e-01
-3.350372000778981452e+00 3.535051861348125435e+00 -1.037538971492966589e+00
1.143270618827072704e+00 3.058053488144085730e+00 -3.621458318130592158e+00
-9.045053551452286733e-01 -2.716020906876847718e+00 -9.231947842661308856e-01
-2.682393062033047726e-01 -2.019615440851785682e+00 3.595497202954805793e+00
-3.248704919312842332e+00 3.801206357108319889e-01 -2.603007427755482439e+00
1.832956517951334963e+00 3.869038135901786690e-01 1.886876456425600868e+00
1.435013582700191082e+00 -2.514159273220073931e+00 -3.833257127295897515e+00
-3.478772112581380416e+00 -1.072194642190375191e+00 5.729774811290243575e-01
-1.853291590510762976e+00 3.742660250634810559e-01 -3.672521501151189138e+00
-1.620290188356372507e+00 -3.228776745100521151e+00 9.052127502892448607e-01
-2.140610418040612029e+00 -1.738441951101090677e+00 2.060930197471155800e+00
3.014803260474625546e+00 3.462713177846424850e-01 3.609013876215230621e+00
-1.969580013869153490e+00 -3.553301109463188556e+00 2.853737908743774199e+00
-9.002464116973475650e-02 -4.799648085015428278e-01 4.833193394147740629e-01
-2.550980452103321028e+00 3.020956540117358813e+00 1.826708503012047569e+00
2.577375748857032356e+00 -2.664487004093541778e+00 3.936960385118481565e+00
1.314854186764371047e+00 -2.593748746114270531e+00 -2.575378061452533729e-03
1.787594968295631137e+00 -1.155688470657994515e-01 -2.578249241602579844e-01
-3.446761360289429366e+00 2.037786577698778245e+00 -3.568233145023765207e+00
3.878209393513871728e+00 -1.423858703328716002e+00 -2.235205126689101096e+00
3.386382345011001327e+00 1.723224479557039057e+00 -3.276095867171489040e+00
-2.176812791651197454e+00 2.707452730505389926e+00 -1.419222464193875100e+00
2.374145463472805861e+00 1.470296102039380104e+00 3.535904573260949757e+00
7.997156703195096306e-01 1.984271667247646143e+00 -3.781149649830096715e-01
4.696991900607920822e-01 -2.077174596409079310e+00 1.407853468174859346e+00
1.091946635191885839e+00 -5.162700245343483374e-01 2.275652816086249253e+00
3.978552283338799622e+00 1.544953421879640132e-01 3.273094548158699268e+00
2.092805379509086183e+00 -7.571909038769246703e-01 1.900075054213840486e+00
3.272643702740579030e+00 -2.618240303998696117e+00 -5.355296612929449918e-01
-1.055309639938222466e+00 4.825991716036898693e-01 -4.499374393691969454e-01
3.455163780076518254e+00 -4.054336477586003795e+00 -1.871570636981514157e+00
-2.583780701446269923e+00 3.682875476423573602e+00 -3.898076263763543992e+00
-2.926045594286003637e-01 2.764034934449826952e+00 2.835459914943687654e+00
-3.051063472315085789e+00 3.115351895457928233e+00 3.501941273541693267e+00
-8.097123485603774373e-01 2.735090694792769117e+00 1.679573245243812130e+00
-3.808041276522911023e-01 -2.588490982817933439e+00 -3.471980048249927897e+00
-3.764082346525600808e+00 -1.653083161548697610e+00 -3.570153294212608852e+00
1.409009815726063763e+00 -3.299778929015249496e+00 -1.576099659638633188e+00
1.509098738984604449e+00 1.054508315209432556e+00 3.966428817801811668e+00
-1.128418520282894910e+00 2.292523281786556844e+00 -6.247193806795345861e-01
-2.271722355875239074e+00 -2.532248063811345595e+00 3.744921975118232993e+00
1.906249062045859644e+00 1.119824222991450346e+00 -1.529921439846227971e+00
3.657274044852926398e+00 3.315535789982357873e+00 -1.290325011748028272e+00
1.762553265643564959e-01 -2.816741363393233666e+00 -2.339175570771017565e+00
3.565509967126250235e+00 -3.897084051496191748e+00 -2.884367241666215609e+00
3.199452298014518359e+00 -1.821088762709491160e+00 3.164593563981188851e+00
8.612071453174447999e-01 -1.345284888547383151e+00 -3.036827869308288186e+00
3.054745666413363647e+00 3.434059497803075622e+00 -1.959346635663267999e-01
1.797200471654036846e+00 9.748903421357354437e-01 1.503527730588160582e-01
4.028953151696924806e+00 2.534179530486530663e+00 -2.891979178496621117e+00
-2.679280123530622504e+00 -2.819675473438079116e+00 1.197601949509106367e+00
-9.192538374867935680e-01 1.360393231191914909e+00 -1.145621807884304344e+00
-3.239062907148709258e-01 3.874721408607654016e+00 -2.482602051006912891e+00
3.680587224980567118e-01 3.575665754424650178e+00 4.103056411552258531e+00
-3.782724411344025039e+00 3.560546376603312524e+00 3.942378518885151895e+00
3.874498388801072224e+00 3.477324115896766710e+00 -3.267947811299525274e+00
8.857707974728229461e-01 -3.038028802861076905e+00 9.890832185292491863e-01
2.681519376422210943e+00 3.506366709521435698e+00 -1.615153645152878070e+00
-3.621339576832561136e+00 1.471600083441857887e+00 -1.073779439377256839e+00
-4.342435507567495301e-01 1.330818780805928858e+00 -2.244861037951511040e-01
-6.589139206494818435e-01 -8.236732073119213959e-01 1.794261692787538998e+00
2.569517172821086159e+00 -2.464458166314712262e+00 -3.022018233029368339e+00
3.172595081541301543e+00 1.101548892694945492e+00 1.469502797898554869e+00
-4.333646283036812208e-01 3.104575367207706549e+00 -1.784780639764860677e+00
-9.043488749112724712e-01 3.991987769384336970e-01 -1.690008720970021638e+00
-3.426727048866230696e+00 -2.740994046253217409e+00 -1.564522204071436828e+00
1.295977490985852132e+00 1.790539734528542093e+00 3.202197725716100507e+00
-7.479440432222362878e-01 1.714643370854580740e+00 2.728290348717604008e+00
2.407102361552842407e+00 3.898568977856275097e+00 4.491337414655587890e-01
-2.343641824298343224e+00 1.134096735098386377e+00 -3.090030927028931451e+00
1.951526326378837606e+00 1.318571223059623376e+00 1.398933763533211749e+00
-6.144469413759278131e-01 -3.716057444383261466e+00 2.029172724791109328e+00
-2.165401307988833457e-01 2.282038646629666712e+00 -1.803828225997037085e-02
-2.040152102747214258e+00 -1.841576126267751246e+00 -2.727152087098964728e+00
-2.756561544862304647e+00 -3.819598249301638049e+00 -8.262722784418985444e-01
2.129308613497447045e+00 1.907160721429290495e+00 -2.211739947476400125e+00
-1.711865070958614732e+00 3.424406827616555571e+00 -3.322748631810927833e+00
1.867526811500010542e+00 3.334630986314865542e+00 -2.494741029883659866e+00
2.736489042180189291e+00 3.668639968979555910e+00 1.480550301275079583e+00
-1.042631422052964885e+00 9.299180143819137934e-01 4.515252918480632260e-01
1.159174562574859790e-01 -2.947171064917676997e+00 3.238920906051138360e+00
-1.340078856044187416e+00 -1.869970027899716891e+00 4.176721927212663221e-01
2.526223023271728874e+00 -4.095037408613365848e+00 2.494329066232571890e+00
2.106337194088790721e+00 -9.101293817928779450e-01 -3.061973769716452853e+00
1.910126503120846420e-01 1.875209090050502514e+00 2.664942494442063214e+00
-3.418029913376800177e+00 4.083808140280056342e+00 1.713484815398134353e+00
-3.445939899683093888e+00 -3.658411680822239109e+00 -1.629114183558288409e-01
-3.450631606194280998e+00 8.153695234568614225e-01 3.750154355922757698e+00
-1.718695426701211337e+00 -1.553351095490888900e+00 3.291721009976280587e+00
3.455121441074716082e-01 3.478164274376338572e-01 9.825710112141514685e-01
-2.549193578090406920e+00 -2.001127695062400846e+00 2.979035534267727048e+00
-1.197225890117648461e+00 7.802409546085514735e-02 2.153741019631919773e+00
-1.633738561361618991e-01 3.479111204667399093e+00 5.177944680361018515e-02
7.108243009204897600e-01 -4.301126911394780317e-01 -3.797568013712005364e+00
-1.064134395492480456e+00 3.815192026832958661e+00 1.279462984176030105e+00
1.942937358661618541e+00 -1.656443057778386629e+00 -2.247716153620685997e+00
-2.593208236833852709e-01 1.707512516244311662e+00 1.745702433279714416e+00
1.240649701447216202e+00 -5.848892041698720012e-01 1.226884402884682812e+00
1.742020522207121447e+00 -3.830344246076815118e+00 1.221901985502026777e+00
8.003277974009446183e-01 2.837132158434666707e+00 -1.145995815214280622e+00
-3.996361728123841051e+00 -2.722011583345894437e+00 3.306888259666159513e+00
3.347500974851928657e+00 1.318439808070181130e+00 3.635803108897795344e+00
1.249423304925380701e-01 -1.500049680089496074e-01 2.004173359842336133e+00
1.215593989485097115e+00 7.094325397744796202e-01 -7.261095414804578096e-01
-3.121070829887354847e+00 1.865458721751315219e+00 2.276392465995281000e+00
1.614521054530076105e+00 3.327923472920362169e+00 -6.591094240620442024e-01
2.058228099424508795e+00 -3.834573139688357557e+00 -8.201114523872133910e-01
4.020926402856784598e+00 5.615813250908581189e-01 7.327767570526536600e-01
3.082583609710705996e+00 -3.207034360896872549e+00 -2.406565117222633887e+00
1.331424061045920704e+00 3.732132494539919243e+00 3.776553488968592553e+00
-2.658190413075489644e+00 6.947129462532494193e-01 1.570757511305662213e+00
-4.082365727730519644e+00 1.251097762168453142e+00 2.956656659233016349e+00
6.542701885081625424e-01 2.471729545702076258e+00 3.296945347359788059e+00
-2.791457280114586492e+00 -1.133999699675743100e+00 -3.333667064672646951e+00
-2.065533458013308010e+00 3.952873587878891648e+00 -1.685539745150392843e+00
-8.757876031925500016e-01 -1.746364993993572146e+00 2.750688766614177272e+00
1.299366088736860103e+00 5.453990024835799755e-01 -2.231762898871040068e+00
-2.303415751988306504e+00 -3.718792270201356942e+00 1.725541555674945160e+00
3.872870451836666117e+00 3.229911881496378090e+00 4.643683434462614334e-01
2.598620387788970199e+00 -1.911995611136280360e+00 -1.111579150419731432e-01
-2.166603616159352264e+00 3.595041421256599978e+00 -7.867369529151340135e-01
2.682183942135058174e+00 3.304309428847370889e+00 3.315587163856083652e+00
6.536079220627385444e-01 -4.022122496281022919e+00 -3.479684304888810420e+00
-1.588605495029053571e+00 1.124261392282154048e+00 3.880271936321551429e+00
-3.514088118483888579e+00 -4.229558886832479603e-01 1.458931276501900687e+00
8.639502656445605666e-01 -3.207649813281385209e-01 -1.736867083001973677e+00
-2.475176151207694186e-01 7.670625822525189985e-01 2.368041587493055822e+00
-3.859550484580822616e+00 1.828620144019165839e+00 3.724237521901234693e+00
-2.080474312847588603e-01 2.558787713999695512e+00 -9.513920010769529867e-01
3.255338464229023288e+00 -2.751239438451114419e-02 -1.946345048725228954e+00
2.918912146806500907e+00 -1.340056914627028473e+00 -2.720475023956431926e+00
-2.784282156538963271e+00 1.843752050061383985e+00 -4.531426747183069370e-01
-9.126835297729292140e-01 2.174273653506626491e+00 -1.936307163914226637e+00
3.804493052346369364e-02 1.820754724485114662e-01 -3.204022376309575648e+00
-3.438856743209827815e+00 -3.244017471609863090e+00 2.328434894273252009e+00
3.915995503201288308e+00 3.542639718311789476e+00 1.539299036206721372e+00
1.978250015811326756e+00 -1.883192721775122758e+00 3.734328295357298710e+00
-8.044817545400215764e-01 -3.560208274372473891e+00 3.036120236458661914e+00
3.395346314643465035e+00 3.285478732499690135e+00 -2.312630627063945177e+00
-3.934002461802326600e+00 1.803663029287452479e+00 -1.578784827854297079e-01
-2.493596001758171532e+00 -4.831466534664331791e-02 -3.036991535922088037e+00
1.706334793099691938e+00 -3.892869809702522943e+00 -2.391678458203721824e+00
1.585774305718830879e-01 -1.143561159606717892e+00 3.905805268685229148e+00
-3.188720011885852745e+00 2.739611857761824254e+00 -1.735678545259005778e+00
-2.785857052928801814e+00 3.977280323448731281e+00 2.562685206424261786e+00
1.331611729803382771e-01 9.787535728763889775e-01 -3.836385065125989424e+00
-2.495252275702616096e+00 -2.871943275317719202e+00 1.286714665900489662e-01
-6.097707108664324194e-01 -7.001782867540539135e-01 2.812633230938572648e+00
-1.339383133794054936e+00 -3.130087238551473749e+00 -3.474061491169541771e+00
-1.438366652393904488e+00 -2.911793383020170101e+00 -1.146116616895970219e-02
1.821092239845498506e+00 3.002246349585294016e+00 2.549706192980790154e-01
3.316475710832309520e+00 -3.208153077667130759e+00 -3.664417114143487364e+00
3.638751228212191879e+00 -1.574244459840566712e+00 -2.997839946688773960e-01
8.832506537091358023e-01 -3.240402308008525356e-01 -2.771130693676385093e+00
3.565495527227577899e+00 -3.574743513942694739e-01 -4.098068233349954959e+00
6.342941287483551231e-03 -3.433864145101980903e+00 -3.160354184975030734e+00
2.875784978086630250e+00 1.645831222249094283e+00 -4.147803454819736779e-01
-8.743768246312970671e-01 2.129295699539044850e+00 9.417719958189048057e-01
-1.060080701642265311e+00 -2.210654447063569172e+00 -2.732621139314430625e+00
1.442511884789320575e+00 5.493597941701111598e-01 2.794953733497221648e+00
2.619381866737822584e+00 1.230218194380726660e+00 -3.664391396765929620e+00
7.156609649871550349e-01 3.048178297222513322e+00 2.239498718014621303e+00
-1.625494050846728156e+00 -2.703789560369069811e-01 -8.144397215797605227e-01
-1.628569505049029198e+00 1.203685007717647748e+00 2.917616940461614572e+00
1.908936263157245516e+00 3.354321682308296193e+00 1.124076034279719138e+00
-3.903049933609374911e+00 2.058868043469507914e+00 -1.803675012225671503e+00
2.693081261113503544e+00 -6.961660535908438252e-01 3.644226284527647408e+00
-3.389587388679772828e-01 -1.741200675787758279e+00 6.325696807723664161e-01
4.130159831937296189e-01 -3.809976691893656842e+00 -1.438115755608375235e+00
2.474808479748382251e+00 -1.787674041469197839e+00 1.352004249199313168e+00
-8.176273864845352568e-01 6.035088991478329001e-01 -3.645944289752662826e+00
1.837574982433721305e+00 -1.789194244305709836e+00 -3.408970103309989952e+00
-6.331464233222435789e-01 -2.050868143563125967e-01 -2.594625325249134917e+00
-6.133113890045195360e-01 9.842538312531365907e-01 -2.695707901060429457e+00
-3.778110764323291626e+00 2.850389797777361789e+00 -4.242441691516636859e-01
1.559495634646217432e+00 2.146832447263815613e+00 -4.035082839261163734e+00
-3.124153020106168466e+00 2.213810920651550163e+00 1.317670859394845628e+00
-4.045044379508249577e+00 1.379623560913616265e+00 1.932580813095296612e+00
-3.417309038683274292e+00 -1.680491250602362818e-01 2.517581583838370829e+00
1.792494754889805975e-01 4.508040565310164616e-01 -2.210291713514287437e+00
-3.062436813323656803e+00 2.073494806505870258e+00 -2.642619485016388658e+00
-1.602737942724187459e+00 -2.025115514844446629e+00 -1.453586635784698267e+00
3.856026157067686366e+00 7.388137486020261990e-01 -3.914535458963730008e+00
8.119397271098447444e-01 -3.685060138064211621e+00 3.246438552860969384e+00
2.108659960862084848e+00 2.494084216800108944e+00 3.237556713504385009e+00
-3.985824889508505109e+00 -2.595118261834306495e+00 -2.636688831211955630e+00
2.590299708084826236e+00 -3.868296216636387008e+00 3.723068807651446210e+00
3.937263232577492555e-01 -2.415068457050323580e+00 4.251846824227736854e-01
2.645512330989552741e+00 -4.432635843872630987e-01 -7.593970465363648614e-01
-2.148637159350107739e-01 -8.703159413301030378e-01 -3.365958097884498734e+00
-1.557419233981081064e+00 -2.221654441614244746e+00 1.331243839017062225e+00
2.985763634605226091e+00 1.254971721259690476e+00 -1.852458903235396415e+00
3.011495430670327877e+00 3.564478997094021606e-01 3.996509498887038658e-01
-7.530692645832903764e-02 -1.896289172825186498e+00 -2.600261676066217831e+00
4.339115375064925284e-01 3.455024282349020925e+00 3.071532353532873572e+00
-2.307812389307631662e+00 1.771254668176994729e+00 1.698309417573127034e+00
2.260443642190554048e+00 -1.010177596055725768e+00 4.287238963336812425e-01
-3.489753617714599798e+00 -1.751666600516924133e+00 -9.182981792954532096e-01
2.646363074760192724e+00 2.667058772869248084e+00 -7.041313934217360293e-01
5.557548742545612708e-01 1.712230046572192244e+00 3.916479510001781961e+00
2.955618190899941045e+00 1.080945281759067150e-01 1.758544572710375009e+00
-1.718800346902186860e+00 1.407423279684338890e+00 9.499797625383799016e-01
3.269989882084846089e-01 2.291807136541600176e+00 -1.990646179945615657e+00
-1.998463672945612668e+00 1.696733876435840394e+00 -1.256423420018023984e+00
-1.561400992951951894e+00 2.786167122393462536e-01 1.063304709122846692e+00
8.166388849236766445e-01 -1.943369757113595053e+00 -8.958537336234787540e-01
-1.372537794045473047e+00 1.229727280209670592e+00 -1.986486891850335779e+00
-2.127129387153425810e-01 -2.994604824928973619e-01 -1.484675786237667383e+00
-3.080037537056325547e+00 -2.123103396446716751e+00 -2.578008631555215313e+00
4.109111718717322503e+00 3.803137512919311902e+00 -3.975312308518988980e-01
1.506020482430438623e+00 -2.584875622045553545e+00 2.987695168665301271e+00
-1.380046968818031017e+00 1.898129861610403202e+00 2.028267738770418660e+00
-1.261779738747182966e+00 3.113546006979562186e+00 -1.207737181218147438e+00
3.356407836601613681e+00 -3.706556951035408609e+00 3.365547624994354170e-02
2.231965904729277472e+00 -7.430125836161372010e-02 9.829503562233236069e-01
3.761857435753310330e+00 -1.041969197574745543e-01 -8.317029304469053530e-01
-4.938361695213689395e-01 -4.843736456505686183e-01 -5.275020320067376201e-01
-3.697585779744485102e+00 -2.792163846833432661e+00 5.333933441684881593e-01
-1.557547384031326310e+00 3.261633379415945111e+00 -2.321914622287958085e+00
-3.648585521332509352e+00 5.920053744180036048e-01 -4.794064817922737975e-01
3.899610998079817925e+00 -3.793824860023023327e+00 2.198222580891451283e+00
-1.052873864034654217e+00 2.709368594642509454e+00 -3.440884362744252023e+00
3.279265689352130586e+00 -3.095015956542882307e+00 3.016901939725157078e+00
1.616303541443052438e+00 -4.038587022941391602e+00 2.869379896323490442e+00
-6.596011664434984212e-01 -2.386139667363221140e+00 -1.845345713145551958e+00
-1.520788879667751337e+00 -3.195149034811463729e+00 -1.651840578025320472e+00
4.784023039943791633e-01 -4.094678848778649183e+00 2.259789014696318432e+00
-3.197823401640222940e+00 -2.707639986232869500e+00 -5.528691204684275107e-01
-3.888428197207434600e+00 -3.345227915004873154e+00 1.484445811792572734e+00
-2.751329272492190725e+00 2.841707040228552472e+00 -5.144693024237600998e-01
-1.519466627351293564e+00 -3.839477296457214361e-01 3.127861439519298958e+00
-1.494709488858376289e+00 -9.853957362792450381e-01 2.268375646890503639e+00
2.266699078435941761e+00 -3.103112269994077632e+00 3.053630830902848814e+00
-2.079865438521644183e+00 -2.543468146339009639e+00 -3.452105002111490073e+00
-1.818264184198269184e+00 1.357788714599313717e+00 -3.129319728037385229e-01
-1.047987489684178097e+00 4.607396191600596214e-01 3.307229755850458197e+00
-8.760493904486031935e-01 3.148466195964214176e+00 5.681444851243985239e-01
-3.466904525608696552e+00 -2.237226173963083209e+00 2.552073237315882537e+00
2.910397767930405166e+00 2.755162889617126076e+00 -3.359116029364693556e+00
-2.045967044550220937e+00 -1.637772268325814018e+00 -3.900833174018765170e+00
-2.979822387539356132e+00 -3.117810517481558019e+00 -2.412162141219043043e+00
-2.012522320349117155e+00 -3.802905513741929422e+00 5.119486120327185197e-02
4.799307541371745089e-01 1.229990591859017490e+00 -2.890668307071007526e+00
-3.140454233148194607e+00 -3.923635419848012340e+00 -1.826852114805531002e+00
-1.715376602901371728e+00 2.072031179067313378e+00 -3.840488489529663596e+00
1.550362677587483029e+00 -1.579863010841632498e+00 -3.121893710116013798e-01
1.964102606219215952e+00 2.107412631036881923e+00 -2.015977497062328427e-01
4.364877578045742723e-01 -2.140610705687430837e+00 -3.472045801211498972e+00
2.101749702288997046e+00 3.063752087285862569e+00 -4.101140778109935603e+00
3.394969386598123862e+00 -9.877041581673883242e-01 -1.137701016945033672e+00
-3.921471917702064047e+00 -2.731690376428941303e+00 -3.872241012261220305e+00
1.000764290301110193e-01 -1.276928684305222106e+00 2.406560359638411306e+00
2.238106349995415023e+00 8.555572479533296582e-01 -2.585971711700554287e+00
-1.002802725013388851e+00 -1.450315502901494247e+00 -3.454231746984438800e+00
1.902504448543088422e+00 4.452175588931549244e-02 -1.340801788529249139e+00
3.366947898379334614e+00 -2.417045886623337747e+00 5.394568252670370878e-01
-2.107658229018197549e+00 3.961573661175000538e+00 8.932053594198237079e-01
3.390496458333131180e+00 7.514839768357607364e-01 -2.815653730094286544e+00
3.842241714579953893e+00 -1.831042043306294831e+00 1.736449148894035677e+00
-1.039232484334973033e-01 2.673086938961186210e+00 4.054144590755098143e+00
1.543182445658640933e+00 3.576808607900933357e+00 2.016860472928777348e+00
3.399262829769416960e+00 2.449246826359263274e+00 -1.371930550790900760e-01
1.424725464145803366e+00 1.533008227985983352e+00 -3.208406844540378167e+00
-1.724403065128696566e+00 2.635444229026862928e+00 1.209436674595090633e+00
