8.220706914434900980e+00   8.220706914434900980e+00   8.220706914434900980e+00
500
-2.094377164431218574e+00 9.542068374013292775e-01 -1.859931016430793616e+00
3.717852298506276743e-01 2.611938013975616979e+00 -3.491808039601435265e+00
-9.870090442484433790e-01 2.215323852218532008e-01 2.204607836799161724e-01
3.878235796901108312e+00 -2.206483065619702977e+00 3.694936305646157493e+00
2.370968178751216904e+00 3.209418618805522372e-01 -3.565672805908305598e+00
-8.804302885440622450e-01 1.674727066872913950e+00 -3.593044878056209868e+00
8.388801674218026028e-01 -3.188736258476306595e+00 2.580626737414751570e+00
-6.507733305009655300e-01 -1.311711951087783490e+00 3.629135640108028582e+00
2.231350255771874735e+00 -2.992833420740463879e+00 1.161900883651137528e+00
8.578533841791402548e-01 1.223967486154161177e+00 1.640820673045598754e+00
4.110282710618656798e-01 3.906420193237208682e+00 1.263478020236570520e+00
-1.277560412721516547e+00 -2.505761055479943433e+00 2.514841216440375504e+00
-5.704728582385162339e-01 -1.282196083835956679e-01 9.978952508103904329e-01
-2.626687602509667929e+00 2.379804520726971628e-01 3.936868338150278923e+00
-2.957011632981497051e+00 -4.422827166737023363e-01 -3.772967456693747668e+00
-2.503878250894677748e+00 1.622623800583876452e+00 4.064464409489786156e+00
4.684384804734709751e-01 -2.329140521293304289e+00 2.711468528728842475e+00
6.157714550769677331e-01 -3.294042561400961855e+00 -9.990746796560595611e-02
3.795372109125993987e+00 3.020758353814633868e+00 3.266462224519557811e+00
-2.346234566854784820e+00 -1.518306859551222132e+00 1.400574089126047639e+00
-3.293574292092886324e+00 -7.026450031156566967e-01 -1.195476863540035017e+00
3.905446929024110947e+00 -3.021614686934003036e+00 2.053428796878951967e+00
2.892628020240848752e+00 -2.539434716031448769e+00 1.944015755882390950e+00
6.131668765030279244e-01 -9.945292308892726973e-01 -1.223376583267898221e+00
-1.026314185058931461e+00 -2.146075270897637388e+00 3.871699866038814886e+00
8.486937453135986464e-01 1.492325575669958715e+00 3.314062631655183999e+00
1.440656563624246100e+00 1.964885202963851496e+00 -1.078669861540146213e+00
4.135697655885408608e-01 -8.958213564317658584e-01 1.455116779448510478e+00
-4.471915983101824588e-01 -2.494433835437755320e+00 2.886911905969566927e+00
1.030333515856429516e+00 4.290792006605407827e-01 1.282607653147472160e+00
2.309428687078450837e-01 2.018192849015809642e+00 8.074992969360970108e-01
3.205777429069740503e+00 -5.907439734575070656e-01 -3.061867993072318939e+00
-1.238947022860437119e+00 -4.001542835610652382e+00 -3.816065709753348578e+00
-1.648798542870232753e+00 2.196741207573214005e+00 3.465314115609649193e+00
8.618403102528277016e-01 2.579273268271349284e+00 1.041127226624660507e+00
1.634448364464269776e+00 -1.139604590424988073e+00 -1.317770068208910406e+00
-7.718550982894063495e-01 2.311656122427034887e+00 3.773974363395646403e+00
-3.432502631903024959e+00 2.638253220757922346e+00 2.337940639500230233e+00
-3.169092991882499710e+00 -2.483479496467621228e+00 3.971450145549316080e+00
1.730346185985514484e+00 2.894130604789768135e+00 -1.613625070776073533e+00
-3.883348468878688564e+00 2.164607931537968266e+00 1.836174902534744469e+00
9.535629542615925436e-01 4.019127123104426325e+00 -9.407708764717511718e-01
-1.164001172587137978e+00 3.681133966372438060e+00 2.910408892292998484e+00
4.057626868505631812e+00 1.142343808578337283e+00 -5.082199487058269849e-01
6.551539449592824749e-01 2.049430708358875197e+00 1.710033774512879745e+00
3.384303328272365352e+00 3.578797024644475577e+00 1.809743633700563459e+00
-2.777285873574422137e+00 2.888078549568713904e-01 -1.351263831118964864e+00
-9.156378137143903473e-01 -3.080500779503872355e+00 -2.673421440471380084e+00
3.499739722261830277e+00 -7.102239546669565362e-01 3.427716322240960345e+00
1.564656674104406564e+00 4.030354863821846934e+00 9.879738466268306318e-02
2.244301618848525859e+00 -4.899503200109427414e-01 -1.999926795859181095e+00
-3.731541367308079948e+00 6.827563926992286092e-01 2.047562431443376685e+00
-2.856780069483308537e+00 -4.656393180750764693e-01 3.405186803965195352e+00
-3.455036850494830780e+00 -2.086414352144435824e+00 3.393887348135083748e+00
-5.456641906817174537e-01 1.360086485590222605e+00 3.470829187840160035e+00
-2.204860821070892207e+00 1.480482485235833590e+00 3.230890389915010541e+00
-2.391429614487172284e+00 -1.273448839636447116e-01 1.038585475336254449e+00
1.000386207077833767e+00 1.288945929782730371e+00 7.847482845350547409e-01
-2.227975349064483801e+00 5.278552837445642520e-01 3.193189881244560713e+00
2.749521639042336485e+00 -2.390105780446931394e-01 2.718607103999068464e+00
-3.200074272273621290e+00 -3.223090632636310682e-01 3.243478555667789198e-01
3.613266510797267461e+00 2.836627833301561097e+00 1.883727438420905953e+00
-2.513709354534327645e+00 7.840255637309277992e-01 -3.328406764504456827e-01
-2.603207842604618349e+00 -2.878915626979694942e+00 -1.816901791330265636e+00
1.034733616252441757e-01 -7.679327977848782183e-02 4.052064412778848101e+00
2.633327727648185679e+00 1.503542290613140597e+00 2.464242020858751658e+00
1.804187476298871662e+00 -1.649659644852618401e+00 1.465707522918231698e+00
-8.052135130146036435e-01 -4.681890659360212759e-01 4.072579093416806906e+00
-3.071258407929319034e+00 -2.573240748812456680e+00 6.038315720726145086e-01
-2.263788628250228196e+00 3.480614457082483515e+00 -2.559275842092270103e+00
2.415774540582791285e+00 1.876521125121776601e+00 -1.200077105723819981e+00
2.193409144272465916e+00 1.475937546493190755e+00 4.074862268336154059e-01
2.932255320602200399e+00 -1.947797894189410295e+00 -1.335428528014504179e+00
-3.320439935312692992e+00 -3.592909693842288643e+00 6.426406507802457924e-01
-2.355943806864485346e+00 -3.544838405805841752e+00 -3.344367146151370651e+00
3.848663670443234874e+00 1.362802131774601078e+00 -1.550492017047790494e+00
-3.301447565578702892e-01 3.448193380499822602e+00 -3.605826943800195306e+00
-1.093716574004880288e-01 3.067343637190788730e+00 -2.845567143855275649e+00
2.577153928715892217e+00 3.498096141730518749e+00 -3.621892826578894553e+00
3.013169053565978306e+00 2.624644695508210113e+00 -2.271383695026909955e+00
-3.090176936330914170e+00 1.169469972140745107e+00 -2.126891365386649024e+00
1.881474607050291681e+00 -5.919767076307742570e-01 4.074236443302666544e+00
3.048762197118863870e+00 -3.440274642855996046e+00 8.917576175741624978e-01
-1.436789978094931808e+00 -6.026540528610939695e-01 -2.657825060273784068e+00
-3.661076977646433583e-01 -3.669644214537900240e+00 4.410383344583435061e-02
-1.828064511896747124e+00 3.248929547201162116e+00 3.764842203028394785e+00
-1.381808107269869801e+00 3.798289396711537869e+00 -2.720580271432547104e+00
3.282164409875571565e+00 -2.402966796153036100e+00 -3.098580284003794816e+00
3.918598193702962806e+00 -3.540219141900604605e+00 -3.924689973322203596e+00
-3.950302557992959596e+00 1.379432795613583007e+00 -2.684946926562711500e+00
3.404554011330561902e+00 -2.192487123879639732e+00 -2.206479559381398836e+00
4.444160013424511835e-01 -2.814810122730904141e+00 -1.269927576242059653e+00
-2.489382416659338570e+00 -1.326793009145392777e+00 3.045446884164833445e+00
-3.252901249227033276e+00 -1.512138778863421962e+00 -1.737104201063479847e+00
-2.774897234261275436e+00 1.541112408914097287e+00 9.087723982147298818e-01
4.725542152702018606e-01 1.185120592403196449e+00 1.510388450784602987e-01
-3.784617582128285473e+00 -1.653985947541939838e+00 2.821638796610332012e+00
-2.846922064597591229e-01 -3.839194951567211689e+00 3.590952881253932638e+00
1.394086607789391863e+00 3.804837525024522105e+00 -1.747371230955095056e+00
-3.265410638886898642e-01 -3.440972178145941029e+00 -1.797807457436432221e+00
-4.172795608239818210e-01 3.804618437625301830e+00 3.060964615218075835e+00
-9.088475697579129209e-01 -1.616034458759188164e+00 -2.180199615462426355e+00
3.124171745997703198e+00 8.416858006568888051e-01 2.755379795040366897e+00
9.988423406906679070e-01 2.809581241672527430e+00 2.344849365683216447e-01
-1.214938756303910017e+00 4.066876501452370896e+00 -1.167822733725358830e+00
3.441820744225956741e+00 5.851767870198380100e-02 -5.289052027220107755e-02
2.213459663480123740e-01 -3.104688526102678647e+00 1.947031047166432494e+00
1.227441504216103985e+00 2.721961294273731458e+00 -2.478411871692205004e+00
3.526471619964314019e+00 -2.631363863238528999e+00 1.264086381613058085e+00
3.400458489005180773e+00 3.885280248080249521e+00 3.992905431856749399e+00
5.641710502429236884e-01 -3.147732154498593116e-01 -5.157832752714636149e-01
3.987434444645273857e+00 3.382440437423323565e-01 1.202269948843222025e+00
-1.939686126906438712e+00 -1.074963171193400596e-01 -1.831189023664757221e+00
-5.699492165091354229e-04 -7.943090275913355924e-01 -2.417964438460635357e+00
1.465651120169946475e+00 2.287685414163056485e+00 1.467491478397173754e+00
-3.143744536636799314e+00 4.761620671229813695e-01 -3.553214617024314403e+00
2.561117217883212227e+00 3.907417069813593269e+00 -2.460356897130598686e+00
-1.903231193348109862e+00 -2.922846021085029555e+00 -2.897980853474621643e+00
-3.586033716148140371e+00 3.499121813334319597e+00 2.700549198147364827e+00
-2.236718408331431540e+00 -5.475581474746811228e-01 1.909360725983257678e+00
3.628488493111327262e+00 1.703552214925395880e+00 2.279785144994572299e+00
2.593792698602432001e+00 9.470543741291661544e-01 -1.192040320490565852e+00
-4.760095676438485385e-02 4.758681876052068827e-01 -2.738092154670079825e-01
3.378585715536472467e+00 -3.004507054108288777e+00 -1.322622754935991685e+00
-3.842743455940253128e+00 -3.638073439306169998e+00 3.170810493493464666e+00
2.676472121102487112e+00 -1.278106810389553427e+00 2.774697102605057086e+00
2.953157582179269713e+00 2.251785330047010536e+00 1.863936241474832833e+00
-8.668118078011349814e-02 -3.804235489039248463e+00 8.527973988550404671e-01
-2.607445476006770679e+00 2.767686118717641364e+00 -3.774645209457425210e+00
5.502911536262178327e-02 1.346743440664918134e+00 -1.981090803993112770e+00
2.966412345745582435e+00 2.650126228309416909e+00 -1.517089235563477967e+00
-3.751599712632807115e+00 -3.334879976255504808e+00 -3.290799258018818119e+00
2.415165527821791613e+00 2.987677708818609723e+00 2.240883496055308566e+00
-3.798673364069693470e+00 3.665011057653649651e+00 -2.817831550979052579e+00
-3.729413424034864200e+00 1.749722944251216550e+00 1.118942800862743114e+00
2.499112694609982199e+00 -3.492992844363671523e+00 -3.171973362211391922e+00
3.834574284807148459e-01 3.793430233744451208e+00 -1.845624651869334665e+00
-2.336791415587841314e+00 -3.035800075366062778e+00 2.087041691229599483e+00
1.911142943400262473e+00 4.047890908237100627e-02 3.451078921407663813e+00
3.151138796869041414e+00 -2.066328470374053872e+00 4.863954182097851575e-01
-5.652152319287262472e-01 -3.214605263690484716e+00 3.932063575725730065e+00
-3.397339964494211717e+00 -3.454153480967309342e+00 3.865543019043260031e+00
-1.067360101432774794e-01 8.128538525496242784e-01 -1.242736235202887007e+00
4.105860980268006166e+00 2.433075858594907215e-01 -3.540404453860204637e+00
-1.833961800850234747e+00 -1.224974968156965494e+00 -2.300444989548103614e+00
-3.868893838851639622e+00 4.047269940201319471e+00 5.148360932424065339e-01
3.770377816916744340e+00 -2.140177127420106018e+00 -1.435057981282779949e+00
-2.010016115347155186e+00 -8.270230934391835653e-01 -3.954819628474049331e+00
-2.245301622323826685e+00 -3.152158627070243746e+00 -1.007221221349244189e+00
-2.165810504191740815e+00 -8.720944394599832172e-01 -6.010795214233451977e-01
-4.031367189201940704e+00 -3.792348456506942078e+00 -1.155927254152460781e+00
1.940488987129046272e+00 2.655163352829363443e+00 -2.949171829419371171e+00
-3.731115387407173856e+00 -6.396541040071846984e-01 -2.297438778522169489e+00
1.236289233970790047e+00 6.947656923069173152e-01 3.590126914374689449e+00
-1.179260113567743407e+00 -3.973143329711192884e-01 -3.427103421635104841e+00
7.441855567957283979e-01 1.247644251782829672e+00 -1.317189768707920816e+00
9.335369064619546409e-01 -3.419793009660217376e+00 -9.107681077629010691e-01
-3.096488426662150406e+00 2.443821530011351939e+00 1.306011319493025902e-01
9.173901275483561379e-01 -1.058114867220752764e+00 1.985253662970092314e-01
-1.831041641762322536e+00 9.122638857257415745e-01 -9.684343438635736323e-01
-1.390195085710623113e+00 2.907291657495731485e+00 2.691394132412298745e+00
1.002469746980437559e+00 -1.755427320655758683e+00 9.618905302717913886e-01
3.146139084720439349e+00 -1.511143036664456929e+00 1.817292802857360057e+00
-3.185782215469121326e+00 3.723373161937546527e+00 7.734347015846861906e-01
7.700343984752829884e-01 -6.956916466810722510e-03 4.840641513084026903e-01
9.217134708632240825e-01 2.606669371742907915e-01 -3.383347804630070232e+00
-3.399993965087017678e+00 -2.199497273546598297e+00 1.292422068916759814e+00
8.717702275271201895e-01 -1.594750990622081144e+00 3.229793811872214260e+00
-2.459967172688847903e+00 2.980252040323945639e+00 8.409407541682524245e-01
3.988058244381831319e+00 2.522878426286559339e+00 2.609226676353222363e+00
-1.519123637749808076e+00 3.425212112985305257e-01 -2.613145479206865129e+00
9.681114286538509972e-02 -4.416650525352598389e-01 3.300429098932606387e+00
2.661790250888387721e+00 3.867158259532167186e+00 -9.926738750107507725e-01
-1.040267316290009125e+00 -3.862667488338714428e+00 -1.919847217533071193e+00
1.044621029827125236e+00 3.349985972835468839e+00 8.949001116709298653e-01
1.371700940450161665e+00 -3.737992489753469982e+00 3.286089154383700528e+00
-1.407950530559189062e+00 -3.395955218082121529e+00 2.079671454780317674e+00
3.289569456913320700e+00 2.069194168496166331e+00 3.094733090839895784e+00
1.026815387477961083e+00 -1.774754886785622432e+00 -1.747630037922917490e+00
8.505335121170736201e-01 -2.529271860287367613e+00 -3.224669183526446492e+00
2.435050394085645775e-01 -2.460084988520983007e+00 -4.734214398697785264e-01
-3.073954841230271295e+00 -2.895363266967488691e+00 -3.606562244704665687e+00
-3.113139415405305588e+00 7.119754381287085598e-01 2.189046305453693275e+00
-3.210015493959780475e+00 -1.307491028115767673e+00 3.962319707787339773e+00
-1.482469599722852083e+00 -3.895645644950131437e-01 6.327717293399222065e-01
1.656590224952482204e+00 -2.358902383888955290e-01 -3.123736010705719934e+00
-1.530012753579211571e-01 3.011339395243977091e+00 1.072326723267873261e+00
7.777849179244420430e-01 3.434067139463488516e+00 -2.494316815674778809e+00
-3.114767722046521747e+00 -1.489839667998370309e+00 2.095974780774197299e+00
3.678533528043978151e+00 -3.650413172727430489e+00 1.536044695445721642e+00
-1.217902178352560316e+00 -2.914397313246692711e+00 3.456378598812108294e+00
-1.098881318195314760e+00 1.046759069761969974e+00 1.772486482256296014e+00
1.920257307149277004e+00 -4.082428347864864193e+00 -3.191927508460559615e+00
-3.610948752498099323e-01 -2.988451725425481431e+00 1.111481054509567468e+00
1.156888320860138153e+00 -1.190104220333976226e+00 -3.812212271534575869e+00
2.501424601285465954e+00 -2.475561007148387560e+00 -1.599458751328266093e+00
1.343514039952278250e+00 1.993820650103913961e+00 6.744354923823636661e-01
-4.097270906320884087e+00 3.095048897842462399e+00 -4.101864179886237416e+00
2.370537944305809219e+00 -3.044962304228993943e+00 -7.052740396759845654e-01
1.994092213618960052e+00 -2.746699124481892351e+00 -2.118935793458260441e+00
8.613675609247670728e-01 -2.482209650311800520e+00 3.646742872103183153e+00
2.957663699311885885e+00 2.487250063602982397e+00 7.391073399987431181e-01
-1.537558766539109278e+00 1.238258892243760956e+00 -3.046890156603150768e+00
6.785242507414548374e-01 2.104532316660760571e+00 -2.293964803869000590e+00
-1.831253531799789780e+00 1.916203608712133244e+00 4.627906046136151530e-03
-2.971517309661485307e+00 4.102170187585707062e+00 -2.636454286337939656e+00
6.218227282578188131e-01 -3.602340565783434645e+00 -2.346272568207668385e+00
2.101739639049296393e+00 -3.012291358610533099e+00 2.118238410545861150e+00
-9.725894175270338726e-03 -4.018495756012969267e+00 -7.563619508198954344e-01
-5.102486077178131074e-01 -1.664133884433640409e+00 1.650112443827038033e+00
2.305270445566540261e+00 -3.594166812677680234e+00 -1.788832829112320111e+00
2.675271176861740319e+00 -2.137213522611304928e+00 4.105984983590410309e+00
-8.402553491782330797e-01 -5.851692581290248718e-01 -2.028841753733093611e+00
1.933972769994900975e+00 -6.055932089869637824e-01 2.854104567490246325e+00
6.629892480329370175e-01 -3.109803320739169763e+00 -4.007167579317132855e+00
1.310886593240559339e+00 2.542589332617974041e+00 2.254700597758714675e+00
-6.701643223531198457e-01 -4.064393297201444710e+00 -3.107495486343156088e+00
-2.544193363820980824e+00 2.306617370191648142e+00 3.149131972589531259e+00
-3.877996937670127320e-01 -2.833771037642695223e+00 -9.653791660620311688e-02
-2.972812133740993179e+00 -3.077013687068806735e+00 2.925589918854493376e+00
-1.105333123503166481e+00 -1.370432027628083693e+00 -7.173949676179015578e-01
-1.926615044781215147e+00 2.768961173283905897e+00 -2.997660876217556059e+00
-3.049899768746357154e+00 6.910109338200347562e-01 7.505086414577184506e-01
-2.709479390807450816e+00 -9.231923859692127143e-01 -2.422731212618508767e+00
-1.328753649724611907e-01 3.401583137917965516e+00 2.043245582810491623e+00
1.176667831931929253e+00 -2.216950431429267176e+00 -2.518714947429293360e+00
-1.976520134305218113e+00 1.273350558843679980e-01 1.181760924008393165e-02
-3.339120880168214178e+00 3.162372822113513227e+00 -3.432812889536837275e+00
-1.924325561942658913e+00 3.525336054651124762e+00 1.685168813717036418e+00
-1.652481295218980240e+00 3.618166087505680029e+00 -6.353348315619743170e-02
-2.242296951824124529e-01 -1.594909869781797163e+00 -1.533963918907826240e+00
-2.191646299912533014e+00 2.991417541331176988e+00 2.642692932824504126e+00
-3.402124374178210786e+00 3.433068726819823002e+00 1.330957037804627818e+00
3.683053916647183179e+00 4.009436499742470517e+00 3.169809682829863640e+00
1.491395508870605902e+00 1.260917570216766759e+00 2.257774123361108831e+00
-3.288782531188669811e-01 1.377384228272814370e+00 6.152880570374203995e-01
-3.308624311678686869e+00 3.634394385146165529e+00 -8.681326567807124972e-01
1.230239215089726335e+00 2.901098155897654074e+00 -3.759345049742138123e+00
-5.397106078993758604e-01 -2.611564048490675027e+00 -1.086673049148847658e+00
-2.806333333772608740e-01 -1.902550225826038943e+00 3.794309028780995963e+00
-2.951864163154801712e+00 2.472062634710851803e-02 -2.369039908903888492e+00
1.405135966307724971e+00 2.577754456719321685e-01 2.001317720628527752e+00
1.125403302640282988e+00 -2.160303746786095047e+00 -3.929873364272760128e+00
-3.855850436562928696e+00 -1.240513585314960032e+00 7.222671500806512324e-01
-1.748630653649458022e+00 1.631303407047501042e-01 -3.891098853120691370e+00
-1.537275999571619201e+00 -3.355091871987482932e+00 9.990446658499300137e-01
-1.962710673481165458e+00 -2.067179432078082524e+00 2.326594900601129279e+00
2.979714979465633906e+00 4.000270068605913387e-01 3.366123341432544436e+00
-1.909392846796723386e+00 -3.523969642655445877e+00 2.981509738940173460e+00
-1.761500128072460980e-01 -2.929639576352061625e-01 2.315330903706793730e-01
-2.671068735191577392e+00 2.855300090292339554e+00 2.063139153371504442e+00
3.013990424607935648e+00 -2.503649281855753195e+00 3.293399561890239191e+00
1.522608120512173091e+00 -3.085687515271651638e+00 -3.708226814738228572e-01
1.660371931540032930e+00 3.638236759717284330e-01 9.964029748244694618e-02
-3.560694042994933195e+00 2.131298176244365461e+00 -3.321715846537553585e+00
3.875326472693664481e+00 -1.319304781973056784e+00 -2.005064780351392795e+00
3.559481857986053654e+00 2.406402682516012526e+00 -3.370729444624521065e+00
-1.614111497127933115e+00 2.658363758100701801e+00 -1.555672641077664231e+00
2.543864110736136386e+00 1.692780569214333175e+00 3.402149717861199019e+00
1.092570620571500672e+00 2.206557355220496230e+00 -2.957918764205706430e-01
8.163905962825904750e-01 -1.676397252238691404e+00 1.997552268639686712e+00
1.180897195634524222e+00 -5.722981191086522479e-01 2.121032647043283870e+00
4.040607593245974627e+00 3.371894709106147692e-02 3.043579795503874585e+00
1.913005394643207957e+00 -1.136341683988956852e+00 2.127588229181504254e+00
3.269273676395767048e+00 -2.862378421910610538e+00 -3.646147246468944281e-01
-9.352407776204744172e-01 5.614093847621839384e-01 -4.547224603497602158e-01
3.195539033291277864e+00 -3.880232480295793707e+00 -1.774320366276631589e+00
-2.893987761044831686e+00 -4.053766520047182631e+00 -3.955603478412383911e+00
-5.005627789478589440e-01 2.857488504472394109e+00 3.008664423006495614e+00
-3.054457107582970288e+00 3.137152158495253307e+00 3.297420797516140922e+00
-1.022038430696891265e+00 3.079127841606398075e+00 1.944227451104991067e+00
-1.087510075461994158e-01 -2.797401241023298901e+00 -3.456833689468217230e+00
-3.439348153287348886e+00 -2.056565249014218999e+00 -3.425763606299272457e+00
1.501016053110643789e+00 -3.196092544835004823e+00 -1.600475715487303940e+00
1.390486973667699910e+00 1.283439998189482401e+00 -3.973315247790357052e+00
-1.025589172994987308e+00 2.082836732769212329e+00 -5.377495358300797834e-01
-2.425198264186172459e+00 -2.595374155346979350e+00 3.731731653246395553e+00
1.824832481982121113e+00 1.385853387752897126e+00 -1.656097567971176909e+00
3.590363049642420368e+00 3.264685386046812798e+00 -9.738357035712160714e-01
1.348008810460317175e-01 -2.957841135615198791e+00 -2.500206042456837974e+00
3.529158205170752627e+00 -4.019721628685273274e+00 -2.689316387210230364e+00
3.530258820936497788e+00 -1.525815116101297164e+00 3.318331705554186772e+00
9.941526567564848982e-01 -1.398171455872126323e+00 -2.849674813094329462e+00
2.962156184740646570e+00 3.683697540936491155e+00 -2.214040923924651683e-01
1.400547880290402780e+00 1.223983423916757962e+00 8.726455934553842275e-02
-3.995406109748653289e+00 2.736292142032469510e+00 -2.730554581799833791e+00
-3.154451678506902113e+00 -3.156376798290144947e+00 9.305054791151706750e-01
-9.174630356046983293e-01 1.395863071401198363e+00 -8.579582727871714054e-01
-4.887122827443965978e-01 3.855850233584727782e+00 -2.308533188868218122e+00
4.467882330998958207e-02 3.679700668090321702e+00 3.893597938866888430e+00
-3.776579627195097988e+00 3.797217209917411740e+00 3.692619520765008545e+00
3.643599913904038257e+00 3.411993480892523412e+00 -3.309916183019153024e+00
6.029646078730724890e-01 -3.149263372958397866e+00 1.041004205434458374e+00
2.791759638795427545e+00 3.388904028468584517e+00 -1.562576029345076112e+00
-3.368314046481116986e+00 1.440486275721441611e+00 -1.121288862170244371e+00
-2.267571426205020335e-01 1.320902837418554077e+00 -2.918208454974524635e-01
-6.325422170755261586e-01 -5.278890118099245354e-01 1.690350687401747987e+00
2.368898500721009270e+00 -2.650557299181112825e+00 -2.880828590817527513e+00
2.459642444232221781e+00 9.897715981658932183e-01 1.460385306139003747e+00
-3.024710638393109940e-01 3.154026168943515174e+00 -1.950025603642309369e+00
-1.092884091937681657e+00 5.245259680078304676e-01 -1.264876139693046575e+00
-3.226040835830093378e+00 -2.842360494184981601e+00 -1.322968106958863022e+00
1.708160982587751509e+00 1.884476980320459738e+00 2.864972123832038253e+00
-6.803260001911916044e-01 1.951664069409031921e+00 2.765172996432791575e+00
2.532776424486291589e+00 3.846979009280808715e+00 5.571395601568456257e-01
-2.477088122224119004e+00 9.941312647937871061e-01 -3.043450209523288486e+00
1.787959994650288431e+00 1.515959472197591973e+00 1.165763739434591884e+00
-3.438131540339580683e-01 -3.878857290636691157e+00 1.988750189830909898e+00
2.654799115522289421e-01 1.983311538888404613e+00 -2.880896067800219340e-01
-2.078409765784949403e+00 -1.983091083062932469e+00 -2.651544053368311005e+00
-2.595946865195036146e+00 -3.948561936235664760e+00 -6.917170638132963401e-01
2.078099941820183538e+00 2.141651145172544179e+00 -2.184972511902802950e+00
-1.911494279081862757e+00 3.582535795049928140e+00 -3.518586174853234549e+00
1.505549768962617607e+00 3.675854877158916789e+00 -2.599337490734146439e+00
2.829151931477316140e+00 3.956645499377413167e+00 1.456136202798050672e+00
-9.570503221491023504e-01 1.026417119536688016e+00 1.621723073701195617e-01
4.372076359139157736e-02 -2.631335629800512610e+00 3.816056151560095255e+00
-9.192869432028459853e-01 -1.999101559073173107e+00 5.497889435891580856e-01
2.924611465996975301e+00 3.755721896879727684e+00 2.548129421427335561e+00
1.928347432083370894e+00 -1.149534014253428937e+00 -3.398188747079995409e+00
2.038535173348581808e-01 1.984777532404129463e+00 2.714484053420013421e+00
-3.450734843030793364e+00 3.992521765861631433e+00 1.980379762819439282e+00
-3.745760888820630630e+00 -3.595371641740792601e+00 -1.210870452947916953e-01
-3.269213924840582486e+00 9.895749918518136345e-01 3.781809413200530212e+00
-1.666680543735086450e+00 -1.488778886828142189e+00 3.476964803352580180e+00
-2.408409791207045264e-02 7.499963135965168615e-01 1.131801279436108754e+00
-2.275280017643614539e+00 -2.295355703298833649e+00 3.002086958595494348e+00
-6.003396693609744927e-01 2.353028648688331448e-01 2.344652782114672984e+00
-5.339336878359199901e-01 3.605255454694863637e+00 1.218535386811510635e-01
7.192082640138790506e-01 -4.704260229707904473e-01 -3.747318693574782866e+00
-1.164574688102915312e+00 4.009558506004188949e+00 1.661131411447791750e+00
2.119887082592383898e+00 -1.755602624001547873e+00 -2.113192412484252714e+00
-4.104634254376367530e-01 1.562238736262507643e+00 1.463519281649809045e+00
1.347476549204122742e+00 -4.347041995357630584e-01 1.086976402672411579e+00
2.076706840558639744e+00 -3.921761969325894714e+00 1.615107955631098768e+00
4.907353134074918799e-01 2.420192363649691369e+00 -9.977510070468599279e-01
-4.042458128145625551e+00 -2.937094324775997300e+00 3.587270361615783720e+00
3.450495744062229697e+00 1.295463586729855621e+00 3.557503993474261161e+00
3.580191418088448652e-01 -1.029383184061171408e-01 1.992967069387245882e+00
7.662140312900787009e-01 6.767723042251553300e-01 -5.467364275322400546e-01
-3.225864676575358914e+00 1.727134057751344098e+00 1.866989744001031015e+00
1.385896054334168070e+00 3.071398321580335988e+00 -7.570152028771786057e-01
2.056135946691385552e+00 -3.940710877723767602e+00 -1.086917749482575024e+00
-3.945606512693907497e+00 3.845296302094637353e-01 2.393846830743985854e-01
3.094574330873515855e+00 -3.152767131712935100e+00 -2.623460779273992127e+00
1.326065350711800317e+00 4.019646184392748900e+00 -3.783819565158389242e+00
-3.001666473190038875e+00 8.618731000804250586e-01 1.453982269315327258e+00
3.963720803450785368e+00 9.182914133413186963e-01 2.590681723177058693e+00
4.074669579203193948e-01 2.625283363032717254e+00 3.150453680132164536e+00
-2.893290629292971872e+00 -1.430786117365994370e+00 -3.193546092847048268e+00
-2.472734371778879225e+00 3.792583297287080768e+00 -1.654443344698655061e+00
-7.997823102497843006e-01 -1.552667578616159449e+00 2.978258916945704549e+00
1.012842797436047881e+00 5.275442925985651677e-01 -2.396294600436859046e+00
-2.310537058547057487e+00 -3.727116927413959058e+00 1.509882996745722572e+00
-4.061125618199984189e+00 3.259701899139571424e+00 6.824307472476033309e-01
2.423042759734045593e+00 -2.006912540889006280e+00 -5.454700252622792789e-01
-1.919869492929193955e+00 3.662225206903280572e+00 -8.409853474875443879e-01
2.860829048452972145e+00 2.941851990375387693e+00 3.364952604789818391e+00
4.333435432834235601e-01 -4.014165627172625150e+00 -3.752323557985486335e+00
-1.560726039701484824e+00 1.029174204662181236e+00 4.059122859287128904e+00
-3.297541884039587146e+00 -2.699593873283916423e-01 1.514522844136038104e+00
8.248230217685333931e-01 -3.569462383713678522e-01 -2.053777280909745873e+00
1.253878229577940207e-01 8.148697406140709143e-01 2.049764447639095266e+00
4.032486216495559717e+00 1.765288178310063127e+00 -4.063078587531941288e+00
-3.771765258834564039e-01 2.693273401108122300e+00 -9.906154120892791681e-01
3.464996480365935660e+00 -3.018143028160371055e-01 -2.015891399766543746e+00
2.796224555125620626e+00 -1.319024824953539010e+00 -2.634708579811849471e+00
-2.623025750702225434e+00 1.707558300228423587e+00 -3.612300388445859323e-01
-8.332445376172175067e-01 1.933776152952284777e+00 -1.582016530540329979e+00
4.446793801601419543e-02 -4.414940089743120410e-02 -3.160077331759366448e+00
-3.707282817629164118e+00 -3.543882150566104450e+00 2.376345074285974412e+00
-4.076894512207114296e+00 3.458959105808146806e+00 1.656154818246065696e+00
1.735422281733661976e+00 -1.675658921039280713e+00 3.967078006294937342e+00
-9.301629379219756855e-01 -3.609142003199562243e+00 2.924742519769566229e+00
3.348898920558927905e+00 3.399297156391700270e+00 -2.413983512134260323e+00
-3.977424225653267698e+00 2.044114251103017921e+00 -9.475058647945741597e-02
-2.252872369011855724e+00 8.625467956449223150e-02 -2.934945003856176626e+00
1.443586635269598295e+00 -3.601657010672232762e+00 -2.490383087563456055e+00
3.992343246069557927e-01 -1.512383853660534738e+00 -4.017650001755928457e+00
-3.387585634618079933e+00 3.078797046771982959e+00 -1.809138013968034198e+00
-2.660835965071603137e+00 3.786740799176634198e+00 2.384582970567652893e+00
2.154078007548228535e-01 8.305035014975911123e-01 -3.745864031879372558e+00
-2.558463688265798286e+00 -2.766580181347127798e+00 -6.254154201730588447e-02
-3.518688518447211089e-01 -8.415854567254359431e-01 2.429771676703682992e+00
-1.171006628499993596e+00 -3.134587859436054558e+00 -3.570229018964790502e+00
-1.542023393700090006e+00 -2.564197620764485652e+00 -3.492370994111304583e-01
1.970686608480211710e+00 3.137994133896079507e+00 3.521364531091253358e-01
3.279658740963777852e+00 -3.231416203105356377e+00 -3.478954716809580905e+00
3.481848527190993803e+00 -1.765932564013797723e+00 -3.402927365866689757e-01
8.129679827517565238e-01 -5.305082857483691683e-01 -2.910068542013984239e+00
3.146954633999463180e+00 -1.603052545868808854e-01 -3.813870154481012076e+00
3.533845196736389027e-02 -3.603266442286055415e+00 -3.148496876357180785e+00
2.835665405936192318e+00 1.703155565011384320e+00 -2.957216489324317465e-01
-1.230261639734574697e+00 2.067793864169418683e+00 1.245229638882237033e+00
-1.003152704320868560e+00 -2.198760346408172861e+00 -3.036247655930345068e+00
1.558294252409559322e+00 5.264747390795961879e-01 2.750742010653485448e+00
2.370440106142435166e+00 9.602447444009128974e-01 3.911300265865109704e+00
7.985975897667343393e-01 3.213465874078319739e+00 2.500971181693933065e+00
-1.584035000010669325e+00 -1.359660905728853758e-02 -7.058181279395759899e-01
-1.434421101069185855e+00 1.428174656111773411e+00 2.819814951033199790e+00
1.690102181076388987e+00 3.513846086769668364e+00 1.225015383966732374e+00
-3.599968675076307356e+00 2.110724990286150238e+00 -2.009634070760047297e+00
2.713168226633941860e+00 -7.278686748859656275e-01 3.770378367856101587e+00
6.605864195645574921e-02 -1.507337574999370933e+00 4.457271950501623947e-01
4.869488203605663035e-01 -3.613620757092592228e+00 -1.500628972934542116e+00
2.613040230722100343e+00 -1.964116866553641261e+00 1.191029988127294104e+00
-7.606007714957128130e-01 5.323975663059630214e-01 -3.575797108656596279e+00
1.976537256552905353e+00 -2.036196852886148267e+00 -3.220825576682808666e+00
-6.633338888590009086e-01 -1.107727434935826261e-01 -2.746464508907874968e+00
-7.818040895416055180e-01 7.393432103962270796e-01 -2.545174884235631207e+00
-3.909823455787877045e+00 3.009100260782320735e+00 -3.397228736851369835e-01
1.546218870410814628e+00 2.104331627897944479e+00 3.954391796594863617e+00
-3.087982019581373194e+00 2.428053034927986076e+00 1.235175841898890736e+00
-3.942249119523993262e+00 1.280690370991612648e+00 1.882248177484366680e+00
-3.338957480523653931e+00 -1.643037930360851662e-01 2.556887988116406163e+00
4.887173971236934839e-02 5.936073688914857982e-01 -2.418328183239289775e+00
-2.352343062941107288e+00 1.917528906300224545e+00 -2.874157672286567600e+00
-1.344904646904894419e+00 -2.108073476692533088e+00 -1.334113669745323527e+00
3.582515645007881666e+00 5.014745655397210289e-01 3.987698730838592276e+00
5.238619994705742133e-01 -3.486229402257414733e+00 3.366472222516829760e+00
1.982892542974143080e+00 2.628820916932351093e+00 3.189054824930170451e+00
-3.969597461417057271e+00 -2.498408367792234408e+00 -2.710079422559449558e+00
2.474459902195078609e+00 -4.085504194432488134e+00 3.797239311556769081e+00
2.286943385319941957e-01 -2.342308669748584204e+00 2.977452694319795423e-01
2.304073830325973127e+00 -3.248908645153766317e-01 -8.912216218039785698e-01
-1.612767563596536821e-02 -1.011903834103349276e+00 -3.478332244190030842e+00
-9.569870784566240074e-01 -2.706068751234750103e+00 1.773849427121016786e+00
2.841480012030219271e+00 1.429735876791978999e+00 -2.079274977351748266e+00
2.687700567856406320e+00 5.479689667716609591e-01 5.359195958480533761e-01
-2.373892098238253867e-01 -1.666412035705679973e+00 -2.966907387373705962e+00
2.997396882905129512e-01 3.436844291457289202e+00 3.157945655032370347e+00
-2.449325290274197986e+00 2.087590861855979529e+00 1.828260961865518786e+00
1.978721380416192277e+00 -8.735158330871506394e-01 3.290277650064056258e-01
-3.768775044930900098e+00 -2.132788430954402514e+00 -1.023108800950959019e+00
2.530029435306299757e+00 2.593756555703270905e+00 -5.408258851903038344e-01
5.309957837875749487e-01 2.201078718724251981e+00 3.934163335464911704e+00
2.589895477556701131e+00 1.838562653420125759e-01 1.894785626710779658e+00
-1.833666239767422823e+00 1.626498709359857076e+00 7.850718874373179279e-01
4.248073755331528700e-02 2.239366019398501884e+00 -1.798448971532190521e+00
-2.125423182719076820e+00 1.880839975160516930e+00 -1.252084124505476570e+00
-1.454948856663877965e+00 4.685567951260867781e-01 1.099905071846263072e+00
7.587927665899180107e-01 -1.888824962009141073e+00 -9.075936765142951224e-01
-1.078303670419055393e+00 1.071698568383539829e+00 -1.876032384396538744e+00
-2.171710264979897498e-01 -9.374008415009951745e-02 -1.462423761598844019e+00
-2.823898208321259151e+00 -2.374859343623128893e+00 -2.473726732235029591e+00
-4.068012160501555563e+00 3.885154629460064513e+00 -3.350831946270278472e-01
1.258636114299569009e+00 -2.696558610963720515e+00 3.088325734968570213e+00
-1.716360627800819882e+00 1.682085979165932166e+00 2.033112983321617051e+00
-1.235406950030023543e+00 3.231421660256575290e+00 -1.117028776339706209e+00
3.487610624304395834e+00 -3.922041705552097302e+00 8.174351893016475190e-02
2.250252558192446628e+00 -1.578906438962773551e-01 1.070758177144490952e+00
3.618502559022196419e+00 3.773624701046845997e-02 -1.067990703312956757e+00
-7.448667303500077219e-01 -5.075720184952261516e-01 -7.825732151600020003e-01
-3.807418910063500306e+00 -2.864854729274077361e+00 1.481754462933072558e-01
-1.240199178782054990e+00 2.722809163488406181e+00 -2.327506942688453151e+00
-3.375689212270750250e+00 4.082780370400801440e-01 -6.262140179642751159e-01
3.857044950415518425e+00 4.083832692632169525e+00 2.348733364329795847e+00
-1.001319473472570554e+00 2.784184940538358966e+00 -3.399079063648869692e+00
3.336665127424797372e+00 -3.335960415746119789e+00 2.854655465661912750e+00
1.723162233463827242e+00 4.099306847786903241e+00 2.572300037181222354e+00
-3.200198115857485481e-01 -2.401630126808791399e+00 -2.067221284903117517e+00
-1.518337415621797915e+00 -3.088751167644412376e+00 -1.619556843306580562e+00
7.991521588803411902e-01 4.080709854071879583e+00 2.465781400571048110e+00
-3.361076386440467356e+00 -2.749934476675502726e+00 -4.867943992193305980e-01
-3.702426028083501297e+00 -3.274569543292075391e+00 1.552485000370950941e+00
-2.524965133190499866e+00 3.081511854054472366e+00 -3.549971952706453826e-01
-2.012118543106662827e+00 -4.977142736605845719e-01 2.916556005259376416e+00
-1.532800253956248637e+00 -1.362649085097540569e+00 2.388180708121164120e+00
2.147026258319307601e+00 -2.934818071013645113e+00 3.160230826181892549e+00
-2.328403381171285869e+00 -2.740975513309229949e+00 -3.719723082403123104e+00
-1.650334302389483199e+00 1.126983160762808023e+00 -2.483597586449621530e-01
-1.201783329859649863e+00 1.488205338480837470e-01 3.459551481704249642e+00
-1.129035908659647314e+00 3.113749520004717830e+00 8.880276637243502691e-01
-4.056061635265717946e+00 -2.574680512670498356e+00 2.766336996832825079e+00
2.731506133091506250e+00 2.931300454241795084e+00 -2.979478606893032122e+00
-1.794609462295475577e+00 -2.209927701570077119e+00 -4.017255862606941008e+00
-3.151222697868521383e+00 -3.033633097855517047e+00 -2.908227829208631654e+00
-1.933031846882081961e+00 -3.585109770592629364e+00 -3.373217877702160833e-02
4.773657011083487500e-01 1.473176483892175037e+00 -2.877076276111064423e+00
-3.186932374720268690e+00 -3.772863421096741110e+00 -1.783218437021064418e+00
-1.829049054888291170e+00 2.096313701825105458e+00 -3.569105805532187148e+00
1.527102860174761156e+00 -1.666900956476357276e+00 -4.460518062312108789e-01
1.946576429184636359e+00 2.160323233500755169e+00 -9.882517137431864884e-03
2.572083375002041095e-01 -2.164231714913095406e+00 -3.638002893008948746e+00
1.950446407100619339e+00 3.179629140483438920e+00 3.931858102135523669e+00
3.353064799195126344e+00 -8.910168302721415134e-01 -1.151076050741619561e+00
3.959112273345375854e+00 -2.734719824733904847e+00 -3.794247576018534573e+00
2.373090088702612399e-01 -1.207121631791017169e+00 2.924684091624904170e+00
1.957516479668405252e+00 1.120398979374119142e+00 -2.534784053949017846e+00
-1.432511223258271071e+00 -1.498834738198892458e+00 -3.544816146773086984e+00
1.634756430205726252e+00 4.571930845411805722e-01 -1.320863182946867775e+00
3.621079368906026552e+00 -2.805729019071480312e+00 4.773806843452657045e-01
-2.025605556291728337e+00 3.935241518129854121e+00 8.050758044394555890e-01
3.926888033151961110e+00 3.625336916139205723e-01 -2.521718559198554477e+00
4.039787826317507324e+00 -2.209049965129200377e+00 1.748498987235569624e+00
-5.310875170929664491e-02 2.876571650571341898e+00 3.956573655640306164e+00
1.575671289762510696e+00 3.393533905344622958e+00 2.033207078752554686e+00
3.467668669678610538e+00 2.845836431261871802e+00 -8.586482865224312477e-02
1.355730244854455258e+00 1.067269010931614748e+00 -3.125911755704375405e+00
-1.802803288273377325e+00 2.709452119577159479e+00 1.391827657068327007e+00
