8.220706914434900980e+00   8.220706914434900980e+00   8.220706914434900980e+00
500
-2.227319150350205224e+00 1.001875777173329762e+00 -1.742539498978578294e+00
3.014381202352370837e-01 2.594606558949904773e+00 -3.544290528761826931e+00
-1.044710286136359301e+00 2.694386490660701794e-01 8.824102908320406724e-02
3.878235796901108312e+00 -2.206483065619702977e+00 3.694936305646157493e+00
2.296269915300271247e+00 1.546112205980219867e-01 -3.839370403403449039e+00
-9.714343938529470535e-01 1.683317324443166507e+00 -3.814451288216723857e+00
8.788654155419920455e-01 -3.069384662983847711e+00 2.671731434653364712e+00
-5.163176851501596332e-01 -1.372467604330076973e+00 3.602094903881811305e+00
2.307379875960688498e+00 -2.943485236105888081e+00 1.100995417007265997e+00
7.549190483109162741e-01 1.243983137201528200e+00 1.546518029609421641e+00
4.742112813719183695e-01 3.730493823963382916e+00 1.121332257880232275e+00
-1.174992571222134741e+00 -2.397199638513265008e+00 2.530075639716807601e+00
-6.917782590845125146e-01 -2.830273104307318155e-01 1.058905847737654504e+00
-2.646854854469262719e+00 3.325604261128046746e-01 3.903943161015252183e+00
-2.907701961808002888e+00 -4.326835929766507660e-01 -3.847672923048100380e+00
-2.503878250894677748e+00 1.622623800583876452e+00 4.064464409489786156e+00
5.490315400542160607e-01 -2.332225963242148481e+00 2.695355392426971530e+00
3.824427720376335493e-01 -3.365862195412057556e+00 -5.089838060973543576e-02
3.767238219935405308e+00 2.985985065443273356e+00 3.349105044603206682e+00
-2.292460300025514375e+00 -1.612939061482377978e+00 1.462770131239073512e+00
-3.351775009724601073e+00 -7.482517400193143819e-01 -1.353007022125760184e+00
3.966709018122348773e+00 -3.031476103344487694e+00 2.119525017321036930e+00
2.907142637242915217e+00 -2.583614394807634884e+00 1.955923131942020499e+00
5.139830024166557321e-01 -1.180057528688756019e+00 -1.175207860121589620e+00
-1.107110930874983801e+00 -2.126484327157855958e+00 3.911054441925212011e+00
7.735547014486813255e-01 1.488066517897825181e+00 3.293325732034167341e+00
1.262051377471126612e+00 2.003024389131192518e+00 -8.838171325852026694e-01
5.197530214650594171e-01 -8.776688210603292850e-01 1.395539290914347808e+00
-6.477099202554896795e-01 -2.546358239775611487e+00 3.085710289120676020e+00
8.868113500986161135e-01 5.388308457553410147e-01 1.400579724856160002e+00
1.644115881329352158e-01 2.058590705079809791e+00 8.548957117872063582e-01
3.177658940376295149e+00 -6.105736500562365388e-01 -3.055889073588295535e+00
-1.469352100077837786e+00 -4.016251857673089454e+00 -3.690618459725292677e+00
-1.697065180577651544e+00 2.157965749981645587e+00 3.456817034935982136e+00
8.961407139827002322e-01 2.459683761608562058e+00 1.014319195992414047e+00
1.634448364464269776e+00 -1.139604590424988073e+00 -1.317770068208910406e+00
-9.936889249655953549e-01 2.223152140778139607e+00 3.611529882778899747e+00
-3.534861027446134951e+00 2.849314382357897024e+00 2.276623244397603330e+00
-3.058365911472182841e+00 -2.355048056713127558e+00 3.917326611209549725e+00
1.578937686805554907e+00 2.986865714685580819e+00 -1.719559515395881810e+00
-4.035130993006410094e+00 2.126253330747993164e+00 1.735973727356066920e+00
9.856009621985845071e-01 4.019843216470039060e+00 -9.574759531137175816e-01
-1.103365839597679310e+00 3.701844776786410218e+00 2.904807563249981239e+00
4.001168610010442883e+00 1.215913061770510950e+00 -3.289917487005620811e-01
7.633026921113308383e-01 1.868738276337551074e+00 1.519050838865279474e+00
3.499051764034767142e+00 3.694965788471061163e+00 1.760487028685169930e+00
-2.860980946515022882e+00 2.577150083990830676e-01 -1.453534864192840503e+00
-1.170239948384302453e+00 -2.927022706466186897e+00 -2.749213157659309292e+00
3.286521588625563428e+00 -8.927102218465736705e-01 3.250384263083782699e+00
1.772661199900446682e+00 -4.034370725035806515e+00 2.038675681338195100e-01
2.212213114760957833e+00 -4.973174767678925634e-01 -2.190590403670177988e+00
-3.636635371677915618e+00 6.776922780016672032e-01 2.121113130520373424e+00
-2.843849820305828668e+00 -2.892409382531841433e-01 3.491841392438586933e+00
-3.496470774065327802e+00 -2.164770534636438537e+00 3.500709385588996803e+00
-5.686789610727681632e-01 1.421112348050185270e+00 3.570199109306392504e+00
-2.022667127696172074e+00 1.453312870198899320e+00 3.030748911758882169e+00
-2.302879674095963836e+00 -6.571390828333251166e-02 1.023213750190461901e+00
9.046490970750269422e-01 1.292798021499426353e+00 8.561325365756077277e-01
-2.210909724241731489e+00 5.187261399108897830e-01 3.165427618789494524e+00
2.795511804644463805e+00 -2.556646876737198593e-01 2.896272394087878954e+00
-2.996008295100826224e+00 -1.084715023866079930e-01 3.104390544253715634e-01
3.687668697892618752e+00 2.863173856632455827e+00 1.913465121864533547e+00
-2.329999249814734608e+00 9.115546727455412501e-01 -4.445937155439556032e-01
-2.479529599289995723e+00 -2.836392846734538953e+00 -1.757538647766455853e+00
1.876732203798396337e-01 -2.572590143562993870e-01 3.976913195301444937e+00
2.499938915649196236e+00 1.285707807190062502e+00 2.538457276912925220e+00
1.822344101888087931e+00 -1.580716020892201312e+00 1.475871761381188918e+00
-8.722228264425351263e-01 -4.468429018301978695e-01 -4.056007501907219037e+00
-3.157120767515575466e+00 -2.879788258722673966e+00 6.283459831070713486e-01
-2.216267851341525486e+00 3.452810510155523094e+00 -2.420290795143808626e+00
2.382573730969987924e+00 2.012634857978347291e+00 -1.328749475024527005e+00
2.167007770662954247e+00 1.580813249690008249e+00 3.728477676080412251e-01
2.948372254819107585e+00 -2.098402840509381750e+00 -1.342528016469934471e+00
-3.271264694071520207e+00 -3.541393197014079508e+00 7.506774355357461737e-01
-2.459528319243672545e+00 -3.378034765775685511e+00 -3.375684497468693035e+00
3.970604509414774164e+00 1.432568410659375679e+00 -1.670369950057029040e+00
-4.486823498715133418e-01 3.285804960132616692e+00 -3.675627705374886034e+00
-2.037144879036938971e-01 3.019465857965259570e+00 -2.953671704155409472e+00
2.387859287170464917e+00 3.600636098897210591e+00 -3.563808714083529061e+00
3.013169053565978306e+00 2.624644695508210113e+00 -2.271383695026909955e+00
-3.210758525020182219e+00 9.631451301369164941e-01 -2.290609842834248067e+00
1.969958920127892865e+00 -4.849878868705187474e-01 4.013889316474283042e+00
3.024470032817395460e+00 -3.246616265074352192e+00 1.016091531149131644e+00
-1.426865292646500638e+00 -5.105668739610662588e-01 -2.701394147143843849e+00
-3.268860165924363237e-01 -3.599515730517282019e+00 8.450028398190395640e-03
-1.566381462008248127e+00 3.362938649530411883e+00 3.584507350084702004e+00
-1.412597527065665215e+00 3.759344910629812908e+00 -2.732745074893902615e+00
3.242344486105043444e+00 -2.473386291437996931e+00 -2.892162958667526595e+00
3.831217195312387247e+00 -3.562446978437987966e+00 -3.917140840856924378e+00
-4.044657733120737397e+00 1.487373239349330412e+00 -2.940253852042181482e+00
3.572339677617819120e+00 -2.219875410549115635e+00 -2.346678313054547882e+00
4.482393808282414405e-01 -2.905823167015843200e+00 -1.146581156971101523e+00
-2.527617950543608938e+00 -1.215105537841626226e+00 3.113003077993055978e+00
-3.221236042329357119e+00 -1.441529395213702491e+00 -1.792690347570375264e+00
-2.999696282562484662e+00 1.584276168822872810e+00 1.030450842734708328e+00
3.996644600752464194e-01 1.370009385309617134e+00 1.330739219222784597e-01
-3.839827556532185771e+00 -1.713127899953342803e+00 2.907393432322979976e+00
-2.846922064597591229e-01 -3.839194951567211689e+00 3.590952881253932638e+00
1.250157361735589445e+00 3.760842342620594358e+00 -1.929614816860372395e+00
-2.742509526957392918e-01 -3.579874906425436265e+00 -1.759147513644184091e+00
-4.324343335798525589e-01 3.748995344103101424e+00 3.092096882374374633e+00
-9.317923527160801855e-01 -1.661255858945370312e+00 -2.279535048226181804e+00
3.347632425880228357e+00 8.542166042081990041e-01 2.929957770270692485e+00
9.662629272104787947e-01 2.760590314932366951e+00 2.550479214838441422e-01
-1.417868650425087251e+00 -4.109898718499703563e+00 -1.093167979297249737e+00
3.441820744225956741e+00 5.851767870198380100e-02 -5.289052027220107755e-02
2.236878745473175056e-01 -3.208777213203207523e+00 2.053750891273333323e+00
1.177166921068905747e+00 2.784787152086168671e+00 -2.367974706264253548e+00
3.688659822151793666e+00 -2.725886483685169281e+00 1.096826983531606237e+00
3.543825090620187357e+00 3.966173385665638484e+00 3.951241463705641443e+00
5.406883826824601114e-01 -3.273333274887056943e-01 -4.852550771013494080e-01
3.954614839170425444e+00 5.133205761782082543e-01 1.007722388471125052e+00
-1.928433702804313032e+00 -1.061010217425815694e-01 -1.697911931480499348e+00
9.702684614820966669e-02 -8.591762773341812265e-01 -2.557747106940280624e+00
1.288979051916019802e+00 2.170020156893269547e+00 1.416098411511899302e+00
-2.944941910839897314e+00 4.739844827142460915e-01 -3.563907252227544120e+00
2.482882579536186185e+00 3.720727294598622947e+00 -2.337551752502853741e+00
-1.915982180210388020e+00 -3.032793618877849706e+00 -2.919449915697676090e+00
-3.565438827801701738e+00 3.497427348575500528e+00 2.695591536991085668e+00
-2.297955771017077264e+00 -6.781533670695710780e-01 2.066701610370726971e+00
3.651413675362770839e+00 1.673396141422471617e+00 2.299894147238850550e+00
2.523154656965372666e+00 1.000241675716588841e+00 -1.245551820620500294e+00
-1.155488012369965262e-01 4.441079932315093459e-01 -4.916592757019766502e-01
3.391225401063155065e+00 -3.064673271613382877e+00 -1.256990414392916033e+00
-3.849876621059420856e+00 -3.643852898174745558e+00 3.213700717027538456e+00
2.622190546773825126e+00 -1.117455339035168915e+00 2.623455842960531026e+00
2.725030803085220832e+00 2.254992736155853716e+00 2.330155553026511672e+00
1.162140768238741351e-01 -3.931922965694503169e+00 8.847000032182371632e-01
-2.621679247151604386e+00 2.784076636206660904e+00 -3.603376788396631891e+00
5.502911536262178327e-02 1.346743440664918134e+00 -1.981090803993112770e+00
2.879033433520157281e+00 2.560639652660113175e+00 -1.527550921181741073e+00
-3.751599712632807115e+00 -3.334879976255504808e+00 -3.290799258018818119e+00
2.187646684182411150e+00 2.944563633755935772e+00 2.500642263487246719e+00
-3.844041915442736101e+00 3.626217756151362881e+00 -2.855558243900158999e+00
-3.679560818359409069e+00 1.761240656359716716e+00 1.287520993135055303e+00
2.531270183893885140e+00 -3.512588994931598485e+00 -3.232372089969700379e+00
4.731719186070912908e-01 3.769643884274465062e+00 -1.935968538654351478e+00
-2.350350351584867603e+00 -3.093185325603804881e+00 2.148737890603740652e+00
1.776440290173276981e+00 5.740791315767845848e-02 3.704551314404129769e+00
3.310825339870963724e+00 -2.265180258207025510e+00 6.300680117235982758e-01
-5.652152319287262472e-01 -3.214605263690484716e+00 3.932063575725730065e+00
-3.555399024532704289e+00 -3.451981190150360757e+00 3.912784319557861767e+00
-1.774342867398464585e-01 7.927860713924991254e-01 -1.422504398289435201e+00
3.960779822325911859e+00 2.312068864105853994e-01 -3.427898096853118304e+00
-1.675326121478891261e+00 -1.214354901360424455e+00 -2.390820253782547589e+00
-3.766459193594345223e+00 -4.057213524676924088e+00 5.097897822748120866e-01
3.704385348993152860e+00 -2.164570406122573676e+00 -1.496954190912314964e+00
-2.003715039474773363e+00 -9.273609858100011483e-01 -3.968900047360671035e+00
-2.317303466115983035e+00 -3.249411540258269948e+00 -1.013984383951362922e+00
-2.118045016987140983e+00 -1.098040741611146398e+00 -6.298750641403239037e-01
-3.818999385682309011e+00 -3.757721160932777416e+00 -1.037066064072219351e+00
1.829655972758532423e+00 2.631675998727704080e+00 -2.715652609516360450e+00
-3.632959893049544586e+00 -7.312671629084486202e-01 -2.197592795405406196e+00
1.412787576510916132e+00 8.855592120100395093e-01 3.403574498870888476e+00
-1.083255863113190332e+00 -3.402172771441568377e-01 -3.278901403010338278e+00
8.941175822296917319e-01 1.374464124681613386e+00 -1.402678947368566131e+00
9.645871081798841340e-01 -3.455241454782042698e+00 -9.052778687179225958e-01
-3.312691847862771155e+00 2.420302139869381364e+00 -4.384243733152955180e-02
8.767643623679091114e-01 -1.086023130056615216e+00 6.388997650224781388e-02
-1.655224199805567897e+00 8.799805615625970745e-01 -8.932462882398830573e-01
-1.476590841485991179e+00 2.956962688931634720e+00 2.755993504167709496e+00
1.138304663844508235e+00 -1.761175931299190811e+00 9.473575940506651083e-01
3.059461885496236988e+00 -1.576007916954384358e+00 1.949836037242242748e+00
-3.185782215469121326e+00 3.723373161937546527e+00 7.734347015846861906e-01
7.269201992488663056e-01 -4.862412933815705995e-02 5.497760929663870755e-01
8.982392020766807317e-01 1.925250005555194099e-01 -3.586745293734770357e+00
-3.563881075909226315e+00 -2.413663771979235761e+00 1.265026287470254696e+00
8.311984702371778555e-01 -1.678807550847494667e+00 3.143997929808604486e+00
-2.765968015986377537e+00 2.771916772122070327e+00 5.696157740559211202e-01
-4.090685525643145581e+00 2.580339868430934658e+00 2.533352083516418052e+00
-1.260168643653154508e+00 3.606060406589468026e-01 -2.531756378111522654e+00
1.249544753981644274e-01 -6.335338728561896726e-01 3.367496001598860200e+00
2.524888557266044664e+00 3.846808506605515543e+00 -9.847179759118402931e-01
-1.184622171800486123e+00 -4.050674576313931574e+00 -1.760590562705349971e+00
9.750646337967586730e-01 3.273944899595226055e+00 9.823749425414201042e-01
1.368212869318692793e+00 -3.802636252787112259e+00 3.255677634033459888e+00
-1.517301162130722636e+00 -3.323787677609427060e+00 2.073553062758870080e+00
3.314912599769507473e+00 2.031210952413859072e+00 3.150065350895649097e+00
1.194977466896792073e+00 -1.916744948987401997e+00 -1.706114954328032951e+00
6.753689564666131018e-01 -2.575604571531042719e+00 -3.190314753273206350e+00
2.504066327309168449e-01 -2.469060424107027529e+00 -5.317583250796279470e-01
-3.107309770027564699e+00 -2.865640424358155691e+00 -3.718267322005226916e+00
-3.118574765426085804e+00 6.659883765972478553e-01 2.163500523387205110e+00
-3.120787902619568843e+00 -1.247581813411980489e+00 3.929575488673627603e+00
-1.410749720689856046e+00 -4.212992141064650364e-01 5.016574382722153169e-01
1.745392835721897962e+00 -1.111133092158832492e-01 -3.118960481770489679e+00
-1.440610728273367114e-01 3.102740148603694070e+00 1.106203911888540059e+00
8.158127695851900008e-01 3.317065376165932555e+00 -2.540339524986952924e+00
-3.184793414116991794e+00 -1.381088267528137736e+00 2.197159606671977183e+00
3.557800207310519713e+00 -3.730713489049838127e+00 1.673214191337050627e+00
-1.215943297502264375e+00 -2.923041650931545110e+00 3.571086014519539109e+00
-1.066000339416265152e+00 1.411014700294523472e+00 1.954924204344754335e+00
2.077383540061239486e+00 -4.056492363089509112e+00 -3.115761945986618375e+00
-3.523402416553771399e-01 -2.993131977439723368e+00 1.108507972046448131e+00
1.289849547112521311e+00 -1.102351120211194635e+00 -3.735528391210508392e+00
2.425147388566663231e+00 -2.509188909022331604e+00 -1.563690742005669154e+00
1.383040786996507343e+00 1.941663127628351804e+00 7.110716131465497636e-01
4.108191418245349169e+00 3.103367541829873844e+00 -3.983393511345593385e+00
2.272738319091892389e+00 -2.877933971252270240e+00 -5.212085591119203221e-01
2.040991675680127404e+00 -2.762312913834912731e+00 -1.999219424482531648e+00
9.155329453886664748e-01 -2.422688109566386583e+00 3.709525114990781081e+00
2.968574084494177701e+00 2.514293971841516484e+00 4.358724816705935590e-01
-1.537558766539109278e+00 1.238258892243760956e+00 -3.046890156603150768e+00
6.947918427312772538e-01 2.269900721073720096e+00 -2.354371070879416994e+00
-1.790192693243447541e+00 1.797786338208989365e+00 -4.099468000195266582e-02
-3.041609783644875886e+00 4.108931125356559022e+00 -2.666434993991488867e+00
6.471967531027441600e-01 -3.587239063860621968e+00 -2.304359154419737710e+00
2.300998794708922990e+00 -3.173437794263117340e+00 2.115359280888950533e+00
1.319173446117179738e-01 -3.980712265686759288e+00 -6.230441410540256131e-01
-3.636913967942130288e-01 -1.540638823842415572e+00 1.562033047017280740e+00
2.213188371550497635e+00 -3.566395912835132354e+00 -1.715926664397154688e+00
2.455554548099241341e+00 -2.151174461786986125e+00 3.984672211596167912e+00
-7.402106417874421140e-01 -6.229305699138774077e-01 -2.148624755518538265e+00
1.827379406663502293e+00 -2.599889570193817945e-01 2.520657082917164615e+00
6.615834129239533956e-01 -3.086104572217826636e+00 -4.032844517302526022e+00
1.363769512761113800e+00 2.503834291179550586e+00 2.169982326303706799e+00
-7.243206870263098063e-01 4.099640464803145257e+00 -3.097520779627666698e+00
-2.367692813444539190e+00 2.493379436229111068e+00 3.271778696275495335e+00
-2.265784077447209333e-01 -2.968781702044789306e+00 2.493543901320170730e-02
-2.948111142452741529e+00 -2.573976170341241154e+00 3.135594730434658750e+00
-9.953655839895424462e-01 -1.196848808048614599e+00 -7.976849741265142901e-01
-1.930237264284727194e+00 2.858712837273314822e+00 -3.024555290905758032e+00
-3.206651678274368589e+00 7.823752552386782355e-01 9.244825667470593089e-01
-2.908093663261978268e+00 -9.959780522823992177e-01 -2.424133336604770150e+00
-1.910680053258324573e-01 3.473867409817133822e+00 2.083333054684634700e+00
1.192690224688395029e+00 -2.163506049927692132e+00 -2.519001164485722644e+00
-2.088618007703021640e+00 1.652354164727353747e-01 -5.590334210696976114e-02
-3.567541818786997609e+00 3.207543326953718132e+00 -3.499727783612662790e+00
-1.914476510332361991e+00 3.450061987134501518e+00 1.660388408927236492e+00
-1.923481819963607897e+00 3.510298489116669529e+00 -2.078961018826362694e-01
-2.253594842870992321e-01 -1.644280167225300238e+00 -1.612264022100529548e+00
-2.191646299912533014e+00 2.991417541331176988e+00 2.642692932824504126e+00
-3.443030357257528262e+00 3.490737202483984891e+00 1.354031172141047845e+00
3.808346319233504307e+00 -4.041990164972832922e+00 3.303299315980230855e+00
1.645305174142945859e+00 1.125633381324247173e+00 2.479299635145718828e+00
-2.449078019816312290e-01 1.426073468788794818e+00 5.085095804831941679e-01
-3.252886178031195730e+00 3.614464225703151623e+00 -8.126472097944749118e-01
1.165379051281338008e+00 2.882170311421715869e+00 -3.782445110640955566e+00
-5.179681493147383353e-01 -2.557848867161890638e+00 -1.085886071407813791e+00
-2.431242693040384650e-01 -1.857327566077711989e+00 3.802510119689688661e+00
-3.059690323318887017e+00 -2.359703041859437245e-01 -2.333647262347040563e+00
1.315261263962018479e+00 3.312671115737315097e-01 2.001800917116933309e+00
8.933002070142064266e-01 -2.141249420239995871e+00 -3.875679073094503213e+00
-3.705581577313421082e+00 -1.325338088965677619e+00 6.221044033512824756e-01
-1.788713336380400643e+00 1.992094513911391307e-01 -3.949041944552827310e+00
-1.368891724459617487e+00 -3.157924911433233728e+00 9.076418183073987622e-01
-1.754985878544212730e+00 -1.885267074339752824e+00 2.290604414550508672e+00
2.978861599282134787e+00 5.812559627721064492e-01 3.313870639858428557e+00
-1.875299322386273726e+00 -3.559646740809363052e+00 2.967399213356094911e+00
-2.328833259803753386e-01 -1.337192496062301894e-01 3.131496392531854522e-01
-2.635007179221544593e+00 2.826015769839502312e+00 2.143467257170654339e+00
3.049342902306166003e+00 -2.530408478868614530e+00 3.282599662617672998e+00
1.509216573135994555e+00 -3.210466140414539815e+00 -3.982551694927401464e-01
1.660371931540032930e+00 3.638236759717284330e-01 9.964029748244694618e-02
-3.342092959623473636e+00 2.307845939156627502e+00 -3.297463553839029338e+00
3.740855611561817007e+00 -1.347825425874586980e+00 -2.090953908125017247e+00
3.612264117954454345e+00 2.293663089373485509e+00 -3.210457880940886355e+00
-1.354586921168432045e+00 2.453351504564865060e+00 -1.603099381261896772e+00
2.548979412993758853e+00 1.740770565565056494e+00 3.354011449151392377e+00
9.233595777659602266e-01 2.159721891389419834e+00 -3.629411197878554263e-01
9.483174339759674609e-01 -1.594028763905440460e+00 2.105696945029288614e+00
1.089851390053786284e+00 -6.000671809087607667e-01 1.985157222562964119e+00
3.984656259033776848e+00 -4.879054466407889423e-02 3.027517957066181875e+00
1.888489552623315859e+00 -1.101621430274707825e+00 2.099801791998414657e+00
3.269273676395767048e+00 -2.862378421910610538e+00 -3.646147246468944281e-01
-8.708932289817968853e-01 4.980950850693425802e-01 -5.590340364002268636e-01
3.156148094934135173e+00 -3.810347474215426633e+00 -1.816801113794049183e+00
-2.916690233838989066e+00 -4.028952766403054220e+00 -3.875201276118113825e+00
-4.202258497522641245e-01 2.863278261517219647e+00 2.981255336735705530e+00
-3.004934260560028658e+00 3.143776219719721432e+00 3.260928308972209422e+00
-1.058297781742940424e+00 3.222131967446018486e+00 2.170900988498764672e+00
-1.317371559835427142e-01 -2.704697542828747636e+00 -3.400566227211238246e+00
-3.315712472038254255e+00 -1.996979029774219816e+00 -3.549337301183908888e+00
1.449403445141163038e+00 -3.241134206901177262e+00 -1.728929312562295761e+00
1.446922293216432287e+00 1.285204311895222107e+00 -3.994968425598120820e+00
-1.063884668174792436e+00 1.810470834726015221e+00 -6.962554165080309110e-01
-2.468045126417638180e+00 -2.476664719684015914e+00 3.900374813020567988e+00
1.683558371000320131e+00 1.753537290049314246e+00 -1.387718127308761318e+00
3.373892259158417062e+00 3.626333301892870065e+00 -1.211959570724933100e+00
3.085839980286585460e-01 -2.938223186060620939e+00 -2.437127871067415796e+00
3.376838850445569751e+00 -4.066791157138260004e+00 -2.740274071534245515e+00
3.571310718244862681e+00 -1.531390570284878017e+00 3.516071917880095210e+00
1.026431845327390624e+00 -1.347586618588210827e+00 -2.908059640285870273e+00
3.051208496514157709e+00 3.703573223586122065e+00 -2.596885249524575334e-01
1.322056398276441724e+00 1.423384208586557120e+00 4.508685884568433555e-02
4.065194358175437728e+00 2.758108568516774550e+00 -2.646842891519840091e+00
-3.222155903822736089e+00 -3.188048592744047838e+00 8.924359434579333117e-01
-7.563547161660083562e-01 1.149904119174781636e+00 -6.955604351351453163e-01
-7.075526241631453495e-01 3.901109121860316442e+00 -2.212860106967146301e+00
-5.004121311045106602e-03 3.711086349206945467e+00 3.982642545038784121e+00
-3.747509310095217039e+00 3.780478840132028395e+00 3.633035250558419804e+00
3.766112427533936380e+00 3.323208663059554979e+00 -3.411504791123781910e+00
4.376884650468788052e-01 -3.154284925366076298e+00 7.940521253081289643e-01
2.797671841407343596e+00 3.495378973577236259e+00 -1.564675554360742682e+00
-3.472366492368710755e+00 1.583265469815001492e+00 -6.992472447875237584e-01
-2.014242391352741302e-01 1.490928366042545861e+00 -3.666406468007677999e-01
-5.940568773967392913e-01 -5.401296676201920999e-01 1.678630448792309826e+00
2.308085817151788621e+00 -2.711032748770381584e+00 -2.700346632821441606e+00
2.268841887765344012e+00 9.296518247981152561e-01 1.328025019540163720e+00
-3.011552929222021668e-01 3.067316492967735009e+00 -2.072083216110165438e+00
-1.117566253873468529e+00 6.409187385532002512e-01 -1.203492615328809912e+00
-3.305821406171607801e+00 -2.917615733828633484e+00 -1.206818471327867792e+00
1.666346800510715820e+00 1.935723067459400815e+00 2.742879596702576528e+00
-7.427511054881772434e-01 1.979189081165109609e+00 2.926573257072324186e+00
2.478910674123845581e+00 3.716909211977956762e+00 4.841474948646393717e-01
-2.384554900792350995e+00 9.758861546667980669e-01 -3.144346809318013580e+00
1.767433353020706921e+00 1.573820297200410945e+00 9.250163507121942352e-01
-3.907565007264821033e-01 -3.672587112844944546e+00 1.902414320330658937e+00
3.249271921904567928e-01 1.879181489897113089e+00 -3.107187540381026181e-01
-2.155396500069183929e+00 -1.810611253741248428e+00 -2.710777055663140089e+00
-2.488119017895979113e+00 -4.099157249222377786e+00 -8.487449809051064165e-01
1.993122835464754550e+00 2.153996665253361975e+00 -2.163380595753570557e+00
-1.996650921378826382e+00 3.553873170988769203e+00 -3.449867192769557001e+00
1.569067745383410539e+00 3.837749744097405102e+00 -2.635552917931521577e+00
2.733823422964336114e+00 4.007325686612539073e+00 1.498315704545663651e+00
-7.746651461097057156e-01 1.050579381053528438e+00 1.474792737244546292e-01
9.243105873177548393e-02 -2.603913795567345257e+00 3.781192271784425074e+00
-7.793551010674940605e-01 -2.288075849650943461e+00 2.132569308486668702e-01
3.026132552610307336e+00 3.669395884145469022e+00 2.615446151130589314e+00
1.811159472673506077e+00 -9.386189628851551170e-01 -3.648694687514896451e+00
2.670414902134455870e-01 2.001448199580844634e+00 2.708549721735557636e+00
-3.373811717833763879e+00 4.110069134382746903e+00 1.987651161191112736e+00
-3.860413334144920494e+00 -3.653242470312937584e+00 2.706043249220094205e-03
-3.221895460410534984e+00 8.362572167077231278e-01 3.860124466472579563e+00
-1.666680543735086450e+00 -1.488778886828142189e+00 3.476964803352580180e+00
1.875329227620616268e-01 9.035208695233958309e-01 1.068714776743444173e+00
-2.106918394307900844e+00 -2.290720685780910593e+00 2.953515237381220793e+00
-5.482829735099924440e-01 2.294042802628898925e-01 2.276701028790128145e+00
-4.360257280051759721e-01 3.896966643545956455e+00 9.681287927421361461e-02
6.309320908150523044e-01 -6.193016757679541406e-01 -3.867361378565645325e+00
-1.173514721716281795e+00 3.967653812881197783e+00 1.631809489147418413e+00
2.087370844826643257e+00 -1.710944788423220730e+00 -2.173168283657654243e+00
-4.032091450312035308e-01 1.733862914060805061e+00 1.283455920297527753e+00
1.320687999834879278e+00 -4.257470654675958310e-01 1.088245933163371149e+00
2.187880304831573586e+00 -3.897649272463525438e+00 1.787211300991346175e+00
4.938265358294601781e-01 2.401022989993042867e+00 -7.684210970241780458e-01
-4.109557223383209390e+00 -2.992701129228763079e+00 3.703706329823495125e+00
3.504070083240816924e+00 1.266095543048490590e+00 3.245969507440557678e+00
3.330841760902350512e-01 -1.348736947480399517e-01 2.002928566293097568e+00
6.760826152706269632e-01 6.788050944385136676e-01 -4.867305817059906503e-01
-3.211312304347370361e+00 1.509255199164304617e+00 1.753031869067514181e+00
1.264805748265359631e+00 3.023146939074672801e+00 -8.874788768346608681e-01
2.020592190746504979e+00 -4.042081269137793420e+00 -1.065937909976830689e+00
-3.934850687581334494e+00 4.036688217676079882e-01 9.566100341104431803e-02
3.006696517798026935e+00 -3.157911529017794372e+00 -2.700767912281309968e+00
1.294573683871213854e+00 4.038189358878261359e+00 -3.665991074718927489e+00
-2.931439239975359268e+00 8.144106603841554382e-01 1.601739863429414212e+00
-3.970874078676036589e+00 1.017997097352142610e+00 2.340729908370007273e+00
5.036861515603466843e-01 2.856749152729565644e+00 3.235699204722173317e+00
-2.936091922489158623e+00 -1.623808296231633808e+00 -2.850925125316661202e+00
-2.478939897186540620e+00 3.717119999382566320e+00 -1.756815314053826738e+00
-7.671192233994690302e-01 -1.601702085032455702e+00 3.052298672980846117e+00
7.336180877924971533e-01 4.777036491187871547e-01 -2.642003181677260670e+00
-2.311472403564210687e+00 -3.835681536010837611e+00 1.633675712259244017e+00
-3.959085894777719439e+00 3.282771212928382809e+00 6.153231918571835379e-01
2.489636924037405219e+00 -1.913974015935985262e+00 -7.846220702774621136e-01
-1.820670460447334715e+00 3.791618502028153426e+00 -7.094346709030365794e-01
2.930408900773852743e+00 2.886986916214532073e+00 3.322393580236076893e+00
4.050948646294423305e-01 -4.008075263335794780e+00 -3.697271722258598015e+00
-1.475010744321366252e+00 9.887909844896163314e-01 4.060039842468509796e+00
-3.155423956483174752e+00 -1.609439977522609810e-01 1.491705406985709192e+00
8.192369104880617980e-01 -2.989321157390920081e-01 -2.190555198561489725e+00
9.525210061329678068e-02 9.436931541893028852e-01 1.946502081223778324e+00
3.997923191225067008e+00 1.716800395980018212e+00 -3.983037635695423351e+00
-1.898871346139768823e-01 2.491369171458550191e+00 -8.509201421969073698e-01
3.472418810625084173e+00 -3.864841358532083437e-01 -2.182580323464008654e+00
2.784428638426675207e+00 -1.287006940122868537e+00 -2.556383340204015475e+00
-2.632047508445893857e+00 1.469073551539579414e+00 -2.004337772422195019e-01
-8.033503533278080200e-01 1.959827605489961488e+00 -1.495707183897744041e+00
8.178149188442257467e-03 -7.941874982107244296e-03 -3.262704676507787394e+00
-3.707282817629164118e+00 -3.543882150566104450e+00 2.376345074285974412e+00
-3.955328750982745056e+00 3.288806406128601978e+00 1.667438466658702101e+00
1.465401812562711070e+00 -1.810267516163240886e+00 4.007802592003547382e+00
-9.604913185874246473e-01 -3.586486205072853650e+00 2.979133441006228900e+00
3.432454353691530624e+00 3.303777680744107492e+00 -2.482283548985841914e+00
-4.038170078555508802e+00 2.078829165045840810e+00 -5.063908043000475701e-02
-2.149336255087868963e+00 2.921540357842234981e-01 -3.021833588194729803e+00
1.456630653179975976e+00 -3.695472523731517356e+00 -2.362646825061948785e+00
4.704821669919143079e-01 -1.638205938060101952e+00 -3.811393030235448176e+00
-3.523750792539673604e+00 3.069405347657010452e+00 -1.611454948466124915e+00
-2.757047823416132637e+00 3.553495386931150968e+00 2.136490084078206397e+00
1.841822704841039604e-01 7.647103231825403968e-01 -3.380111917678095157e+00
-2.643182808414168417e+00 -2.775573246192486909e+00 -2.234477402691261161e-01
-2.690268322310396809e-01 -8.753275521137974247e-01 2.377517020619311250e+00
-1.114776425183090058e+00 -3.120493346566278969e+00 -3.653280664882765372e+00
-1.681831710411245018e+00 -2.458023342212582119e+00 -3.582650602751676905e-01
2.161505280010683983e+00 3.008421941226591567e+00 2.588064629201807243e-01
3.217508881709233659e+00 -3.325757918720268158e+00 -3.369931000672003574e+00
3.356866078237555229e+00 -1.966224456579485746e+00 -4.339925123764964421e-01
6.935348146441191464e-01 -5.580778308752289973e-01 -3.078186979010232971e+00
3.101391210602045589e+00 -2.704489371102079542e-01 -3.750710564077401887e+00
1.375818812441224337e-01 -3.312184933835908840e+00 -3.455327795703739824e+00
2.798644872620889235e+00 1.693563382970820763e+00 -2.320172144551483351e-01
-1.283155144320057506e+00 1.998407225344167815e+00 1.262805860214521791e+00
-9.160898503621183186e-01 -2.178061763173920973e+00 -2.918018049660011215e+00
1.478104893018643784e+00 5.368010627505999111e-01 2.738973735594652403e+00
2.587366887049203257e+00 7.079493356551022076e-01 3.843826763335222108e+00
9.538372757337041374e-01 3.083970868485468753e+00 2.494578493156614396e+00
-1.372592673882574665e+00 -1.219037524849232723e-02 -7.182957795422891811e-01
-1.250818096728301576e+00 1.409579247277929603e+00 2.623082066154605929e+00
1.651278217473368448e+00 3.512812602597977563e+00 1.210255752352417780e+00
-3.762601073842926969e+00 2.067341774153269363e+00 -1.973069040580647249e+00
2.629512516334922889e+00 -5.497654944297215573e-01 3.830024789955210451e+00
2.258211801920306794e-01 -1.720001672595609765e+00 5.173691967123619229e-01
5.810946927733792178e-01 -3.542994193474549025e+00 -1.449850136216806806e+00
2.634500242724571173e+00 -1.891997778425404730e+00 1.196090136965503703e+00
-8.235488234658148166e-01 4.946489587656332509e-01 -3.616170374418764766e+00
1.900799187105197019e+00 -2.247261361401417634e+00 -3.368983755092134658e+00
-7.393699189097245883e-01 -1.540433816664299460e-03 -2.706236198290424166e+00
-8.099290387034593364e-01 6.505251254172172981e-01 -2.396299006496621420e+00
-3.841691346656455508e+00 2.909804248867254195e+00 -3.493907381102904774e-01
1.591432185314577419e+00 2.081573223582634302e+00 3.873671276351871029e+00
-3.270729310745349672e+00 2.374651513602121788e+00 1.082668746425597517e+00
-3.852818665090512962e+00 1.230445468731252268e+00 1.824700000122374322e+00
-3.431216459298219057e+00 -3.239092076420346245e-01 2.492579528901138097e+00
-8.275212819720767499e-03 6.461325974884790657e-01 -2.453938055440647581e+00
-2.289305912185596537e+00 1.780398584162528053e+00 -2.900305654408664058e+00
-1.294857625192671780e+00 -2.112124937884274356e+00 -1.480292044081773506e+00
3.566356576256193289e+00 3.511275685205205721e-01 3.838727388534437068e+00
4.396047624296279821e-01 -3.485682556991223979e+00 3.456400671571519645e+00
1.978038241152153320e+00 2.470076281217287395e+00 3.223682738247218182e+00
-3.899928449772132488e+00 -2.585465102371220958e+00 -2.901771596533392561e+00
2.559865352386869297e+00 -4.101940190581927936e+00 3.879249941930889012e+00
2.893350158566481145e-01 -2.465106018387272169e+00 2.556147363570276387e-01
2.640331518260592869e+00 -2.348543268737723344e-01 -8.200659114531135829e-01
1.826014432678020327e-01 -1.032533453710699378e+00 -3.549952685542050013e+00
-9.804871063415472321e-01 -2.706586329335309848e+00 1.797339419688880557e+00
2.614278649989075110e+00 1.328595299136817953e+00 -2.110061587406965256e+00
2.724960829340071555e+00 3.437665596860353112e-01 3.777922726872842696e-01
-2.883204410242414806e-01 -1.560233768476852578e+00 -3.103365933703629675e+00
2.404731621104746198e-01 3.536278827127888658e+00 3.037058987307637903e+00
-2.369046864888333381e+00 2.094921940300411567e+00 2.109152874214900830e+00
1.887919489892132319e+00 -9.152483241495121824e-01 4.589767064425982479e-01
-3.768775044930900098e+00 -2.132788430954402514e+00 -1.023108800950959019e+00
2.642728302788253991e+00 2.722562522507555816e+00 -4.580943224703379335e-01
7.124071411240632257e-01 2.103173219797692450e+00 3.981229338942389173e+00
2.584469944087639970e+00 1.806420498766606042e-01 1.818323889350931255e+00
-1.657354303816158447e+00 1.537703326667712700e+00 6.634723393190913310e-01
-5.984512903823602237e-02 2.214590326467982262e+00 -1.578037096108849457e+00
-1.919359861551968471e+00 1.746637009137274044e+00 -1.269180577481844985e+00
-1.456772772759117096e+00 5.464229193083123270e-01 9.801741155291849861e-01
5.673092283705380989e-01 -2.243703552271493429e+00 -1.081959325977988717e+00
-1.199616090141433444e+00 9.485996025790024433e-01 -1.956073986345723492e+00
-3.767946402214408796e-01 -4.600086355075932998e-02 -1.595030998190426708e+00
-2.923791242992391570e+00 -2.366588749455975638e+00 -2.607316664714195653e+00
-4.001109252121709758e+00 3.866616811838119450e+00 -3.676861035354237472e-01
1.306628561663076615e+00 -2.725570963944012437e+00 3.145569170469729947e+00
-1.678698446098439989e+00 1.841872498387354673e+00 2.308405043464426765e+00
-1.221250808566893831e+00 3.410556017682695451e+00 -9.309090525994037080e-01
3.487610624304395834e+00 -3.922041705552097302e+00 8.174351893016475190e-02
2.145849506578541011e+00 -2.051413675713805451e-01 9.496935832108701625e-01
3.625809148377904023e+00 8.316679172259289210e-02 -1.017018799571217214e+00
-8.028407095522209769e-01 -4.890226983207200395e-01 -8.006445146716657524e-01
-3.990729817143373381e+00 -2.948475780964391557e+00 1.659376142529550013e-01
-1.405385130691445994e+00 2.782861290189917902e+00 -2.458997731403448572e+00
-3.208062661959766970e+00 5.408426920947784211e-01 -5.843887936620709711e-01
3.856278365246831097e+00 -4.040880136412090984e+00 2.443396519266042954e+00
-9.873612333882593184e-01 2.687698547401232929e+00 -3.367095118209232574e+00
3.415127335775600237e+00 -3.379085781155741763e+00 2.908725126500057989e+00
1.649039438449310779e+00 3.984408397859818596e+00 2.505273537935981398e+00
-2.285679753750027299e-01 -2.386841661276664084e+00 -2.109475931482378108e+00
-1.489302511483074021e+00 -2.927210308054879473e+00 -1.758487799169189181e+00
8.821330982196644577e-01 3.853757571391451808e+00 2.591396827480828335e+00
-3.481793060899738279e+00 -2.777971864513558931e+00 -4.420313084325723230e-01
-3.584740040943430461e+00 -3.231957133327369114e+00 1.525090264132078044e+00
-2.525571694616337570e+00 3.164938063839263016e+00 -2.925993171030791262e-01
-2.057659588664696670e+00 -3.990995013171338979e-01 3.022662508973462892e+00
-1.547249424946478547e+00 -1.359976377947008208e+00 2.348081931149640145e+00
1.963349084262919986e+00 -2.770243367727626360e+00 3.167162627125340801e+00
-2.360307806239608563e+00 -2.793274286672883910e+00 -3.786699553376437155e+00
-1.766252109779824275e+00 1.086556577781852440e+00 -2.079994004682208797e-01
-1.249551982243523263e+00 1.821431634364377161e-01 3.524920720496453441e+00
-1.104247630206892428e+00 3.137866529190887821e+00 1.130369398726158714e+00
-4.097632172997709432e+00 -2.664681211955500117e+00 2.883537670353466087e+00
2.698765339859379608e+00 2.970473335701557804e+00 -2.906215307560573446e+00
-1.781587569840261009e+00 -2.295001029783308777e+00 4.073064087999311411e+00
-3.225375308101633642e+00 -3.120701885752606319e+00 -2.886142293677453008e+00
-1.824799736358954760e+00 -3.686014218821552557e+00 -4.887972243432917030e-02
6.076439531091194501e-01 1.494711563344046645e+00 -2.634455560830966991e+00
-3.162350767746213709e+00 -3.961279853765558912e+00 -1.528602743907691019e+00
-1.805853642628510780e+00 2.273398863615834209e+00 -3.643965706675700744e+00
1.797921165635837371e+00 -1.505808528945076219e+00 -3.505294498356198440e-01
1.870865393739618465e+00 2.433609146778918486e+00 -1.532073858401809541e-01
1.201122620032917393e-01 -2.245997292416579860e+00 -3.562811992928079263e+00
2.148709906856102414e+00 3.212360161704211681e+00 3.888023001080470831e+00
3.390992227413014870e+00 -9.776826184324359792e-01 -1.287024870428015833e+00
3.975351101925219677e+00 -2.805165318068056024e+00 -3.861474975632157136e+00
3.651715274302885783e-01 -1.251984192492479275e+00 2.851404328800521526e+00
1.595609256220276384e+00 9.655492602193910257e-01 -2.401299574351547506e+00
-1.328740526735998628e+00 -1.525804621259096105e+00 -3.475400087864243925e+00
1.715433096006567570e+00 6.504469721478122191e-01 -1.535899969429900480e+00
3.712014460348275424e+00 -2.784641062328517158e+00 3.449681826597156276e-01
-1.961335490618887123e+00 3.879586213517696613e+00 7.258535234240830469e-01
3.794477461546049479e+00 3.031530870683386003e-01 -2.519436835051843460e+00
3.977329495060255127e+00 -2.337587588901524960e+00 1.687309697713468060e+00
-1.629930529675454598e-01 2.838472722130788384e+00 4.045849771949303175e+00
1.432772163459358872e+00 3.299983978547358365e+00 1.872885212597157123e+00
3.535570310834500685e+00 2.804165331944295403e+00 -1.343877061257564010e-01
1.183282983699715629e+00 9.305937801519892361e-01 -3.141873824556300931e+00
-1.768363818538498888e+00 2.616831559433074439e+00 1.326926858049547464e+00
