8.220706914434900980e+00   8.220706914434900980e+00   8.220706914434900980e+00
500
-2.210980559624792896e+00 3.591212258778842870e+00 -1.474716545425716507e+00
1.883715020789735295e+00 -1.812833225642781931e+00 1.481281981468429709e+00
-3.393991455016768910e+00 -3.414564459510470051e+00 2.492162906562348734e+00
-3.240982658352892232e-01 2.160708706915622557e+00 1.199383414682163362e+00
1.425387345318947618e+00 -7.098475986701850982e-01 -1.265368142843562360e+00
3.426010253231627445e+00 -3.411290004205346893e+00 9.048850111439263877e-01
-2.861718658085119493e+00 4.047560768704035361e+00 2.992836112778015423e+00
4.029805035303201777e+00 -1.632916410371501703e+00 3.152954776697334260e+00
1.046781739127218502e+00 -3.635289093865562204e+00 -2.561539042689575219e+00
-1.883590213368525834e+00 2.504130824812983658e+00 -3.013790410994641622e+00
3.055204436495327247e+00 4.718921974481969928e-01 1.417936593057140815e-01
-1.990255320956007878e+00 1.284390266905609757e+00 7.896751130392147822e-01
-2.051501252566704903e+00 -5.307990244795319779e-01 2.519425514214077566e+00
2.890288208354617527e+00 2.435509196626223505e-01 -1.108103779600924765e+00
5.770853355108039873e-01 2.850246849001365490e+00 -9.355271199524280989e-01
3.257556513617556049e-01 -1.335960855237947165e+00 2.523834102731582263e+00
-1.201632111625461574e+00 -3.192210815225966059e+00 4.054139346468133454e+00
-2.313759956457745570e+00 2.392947139261289990e+00 3.607453780155600143e+00
-1.938605670038260342e-01 3.929773094677679435e+00 -9.856008165232207352e-01
2.201550169298871928e+00 3.839413969772754953e+00 1.988207018062922549e+00
-3.347826753783600950e-01 -2.922498951128655431e+00 3.953112572363249644e+00
1.721638432925850060e+00 -9.882843090801010089e-01 2.269847798443325182e+00
-2.601115612619593342e+00 -1.545811750438434773e+00 -3.414916219155450072e+00
-1.270002007900377095e+00 2.977669214860953595e+00 -2.656088219558326191e+00
2.072906403201127956e-01 -1.838659945769159698e+00 -2.149025249373009760e+00
-4.060333397536706634e+00 -2.823750739750809036e+00 6.158056915525658148e-01
1.705766278613514153e+00 -3.487702884798030922e+00 3.065754346758960747e+00
8.383654600536081247e-01 -2.029639986609747648e+00 -1.245185850438301545e+00
-8.195111898366972403e-01 1.606850771505845321e+00 4.106662912054550141e+00
-8.022981847298572555e-01 3.237172700763671251e+00 -3.420398202685736244e+00
-1.310870773027746239e+00 -3.373114116849320054e-01 -2.123219133328118513e+00
4.089779626238934540e+00 -2.550261512373353856e+00 3.203614891326298508e+00
-1.812811268017653132e+00 -4.110161764350317881e+00 -2.353783728391169117e+00
-2.023268578572015031e+00 -5.383392383265047654e-01 1.561176334936730026e+00
-3.947778796226524722e+00 -2.704730430551867126e+00 -1.008936324614584601e+00
3.286094383205846903e+00 -2.409825197317985168e+00 -2.558288552865158660e+00
1.460632879832503672e+00 -3.621952159374259406e+00 7.114005106389285071e-01
5.087254687161401057e-01 1.837136905855504931e+00 1.167217494329376049e+00
-2.751700116409236951e+00 1.536924824012280144e+00 -3.482518904085148304e+00
2.574880932624592944e+00 1.495337960266453159e+00 4.014195815297478376e+00
2.663351046631517338e+00 2.091380332728066005e+00 -1.482940415329340400e+00
4.391090187365858100e-01 3.392509688234756737e+00 -2.989446795107821853e+00
8.608740385280960750e-01 2.390554030076165848e+00 2.432575688818360060e+00
1.210867446048127238e+00 2.071161549496324028e+00 -1.634084642171672153e+00
-1.171721485136158147e+00 1.022242352563025758e+00 -3.180189570661696052e+00
2.114040010530282121e+00 -2.405765715109997593e+00 -3.607840499237501497e+00
2.297120398160676924e+00 -3.487197048847432423e+00 2.260107433647971842e+00
2.446604390835552589e+00 -2.667612368300912529e+00 -1.461245531915344564e+00
1.235056640036533260e+00 -1.185980432538133789e+00 1.277619410412029755e+00
-7.004219117536264472e-01 -1.151336589736532412e+00 -1.289556391966235172e+00
-2.606027853945060535e+00 -3.609232828094905532e+00 3.956741451681696997e+00
1.255631433307657030e+00 -2.508507016642526288e+00 1.683612785924341271e+00
3.976483413126656874e-01 -4.032142122090199621e+00 3.715235075425508793e+00
3.933119643683351097e+00 -3.923753161480909135e+00 -3.337064005133379752e+00
-7.243780393493739478e-01 -1.497419543195438463e+00 -7.262451343861972552e-02
8.515486410410521012e-01 -2.049026180308743950e+00 2.749120337380641654e+00
4.058323104002146131e+00 -4.044770714373630227e+00 3.841610333120899501e+00
2.041240222396694559e+00 -2.190503447166521234e+00 -7.486777713198261575e-01
1.232849518320648707e+00 -3.436970250662507720e+00 -4.208715802402893669e-01
3.180486301835941276e+00 -1.035246384728742086e+00 -1.082783193750416206e+00
-1.671041344499672787e+00 -9.078933169541723025e-01 3.503853887089212638e+00
4.929638693983869335e-01 2.640004498914054754e-01 -3.045877190262110012e+00
-3.389841579162961693e+00 2.446694822179185380e-01 -2.529919070138783255e+00
-2.025567183590289311e+00 7.443780435989369448e-02 3.691609682313602980e-01
-2.850078384332412007e+00 -3.409844867787789613e-01 3.387966470864267610e-01
2.024288243326167080e+00 1.353383723840813069e+00 -3.021075181980590330e+00
-1.805635384041197611e+00 3.060000277364411936e-01 3.419612615475592143e+00
8.291821346453205344e-01 7.075339175750815501e-01 -3.699602994001082390e+00
4.011367248402609997e-02 3.245379736398215531e+00 -3.902145498376783928e-01
-3.549966531774216172e+00 -2.219837635199309656e+00 1.228682762087774272e+00
-5.413300316684155344e-02 2.531662735565325839e+00 -1.686815835211089576e+00
8.308623100986591015e-02 1.473017689713986611e+00 -1.542442249771681206e+00
7.056928407792220082e-01 -3.973763453677884971e+00 -3.313544683644701117e+00
2.382246435353737812e+00 1.158837809513406647e+00 1.690727066275131252e+00
-3.854841824631187741e-01 -3.117278950143966387e+00 3.083665868993763937e+00
2.967694670747936136e+00 6.372575370203157341e-01 1.293844161571617191e+00
2.996877216802859234e+00 2.723836957430610273e+00 2.562817271485709369e+00
3.736891262753087251e+00 2.159565604713181930e+00 -1.285194857350223097e-01
-1.967330673818330267e+00 4.078751834413082200e+00 -4.324060890310245098e-01
3.611767272035276477e+00 1.971155450974263479e-01 -2.592834890560956396e+00
-2.828432780608924890e+00 3.697590300167332256e+00 1.212337737362927381e+00
2.887998494989988618e+00 -2.424395141974591272e+00 -7.162935748689469584e-01
-1.532211121457298653e+00 -1.875011449251450246e+00 9.385301808622089625e-01
-3.310318546004344498e+00 -3.417588167321719883e+00 -1.056643872595023792e+00
-2.787272926284082297e-01 -2.708929886256505437e+00 -3.088032328900251144e+00
-3.375415454528505776e+00 3.441592470347492938e+00 3.709854847122319721e-01
-1.988289261565176380e+00 -3.982174263596249819e+00 2.588151167593165436e+00
1.397060564161416996e-01 -2.544249795932481462e+00 1.494235800561483751e+00
2.648387605070293915e+00 -1.044668394981995041e+00 1.687916251035184390e+00
-5.709159027028365418e-01 4.034083497393766038e+00 3.693713000716481343e+00
-4.063255719928103638e+00 -2.827708880812463299e+00 1.946512315129127479e+00
1.178314783673354293e+00 2.747761794985428274e+00 4.056239959923771288e+00
-2.418437756747205292e+00 -2.433500095907791483e+00 3.670111367483384957e+00
3.092980107100474108e+00 -1.425677978757220743e-01 3.756814443283590599e+00
-3.270564539913281887e+00 2.907659164221421122e+00 -3.977538751990692401e+00
3.308571988237324124e+00 4.164786809357341468e-01 2.139513930712145573e+00
2.455028365006408642e+00 3.220932445146951650e+00 3.989792174174778605e+00
2.652382303985515999e-01 -2.344697760625364502e+00 -7.837995962892676527e-01
-4.108589247270536760e+00 3.887176139011993214e+00 -5.078068627769611876e-01
-1.342598194431401604e+00 -1.552225502564418935e+00 -7.718400414059796155e-01
-1.428108726895678249e+00 -2.437649327064361326e+00 3.457434820677137921e+00
2.778142149013394846e+00 -1.343163153022897349e+00 -3.479825085756586667e+00
1.041663033414378381e+00 3.713630776063873373e+00 -2.252744022035860993e+00
1.142708334396777214e+00 9.662034419183347378e-01 -1.711293862125989051e-01
-2.697409514210287629e+00 -2.349828313435894600e+00 3.073763095683276880e+00
3.606883049104977257e+00 1.207232258166460293e+00 -3.196008255973188661e-02
4.091897895498912141e-01 -3.128451180506859775e+00 -2.279905748979827340e+00
1.763899986984231338e+00 4.061583006817151897e+00 -3.106087430462216026e-01
-1.403774338248967024e-01 -6.514938916305990091e-01 1.672224096913508262e-01
-3.742322082718177345e+00 1.957881073927122406e+00 -6.976654709668880239e-01
-1.500358852288999678e+00 1.194568222945022962e+00 -1.275024584309694786e+00
-1.572630072441147719e+00 -1.184647114689435732e+00 -1.834895540334105402e+00
1.528305978893238715e+00 -2.209651802240078844e+00 -1.952502705185543475e+00
4.563675717595788162e-01 -1.363821006279914538e+00 3.457254873550153373e+00
3.791466495726616870e+00 6.144128196388813912e-01 3.363822543692271516e+00
1.431526223212905347e+00 4.318149246313880418e-01 3.677238342620905875e+00
2.786388429674838907e+00 3.651318817548343532e+00 2.961159510236953452e+00
1.845265468877266279e+00 -1.823781568890919802e+00 2.442681316499489164e+00
-1.412393448242296179e+00 4.398703366296421446e-01 1.001751829426010598e+00
-5.562547875723306001e-01 1.645498903180756090e+00 -3.549702701336641120e-01
3.623466760599587833e+00 8.555620369794931790e-01 7.677777953049257365e-01
3.135234090141610253e+00 -2.784339853193183334e+00 -3.818736691004398942e+00
2.992853248385214382e+00 2.655582878403575098e+00 -2.544336120643674315e-01
8.790699755819185723e-01 6.067736827858678517e-01 -9.126264770261826031e-01
-2.638185873479128141e+00 2.300277608088204584e+00 -1.077783106686022174e+00
-2.651929170320828533e+00 1.334708472339683372e+00 -2.589113820899853202e+00
1.936289247233932587e+00 1.732199355111646133e+00 -1.979695053524058723e+00
-1.941987605809919915e+00 -2.220393727409506024e+00 -1.041449518788794215e+00
-2.575418874492671595e+00 -3.897206385785237259e+00 -9.984956973129718305e-01
4.061227681289414804e+00 2.362179041540552138e+00 2.608063542724803341e+00
9.186464679317735138e-01 -1.523845833304492858e+00 5.566005410532183229e-01
3.829122373184544514e+00 1.973265335028670409e+00 -2.737364983831729326e+00
1.377373341842972776e+00 -2.131120187092629958e+00 3.362489513838559319e+00
-9.040012777807868716e-01 2.380130853764938603e+00 -2.307070184623155384e+00
1.099787211692577982e+00 3.065952657883173949e+00 -1.495827124297550048e+00
1.503907065080695160e+00 -1.658931678227715034e+00 -1.210701857237182155e+00
2.984187702236225537e+00 3.016580409396189211e+00 1.359105029693157496e+00
-3.304310964104684611e+00 -3.076324637399282746e+00 -2.480423773216276384e+00
2.252104645397187355e+00 1.920055981543497436e+00 2.374752339788246847e+00
-7.028690254725796782e-01 1.410169908986663057e+00 -1.184144749728994306e+00
3.767381064850562566e+00 -1.233370643197348571e+00 2.385467474182449976e+00
8.531037573712267896e-01 3.842602499512242087e+00 -4.509976165376390345e-01
-1.830503641254997982e-01 -1.623410653362806544e+00 -8.211255778395478711e-01
-2.142959161264041512e+00 -3.289680001627692363e+00 -3.389666727880808139e+00
-3.315113829213565566e+00 -1.335795551036911277e+00 2.198015050677418092e+00
1.803804584487371576e+00 5.118345778171141947e-02 -6.033924763506917088e-01
-2.368355297145719351e+00 -1.603500058926082827e+00 9.926588650662173663e-01
-1.032635070075466732e+00 -3.214753492714152117e+00 -1.002207162649773275e+00
3.103440341355069965e+00 7.229089559509892515e-01 -1.832976074385322063e+00
-1.361845311219218813e+00 4.042887732551375457e+00 6.049382464423739281e-01
3.934666451148423949e+00 2.592530599628501964e+00 -3.826245265436170939e+00
-2.613121639675289876e-01 2.931159032417483878e+00 2.429193131360406266e+00
3.813389253525972578e+00 -1.654785800621048741e+00 -9.149928510759293143e-01
2.348712560146284378e-01 1.112741121497125230e+00 -6.988633565824012850e-01
-7.502852619236889398e-01 -3.766135363604923847e-01 -1.490223206362249364e+00
-3.677258364287077530e+00 -1.216272830300159313e+00 -3.111537907693058713e+00
-1.965290677709109479e+00 4.545353796421515158e-01 -1.202922827864313149e+00
3.581093145359869112e+00 -9.796738146509279543e-01 1.470633971192624401e+00
-1.592714102465107251e+00 4.003111482714391656e+00 1.444221994932383790e+00
1.043716143532954943e+00 -1.558878318686972353e+00 2.140264336308547399e+00
2.676691874415574102e+00 -1.477680131454755408e+00 -5.043930250250462377e-01
-2.479632994251325773e+00 -1.714301689049436250e+00 -1.975542508524105845e+00
2.766640053773943841e-01 -7.276654603406428057e-02 -4.979898905632935691e-01
2.195630848449316552e+00 1.484895439503593817e+00 8.764272108864312738e-01
-3.167586108416062363e+00 -1.333341211996762032e+00 4.071031224633729906e+00
1.666740467484589816e+00 -1.983851791994876601e+00 2.868953036873775897e-01
-4.279662906827826907e-01 -3.533708211770136831e+00 2.036284477875739685e-02
-1.963944529659259475e-01 -1.963833685423952202e+00 5.089798279471235976e-01
2.669880828819410912e+00 5.670791499818719217e-01 -3.718140805502083701e+00
2.848574799239556032e+00 2.899163149367304904e+00 -1.859988239311481939e+00
6.741477616372917314e-01 -6.973074304914128607e-01 1.566150774057322170e+00
4.021987784151546674e-01 1.815379522112450905e+00 -1.701779123180156006e-01
-2.592242154854053626e-01 3.696405806860054710e+00 1.930390416508488638e+00
-8.412239895255103628e-01 2.099998630034745961e+00 -3.033953256843023638e+00
-2.704492766591173325e-01 3.919108660419992507e+00 -2.582212433980361599e+00
1.750222979344279617e+00 -3.120633366634167238e+00 -3.060795595060083141e+00
-1.702315660712594436e+00 -6.538914788326836147e-01 -3.828820029089325505e+00
3.660211570630187872e+00 3.547069175798177820e+00 -1.933516706495824744e+00
4.009447924445937339e+00 -2.162264503507481894e+00 2.527682502612933035e+00
6.195078315007040981e-01 -1.803704164328367110e+00 1.340925737113547900e+00
4.065223133627701380e+00 -1.575478645278009848e+00 -2.184593494875546049e-02
2.390619368367243425e+00 -2.357852220571938329e+00 2.277654797180221902e+00
1.033244809901431527e+00 2.761552088325670784e+00 -2.378311124773281549e+00
-1.665348037510290258e+00 -1.724986850761948798e+00 -3.603071906669146340e+00
1.914354673054191047e-01 -2.880958576154430073e+00 5.531328574719753810e-01
-2.610671669537639517e+00 2.424423820996582712e+00 -2.603175183200461262e+00
2.999703237854025595e+00 -2.361609274276265769e+00 3.032398232436359198e+00
1.881457250214106647e-01 -3.797968764902171834e+00 2.911567671783837241e+00
2.417121171716499095e+00 -3.326977433265004169e+00 -7.545042154448441396e-01
1.360807838914577017e+00 4.003677793698788179e+00 -1.445733013565736025e+00
3.074176189358671429e+00 -3.155906080581146966e+00 -1.994233863200838286e+00
-2.124571976516055616e-01 -2.908152120416856778e+00 -3.629386671491809935e-01
-3.636407647578761448e+00 -3.348481895749890747e+00 -3.979481718003555990e+00
3.366146829538082752e+00 1.240553961268625605e+00 2.036580856166261277e+00
-2.523438290281946550e+00 3.664865511957992261e+00 2.108828828943327682e+00
3.309839508838570699e-01 -3.940675347736586343e+00 -1.740964096117359805e+00
2.992468672071520341e+00 1.410402102405963420e+00 5.153485583115162694e-01
3.188357445742667995e+00 -2.848978691352786807e+00 2.208559271726759921e+00
-3.051198632094068164e-01 4.531720469426580022e-01 -1.377169396712858651e+00
1.038905175166877859e+00 -3.392201840532913515e+00 1.872358589701442977e+00
1.510398692536936816e+00 3.954106860676783075e+00 -3.035032965446037956e+00
-3.901633559045116328e+00 1.274639446059404602e+00 3.023903511723929349e-01
2.066207417614545516e+00 3.241597920706514202e+00 -1.438949407620191856e+00
9.250729474742163116e-01 -3.155979303624322885e+00 2.883605445282613200e+00
3.640842452763059622e+00 -2.490339120279216445e+00 -2.781782660176115307e-01
1.251757930915845973e+00 -8.418549845618926719e-01 -2.050180017717717629e+00
-1.506011745284312697e+00 1.194938096657211180e+00 3.372366462311027657e+00
-1.457143940166710783e+00 3.492866989858814719e+00 -8.114180460739610634e-01
-3.749304446375039124e+00 -1.834910507284141623e+00 2.146297435111397700e+00
1.016942285426724712e+00 -1.957052744092072194e+00 -2.718453127067749442e+00
-2.220425801856501735e+00 3.213484089030382851e+00 3.860523993137623400e+00
-1.593568936884582898e+00 -2.089933392926696332e+00 4.509918083420442342e-03
2.207231181033987522e+00 -2.759287398731348206e-01 3.150487342843638849e+00
-7.611362399184746774e-01 -7.462356226823469996e-01 -2.478998707601647311e+00
-2.258805816526114896e+00 3.322425326958790670e+00 -2.464570241486847113e+00
3.497544201055127200e+00 4.757597812146983074e-01 -3.553018862834233182e+00
-3.885785657726001485e+00 3.442754346722649572e+00 -3.227919814757025385e+00
-1.705511263124845467e+00 -2.241121452572044426e+00 2.638907906947454141e+00
-2.557730776338334344e+00 -2.532243863737905443e+00 1.794500661232532712e+00
-1.307033583531595822e+00 3.994856728123387768e+00 -3.157804823354842139e+00
2.144841243774060047e+00 3.828436879008192850e+00 -3.632997456201287001e+00
-8.263206580265985979e-01 -2.016701915116863475e+00 -1.612660588567390363e+00
1.826655310588514158e-01 -4.542260994295871379e-01 -3.676593990518868704e+00
1.626400403712996656e+00 -8.765189059298081897e-01 -3.085547792178673365e+00
3.055355744708210697e+00 -1.919740619063199816e+00 -3.341751637528282970e+00
-1.476333950691040009e-01 6.010252242574594117e-01 -3.996443748288585507e+00
-2.604394890703720655e+00 -1.486283313789591443e+00 8.286002711353337991e-02
-3.939095445593350231e+00 2.470606239531347281e+00 3.551400951054654698e+00
-3.390632205212658512e+00 2.229646397474865260e+00 1.391365114551016413e+00
1.028308680424671051e+00 -2.690713054262085180e+00 -3.281281597435331321e+00
-2.331954763233995198e+00 2.085679894312560123e-01 -3.858254443388053900e+00
-2.329653393668475125e+00 -2.556462088045911685e+00 -3.845891407672398898e+00
8.449525594112955451e-01 1.495287903723868439e+00 -3.273886213002441092e+00
-2.426263105951417032e+00 -2.753089210391558073e+00 -1.674840525932572044e+00
-1.334382296755078467e+00 6.464360627299717832e-01 2.675208100745062545e+00
4.177447617990914797e-01 3.314166487092546021e+00 3.054560295839516382e+00
2.224189473483648261e+00 -1.352368321101303117e+00 -1.350665037822795123e+00
-1.693668060038707512e+00 -3.852874970959288881e+00 4.082787195622382903e+00
2.137527065070160770e+00 -2.581546761520222000e-01 1.096206970332087860e-01
5.325539634450728865e-01 -3.754398266556232322e+00 3.625573482079328391e-01
2.477815770857469513e+00 2.283689723764816382e+00 3.343866193386080710e+00
2.576933235041429793e+00 -1.479901413170313651e-01 2.107399711588738622e+00
3.412603546344964656e+00 -2.277584503730904153e+00 -1.532266848416184102e+00
-8.475749219634398646e-01 1.613927185073790627e+00 1.597568019109372184e+00
8.359413355829750092e-01 3.817986654564548665e+00 -4.080135132756726790e+00
-1.000736586494591629e+00 -4.547055891302688724e-01 -3.227991557342985374e+00
-6.650594128508401370e-01 8.650383646016105432e-01 1.993653881300175623e+00
-7.449821831837465380e-01 -1.568375938011110859e+00 -3.297561062145199617e+00
1.305728110244653184e+00 -3.225648143956815428e+00 4.027873737780089058e+00
-1.419204129784497059e+00 2.542636929793049116e+00 4.079509291276729677e+00
-2.348835733781843849e-01 -6.076040177740927861e-01 1.260510475544220910e+00
-3.726057551404426960e+00 3.908173950225683146e+00 1.956124745606776738e+00
-8.682363598870297405e-01 -2.938135069355488849e+00 2.330390546918673422e+00
2.630298682875499061e+00 2.863990360592230999e+00 -3.201693040662576983e+00
-1.803533006947898976e+00 3.191829769097795477e+00 -3.520533525286816623e+00
3.052761111949119588e+00 -4.054436298463451216e+00 -2.634796612284105777e+00
-3.098980678949308398e+00 -1.793493062394407422e+00 3.349846423332369483e+00
5.129039690762275949e-01 -3.141827056064878221e+00 3.825629413983689275e+00
-3.356064039794810050e+00 -2.313678521357052098e+00 2.599283214082109161e+00
9.288889896564622717e-01 -4.469373063120122835e-01 -2.924936797525976573e+00
-1.462188746718125820e+00 -1.330412560401033506e+00 1.053764572840795027e-01
-3.611862988030943189e+00 1.702277566600034264e+00 -3.914691736718279635e+00
1.742146007058371637e+00 3.234133649935147847e+00 2.446719498120705771e-01
1.500271945797995832e+00 -6.462780970773825961e-01 4.075876707188093917e+00
-2.195161079033023821e+00 1.392478286413753708e+00 -7.893640504117358514e-01
-3.740264429791957834e+00 -2.160429477913110574e+00 3.699705540198007014e+00
1.340831460635603767e+00 1.753896896210467737e+00 -7.640565546237135242e-02
3.566913310698125450e+00 -2.245514821263431049e+00 3.792327493889755541e+00
2.346826632425883297e+00 -3.781989176106733908e+00 -2.078123715697180796e+00
1.973526236766549813e+00 -2.770351296858418966e+00 7.192588890871718377e-01
9.936415962331661689e-01 4.014960151595917459e+00 2.834038557915266487e+00
-3.813961196456777447e+00 3.917078022377067814e+00 2.978973806246711931e+00
-1.158541188619769402e+00 2.897013162516820284e+00 -1.221868309160596633e+00
-2.674015823497100097e+00 7.945514774654284240e-01 1.134674748936234767e+00
3.523704836345416869e+00 3.820996775367694553e+00 3.263560235115517738e+00
3.673442379223663679e+00 1.734812065837778361e+00 -8.976623824798150020e-01
8.443030077833109381e-02 3.117266253219914685e-01 1.995343768773845783e+00
-3.348626405616970114e+00 8.668934609506455669e-01 1.696581629804062352e+00
3.639182700319487651e+00 1.328349552462112282e+00 -1.516401009316889370e+00
3.372999029165785867e+00 1.834905029894597250e+00 2.711925199213296001e+00
1.761778779453370580e+00 -2.696557879242898359e+00 3.768087623554753574e+00
2.967595888416006300e+00 -2.787523332892232641e+00 3.246529496698608019e-01
2.287860499793429536e+00 -4.992972894347241231e-01 -3.288494112436125771e+00
-1.307236428930586225e+00 4.450208522970208747e-01 -3.992208060545612280e+00
-3.377510974875609140e+00 -2.026624295930371744e+00 -3.377138844606221713e-01
2.855776279811525598e+00 2.292225846390079536e+00 6.459172346731040237e-01
-4.135606907757803929e-01 3.421057945069267969e+00 -1.767178644065542592e+00
1.784272876517890571e+00 2.565560896501317134e-01 -2.278556210023638062e+00
-6.892354356134082760e-01 -2.839644609475107107e+00 1.009040808307950288e+00
-3.201232727315447502e+00 3.101274554780339976e+00 3.211646703879878384e+00
2.028116623492546011e-01 1.457775920320796725e+00 3.746127190130819962e+00
3.997352044204085519e+00 4.699278194387446761e-01 1.458162762149154412e-01
-2.458777039592265012e+00 -3.700567289792866976e+00 -1.889476335329929979e+00
-3.618262190293919378e+00 3.161798223501444127e+00 1.346942772078676631e+00
-1.570673063430986227e+00 2.884362661098021086e+00 1.884533854198880531e+00
3.698498691676934680e+00 -3.815551655007999865e-01 1.495176826857260166e-01
3.418716152245071971e+00 3.424654229085577484e+00 2.225463789445446761e+00
1.723091328395834010e+00 -3.129532754520608417e+00 -2.123957540725898596e+00
-2.420396174424607749e-01 -9.070556230384320129e-01 -1.883044349718111965e+00
-1.204598128289627867e+00 3.205773772356333762e+00 -1.916219895280647068e+00
4.021472428163270330e+00 4.942491878083680734e-01 -7.626243677443761415e-01
-8.345491342023710901e-01 -2.358044588722009394e+00 -3.841093549200062629e+00
2.149188107022411476e+00 -3.353913909189240705e+00 5.497108012745138828e-02
-2.775561329069286653e+00 -7.234712969670501481e-01 -2.744824055324160295e+00
-3.875683637057494746e+00 1.421483773239689441e+00 3.333638870748033334e+00
9.876205843343938140e-01 1.452868094430348922e+00 1.979065736691964617e+00
1.829712497658889658e+00 2.928266781521875473e+00 2.085358393629739737e+00
3.098545097226137024e+00 -3.396164156215944363e+00 -3.155106723308362504e+00
1.216530209110335159e+00 -2.547386275901612152e+00 -6.135031224032092556e-01
1.335104729163519854e+00 4.586457797075563780e-01 5.037695831169224370e-01
1.382726616474412085e+00 -3.872718321439786227e+00 -3.986967628703937727e+00
-4.585288042395900543e-02 -2.285918642109884047e+00 2.509509837199405791e+00
2.351629952878538266e+00 -3.423591700309700503e+00 -3.758984282726577142e+00
2.135298493495968231e+00 2.071673076481602482e+00 -6.768044840907692095e-01
2.229724152160130757e+00 -4.672492281082703536e-01 8.092388318735337371e-01
3.061162989242395494e+00 -1.730335461647596551e+00 2.338073958884296477e+00
-1.270101052532277564e+00 -3.196165271101230498e+00 3.136213004626916323e+00
-3.989282261375415306e+00 -2.528470601260644823e+00 -2.028984955039093041e+00
-2.182629689230267456e+00 8.095007155363588280e-01 2.789284883020159977e+00
1.584816480377164050e+00 3.512404874149348100e+00 3.803087944030479672e+00
-2.564503681420088110e+00 3.605625196404369071e+00 5.224419033499741460e-02
3.432159880051407708e+00 1.342504935302306412e+00 -3.552294127633324639e+00
-2.483564117129498428e+00 5.729524724445901329e-01 -2.125179065147143831e+00
-8.730570286871037755e-01 5.060105996095326519e-01 -2.144084013518430698e+00
3.566128666630771438e+00 3.066067217476042384e+00 2.654219085056288008e-01
4.679803426284250278e-01 -9.871474760945850857e-01 -2.088609744701509729e+00
3.793458416819782464e+00 -5.933955140332893841e-01 3.162434570105360887e+00
-5.198445599149726926e-01 2.769795090038098095e+00 -7.587938255801105480e-01
-1.274073776645049616e+00 -1.801608029105537856e+00 3.742173576689926229e+00
-1.676769873496174235e+00 1.718145654673609135e+00 1.814108766994126931e+00
-3.345710059521862512e+00 -3.467774501589085734e+00 7.279622117322058494e-02
-1.049846779424562948e+00 3.104170875788626383e+00 3.156741933963636448e+00
-9.439158398293425734e-01 -2.378984378902429864e+00 -7.635755099426436709e-01
-4.577087381955612377e-01 3.306358564802598377e+00 3.563518774751115448e-01
7.737209791409851434e-01 2.058386410983767956e+00 3.294062673604100322e+00
3.393738094850879072e+00 1.022016162632345848e+00 -8.562692174579915605e-01
-2.264187004185519658e+00 -3.176999651294555527e+00 2.908365369516378696e+00
4.010587007931738945e+00 3.045752782611686360e+00 -1.154186523867300362e+00
-3.003584239474243578e+00 1.191125249736309621e+00 3.075797543167139825e+00
1.337927804895168604e+00 1.368472646339733201e+00 8.012102181242786170e-01
7.349820810000341487e-01 6.006173564165961931e-01 2.889194429556277033e+00
-6.027255910677765671e-01 -7.097578336567594848e-02 2.930024534059581409e+00
2.312341666187492262e+00 -2.940209925776772870e+00 3.184078982951158210e+00
-7.239923077793917194e-01 7.148441606630154821e-01 -5.795135191571387789e-01
7.105651097979273079e-01 3.258236247912512873e+00 1.574134002847251024e+00
4.156668923781631220e-01 -2.007960626967362494e-01 -1.591855511718321070e+00
4.105176473043163909e+00 1.064375122450704314e+00 1.591587029599574210e+00
5.812679028494597278e-01 -2.449138501173070193e+00 3.432001153226460044e+00
-1.557231364370061044e+00 1.887942104195448279e+00 3.122595087981040463e-01
1.685970109514538934e-02 -2.493727388535627920e+00 -1.595888543632365542e+00
-6.800020730765519161e-01 -1.463465680865649876e+00 6.986114863405942232e-01
-3.648934337104275727e+00 -9.138726705288352514e-01 4.027627781283964481e-01
2.889076302517385564e+00 -3.929745595038808492e+00 3.849312702094779048e+00
1.691167315739366128e-01 -1.920231464426190859e+00 -3.050692166081788503e+00
2.534661928096443528e+00 -3.819244349340153555e+00 7.880378241554581997e-01
1.953703539829262370e+00 6.951708229943072137e-01 2.452205734329191866e+00
-1.645861159956820696e+00 2.294734207550738425e+00 2.568142858325068723e+00
-2.578162748801690274e+00 -3.049911172043802132e-01 -6.473950091728783995e-01
3.161068125979898280e+00 -3.878482628202849281e+00 -1.342841631122612123e+00
2.176984877413450370e+00 9.991342057485915751e-01 6.840740822970732549e-02
2.736272492786299360e+00 1.333884944707076858e+00 3.115869831860937911e+00
1.195214162120997514e+00 1.785152143935071212e-01 1.364562777674364069e+00
1.393084801980222442e+00 3.096140376428068830e+00 2.994915780352224388e+00
-2.997657783138342413e+00 1.324776571472680020e-01 3.485882367849049590e+00
-9.568298974402964507e-01 3.441756925607163620e+00 1.093805090091993559e+00
1.375553003645241024e+00 -1.380289448310112244e+00 -3.848766168496950413e-01
-1.731557761265564821e+00 2.881026663927880094e+00 7.310445108074202780e-01
-1.611927196475869239e+00 7.991265038297920564e-02 -4.379560567019732953e-01
-2.377268249458107441e+00 2.321611887435207855e+00 -3.648192004616239270e+00
-2.004968781186755145e+00 -2.707085953158601677e-01 -1.636124317654368499e+00
-1.801741599142326899e+00 2.593232933721726141e+00 -1.579689504013932932e+00
-2.660760928524828817e+00 -2.702108299212148790e+00 -5.618906490944737264e-01
-1.688998914796366435e+00 1.739608928713123115e+00 -2.721855919966384985e+00
-4.019607341080878804e+00 -4.344811589694145826e-01 1.122513188100336290e+00
1.242332691984756821e+00 2.316629746374853749e+00 -7.925384796088063011e-01
-3.568460729558792011e+00 3.680799641740802319e-01 -3.389899432987317218e-01
-3.103758442474335411e+00 1.349715793764752814e+00 -4.114604467512115726e-01
-1.104045172148634846e+00 -2.993036032545991265e+00 -3.063983716028531923e+00
-2.029061637988887945e+00 1.709978124968273505e+00 -1.739295362669043721e+00
-3.405293137865987863e+00 1.272839100458618589e+00 9.681465027474323026e-01
1.989401099996619848e+00 2.163517761833265496e+00 -3.991271560454559442e+00
-1.440923839800353656e+00 -3.944156863035163774e+00 3.311232656687694842e+00
1.038390470269509258e+00 -4.463212382255716815e-01 5.582924312974486547e-01
-1.063500814384921833e+00 -3.969314902474954110e+00 -5.464023317057965512e-01
2.831570683602319338e+00 -7.978689572841064503e-01 9.805109666041124383e-02
-2.461694210645345660e+00 2.587969305506272022e+00 -8.959706414653470508e-02
2.028375900371016893e+00 -1.475203005044998905e+00 -2.609284433636606337e+00
-1.685647065565036185e+00 3.370002762141104391e+00 4.081160179978877978e-02
3.496353753491197924e+00 1.486922368137054251e+00 3.839836055313196272e+00
-1.642141339194773231e+00 -1.967668272005580921e+00 1.796239012532990120e+00
2.606328822710039184e+00 -1.372031935443392414e-01 -2.391471652209385290e+00
1.939328364998888499e-01 -4.574376110109439342e-01 2.498432127965628080e+00
-5.767986575222336931e-01 -5.498289156923451548e-01 3.845082872136310392e+00
-2.320967972949154579e+00 1.667554500327673939e+00 2.451175342990953965e+00
-3.425508378055911241e+00 2.822452455561324847e+00 -3.915322450802647958e-01
-6.058653964574729767e-02 2.605488647728933405e+00 3.427471178196411561e+00
1.787687849962306785e+00 1.278697924192964797e+00 3.382589480371613444e+00
-3.408621417431009437e+00 -1.433790544780960963e-01 2.752620272533135015e+00
6.691098223980398996e-02 -3.337652255318056316e+00 -3.681927308324069781e+00
-2.104144038032846886e+00 -1.085290981137414956e+00 -1.154722025525119156e+00
-1.483198411632814295e+00 2.068438793875352566e+00 3.330447812591150747e+00
-2.295427645616769041e+00 -3.795186700924713552e+00 6.647068478109194878e-01
-2.189060607192498509e+00 -2.875730531483119634e+00 2.565850256964514742e-01
3.859943037803423849e+00 -3.583684207655244425e+00 2.493302009943466846e+00
3.662122819046303324e+00 -3.308161733755667910e+00 3.918974193900077729e+00
-3.254645043492411016e+00 7.550647363059321826e-01 2.721293576634407074e-01
2.874560082393387894e+00 4.211840004014428818e-01 2.972036911615468568e+00
-3.720558217989345717e+00 4.196945472689514456e-01 -3.962531530416014469e+00
1.019240741540027084e+00 -2.651635795354101433e+00 7.440572164108185671e-01
-2.373392797249328279e+00 2.111124746594757351e+00 1.475587660819464686e+00
3.942280536665179635e+00 3.313045908069174761e+00 3.859988137308488110e+00
-1.317220084741800967e+00 3.545373772150378411e+00 4.084698209120144696e+00
-3.730855052394879134e+00 -5.588458464092509459e-01 3.816359174045024893e+00
3.180760602253942082e+00 2.984016230244461720e+00 3.422848320888231655e+00
1.061655283248195580e+00 2.452712478221774184e+00 1.425332911320881024e+00
-9.789511871136897803e-01 -2.518069602802125440e-01 9.809792823425267372e-02
2.137067064370133718e+00 -8.468493336451472508e-01 -2.065100096465151136e+00
3.217732753640651477e+00 1.655158873402550190e+00 -2.129209846204573875e+00
3.706665524746911800e+00 -3.804443823058668350e+00 1.297980419079005354e-01
2.791584312997375417e+00 -1.230883801668774202e+00 3.451964517017598322e+00
-1.554822935018135288e+00 -3.456110935535737116e+00 1.930086762470555550e+00
-3.626847115953809597e-01 -2.122821931466071899e+00 -2.534398249361455857e-01
-3.320679552614316243e+00 -3.927161698982010840e+00 -1.957169393493873866e+00
2.579500607999384076e+00 3.154082479282636520e+00 4.765223510004381602e-01
1.269075789890908412e+00 1.085535113476202795e+00 -1.592448946620635519e+00
-4.056067485757535174e+00 -2.740965561070290324e+00 -3.078165884362791260e+00
-2.023899316895336475e-01 4.049444339710296603e+00 9.074733690645278017e-01
-3.840561437685081181e+00 -6.607001860747763189e-01 2.271067015032007141e+00
-1.077977831668972764e+00 -2.724030305402755370e-02 1.775075413010017922e+00
2.152951898095610161e+00 9.306373525107000111e-01 -9.567360440842609393e-01
-2.447345404261549895e+00 -1.446285333973737375e+00 1.998188908030152922e+00
-3.829678943469064567e+00 2.488850091229399819e+00 5.109907432519441572e-01
-1.921644585153919449e+00 5.117798804278163027e-01 1.892627201041883200e+00
-3.797141942604425058e+00 2.496454134654075840e+00 -2.308146038611757600e+00
2.454140392416342742e+00 3.497757028449453909e+00 -2.564029438777183145e+00
-3.217417190051532483e+00 -3.157179308761230541e+00 3.396119178877756717e+00
-6.316010589877679715e-01 2.866817938189144321e+00 1.604787697559940440e+00
-1.798642960304691618e-01 1.063004242138006150e+00 5.467708558283246312e-01
-1.545177889048106878e-01 -1.489705167655076989e+00 1.781036169637106203e+00
4.525569082076452698e-01 -1.205081404636584752e+00 -2.646766714599081971e-01
3.788094605854589236e+00 1.936358772432959618e+00 1.668040227899038275e+00
1.213760083347757091e+00 -1.423634269571276423e-01 2.236840763853714442e+00
3.107560684502701065e+00 -2.984842113183878154e-01 7.764207003677346952e-01
3.931923393526083554e+00 1.736309641843478691e+00 8.267735316125359724e-01
-1.732363774856319427e+00 -3.305283914985801985e+00 -4.262773350835653563e-01
-1.138613448258779748e+00 -7.840170577122986817e-01 7.573601256495788858e-01
2.824399849343790514e+00 4.043059449806968964e+00 -1.527514054979068614e-01
-2.685711909968385491e+00 3.089009124696654451e-01 2.348803941450849919e+00
-2.299745029304978150e+00 2.923298150281915309e+00 2.532001087879625967e+00
-1.586578310344953335e+00 -3.854553983278822482e+00 -1.487597353294519475e+00
1.291865823132401836e+00 1.460795579362454077e+00 -4.063781343077638830e+00
-1.477737402716519544e+00 1.966610416886460877e+00 -3.572760567114984465e+00
-1.362559929631620204e+00 8.934969809334382118e-01 6.660692189062827895e-02
-3.467100133642488480e+00 -1.810196035525549085e+00 -1.557709296571940349e+00
-6.193275094756750532e-01 -3.304466836634619931e+00 -2.042541815496470292e+00
-1.396273106166848521e+00 -2.681677728118645465e+00 5.710970748181091183e-01
-2.930856084256238780e+00 -2.185588761461170204e+00 -2.752109432735475369e+00
6.162353101862355631e-01 -1.614278542552347318e-01 3.673611611519242093e+00
2.009707174665141149e+00 3.893512832033103166e+00 3.124149261934173083e+00
-2.534137290811314003e+00 -1.083543164344433318e+00 3.242973746859136863e+00
2.777883390451746592e+00 -1.082896170197890751e+00 -2.680379093415140357e+00
-2.840630521386975360e+00 -3.778225471345120212e+00 1.835608332160086009e+00
-2.987282003618634718e+00 -1.253488838023127938e+00 -8.216321553852798942e-01
-2.105310257771599858e+00 3.286816245532211855e+00 1.402663633524098064e+00
-3.788451305884160680e-01 2.479293759622817284e+00 -3.820834823192293062e+00
3.458757433746270760e+00 -1.101358159303265916e-01 1.497096716421911555e+00
-1.307391153127913430e+00 2.267390040769507120e+00 1.195231259110541622e+00
2.519306576207162252e+00 -1.113492091135070750e+00 -4.094125026081783858e+00
1.952954958615687131e+00 2.479134492766881248e+00 3.227101844095950356e-02
1.230377468703463539e-01 -1.059068744164168852e+00 -2.927306024861993095e+00
-3.484782653075167325e+00 1.608126036121105384e+00 -2.785120813591607458e+00
2.444210564488416448e+00 -1.468311934132733976e+00 7.456613577237466428e-01
-3.037698284568278062e+00 3.516540192647465535e+00 -1.003115825471470934e+00
3.388209157944544803e+00 3.284410251379196843e+00 -2.845612339048686934e+00
1.733202457266813212e+00 3.184981454484796526e-01 -3.309529992338605009e+00
-1.124073378435276105e+00 2.632517853477830183e+00 2.220943841551532849e-03
1.623950544756768810e+00 -2.717084169730293652e+00 2.571802567789175153e+00
-1.932332797419598069e-01 2.231156434692964652e+00 3.098530734609966641e-01
5.761376163047190468e-01 4.043136937512171514e+00 1.997389524211187428e+00
4.091632330214705959e+00 -4.074046067244305735e-01 -1.757683838979917645e+00
-3.514043945222719234e+00 3.188914911641674621e+00 -1.814624160969731781e+00
8.739607234136417269e-01 1.878337731813772615e+00 -2.493653636135506613e+00
-9.849502952323149207e-01 -1.405784222461573307e+00 1.533383064191454759e+00
3.739578704304945767e+00 -1.645074438662538663e+00 8.317213655589360544e-01
2.155299049261691913e+00 -1.872667602443938595e+00 3.314403645884269611e+00
1.244262711405750704e-01 1.035327765374460585e+00 -2.422163087705333950e+00
2.451080123819681322e+00 -1.091893263011601833e+00 2.692062191682833561e+00
-2.638200375998141833e+00 1.913463096936508512e-01 1.570487071379828681e+00
-3.482879985564391045e+00 3.079586867400392891e-01 1.074121164693924158e+00
-2.995561773975345954e+00 1.638416091945630093e+00 1.778248005563184408e+00
-3.842939597614050573e+00 1.596573811804540055e+00 -1.957751889095215025e+00
-1.130511730606705179e+00 1.704495238842111293e+00 -1.906163307555386988e+00
-1.967473009095448200e+00 -8.779295097193418052e-01 7.845895104899197614e-01
-1.240690456169442735e+00 -3.443383965153169690e+00 2.180114441612698850e-01
3.966873285438326846e+00 -3.638362770641269783e+00 -2.017516993362179267e+00
-1.729880330762620655e-01 1.646749998353383315e+00 -3.425154418766289677e+00
-2.550217510555399247e+00 1.118611018553257619e+00 3.877042337917637749e+00
-3.983771592708346798e+00 1.192772331544044162e+00 -1.006399475551373435e+00
-1.435950468764795804e-02 -2.661244237566411375e-01 -2.502006114484220500e+00
2.999799364652786071e+00 -6.364138025117981323e-01 -1.764698303264611079e+00
