8.220706914434900980e+00   8.220706914434900980e+00   8.220706914434900980e+00
500
-2.297900436877142294e+00 3.481002868842847153e+00 -1.430737003636981974e+00
1.870801081032783975e+00 -1.843597787574300373e+00 1.436132702559091978e+00
-3.440954515185517426e+00 -3.323276484958378685e+00 2.642632497193481811e+00
-3.222250934640845665e-01 2.283142061787523325e+00 1.230127720764048638e+00
1.758023883059525616e+00 -5.737839565207424330e-01 -1.270552356613856571e+00
3.514438271240023948e+00 -3.696414338288266599e+00 1.413212663019762116e+00
-2.707479600064585767e+00 4.015995959916101476e+00 3.180608359494863091e+00
4.101043939071714384e+00 -1.475522574341583848e+00 3.169664238037605664e+00
1.114482548762175673e+00 -3.619587657041420048e+00 -2.581149388254649679e+00
-2.041279159581988800e+00 2.445652824328275354e+00 -3.062088034385902713e+00
3.028525204321964814e+00 2.145745794936974871e-01 -3.662538443839762070e-02
-1.729182363447658632e+00 1.123455978156185919e+00 9.663576729066424287e-01
-1.929802543506808465e+00 -2.325751432324821566e-01 2.560574170452107889e+00
2.600574286880488195e+00 -4.959005850354974987e-02 -9.220086807668503859e-01
3.704219929069405559e-01 2.828464776735609920e+00 -1.101200162275325134e+00
1.073858891251722181e-01 -1.309814407435335948e+00 2.810167479031101312e+00
-1.301852884716783176e+00 -3.053914808620396215e+00 -3.848775297767373260e+00
-2.350647566133932997e+00 2.261490260874638114e+00 3.473269745306683198e+00
-1.071080338091947581e-01 4.078488122915118197e+00 -9.456195070867133845e-01
2.049663022219226693e+00 3.794254545715810334e+00 1.613633624447970094e+00
-5.674223804734505050e-01 -3.308277471578812357e+00 3.889052915560930135e+00
1.616661903429591263e+00 -6.783474309991749385e-01 2.488970778101491810e+00
-2.581638468197600123e+00 -1.447809013915532184e+00 -3.494061908450691867e+00
-1.347195262467975718e+00 3.238653259609863166e+00 -2.769898325062435163e+00
3.074619946622884903e-03 -1.979115020161027472e+00 -2.449322371823116740e+00
-3.926489812269769342e+00 -2.997055566919443415e+00 7.048720849505559771e-01
1.425460215617805781e+00 -3.447030127363572838e+00 3.275047051347525606e+00
7.611290573650504321e-01 -1.991743426752316859e+00 -1.603955187062255705e+00
-6.648939274700086388e-01 1.551728191531617451e+00 4.062347898348236619e+00
-4.956152967204585646e-01 3.372462873083720947e+00 -3.412560029909089465e+00
-1.758973063416187088e+00 -2.306041242357188825e-01 -2.452112767894080392e+00
-3.991031120094154616e+00 -2.827603993329980803e+00 3.341473177006388795e+00
-1.878589137348634086e+00 -4.090548685305190446e+00 -2.473999419715912307e+00
-1.908913601144437644e+00 -7.350651579803157976e-01 1.699094023342448745e+00
-3.901112791412615355e+00 -2.558422910427046837e+00 -1.064932959993429629e+00
3.352686649753264803e+00 -2.456087804006530817e+00 -2.409402816569649275e+00
1.482683237952602262e+00 -3.563022379955074204e+00 8.708341468183229406e-01
5.510038862080246513e-01 1.806190686298218440e+00 1.135222913177335258e+00
-2.590790770664740172e+00 1.270471337345284724e+00 -3.429563843879110063e+00
2.508550420400381675e+00 1.474096579930729733e+00 4.086045334088392877e+00
2.672133867743779589e+00 2.092881049145417283e+00 -1.445119809087815232e+00
3.899089691670424851e-01 2.941279618785787697e+00 -3.101585142352234925e+00
6.304236407843738510e-01 2.571871584517011478e+00 2.179409111727158788e+00
1.238742204170969918e+00 2.091745649651911787e+00 -1.539644717915227501e+00
-8.510140726461569161e-01 1.117124174060625252e+00 -3.048511297257544328e+00
1.912982711411304271e+00 -2.170975248479435571e+00 -3.687900122657469915e+00
2.276824634330123054e+00 -3.443286753616736640e+00 1.960526468965797964e+00
2.437047135667454345e+00 -2.497998111233147966e+00 -1.598523563143758874e+00
1.449481144385895481e+00 -8.986459173180950666e-01 1.229868491299028088e+00
-8.544800641988056222e-01 -1.041863284189725292e+00 -1.266623373722979284e+00
-2.876852473622145023e+00 -4.056895878256987942e+00 -4.087538853079352386e+00
1.253685029090827907e+00 -2.749713140783054399e+00 1.541551946801366979e+00
2.194228986518654834e-01 -4.104259634451845606e+00 3.732332383066387926e+00
3.978639458394992001e+00 -4.062725534233488034e+00 -3.355530572587214433e+00
-6.367869371274668122e-01 -1.196858857533970921e+00 -2.162569622430676464e-01
7.232222054002103162e-01 -2.320778675690232440e+00 2.392757928811580559e+00
-3.847379154067180451e+00 -3.925142163421328156e+00 3.892046865679231527e+00
2.195432558371719800e+00 -2.351865532489439747e+00 -6.275134504590531570e-01
1.094703194673106950e+00 -3.598226796546871942e+00 -3.625589235009402111e-01
3.173164538526554335e+00 -7.575531035217668574e-01 -7.138558028287238511e-01
-1.663188850207313774e+00 -8.801286957890415152e-01 3.368858810286526673e+00
5.676839117828719194e-01 4.618305918538631039e-01 -2.948593345601756788e+00
-3.373263958643929250e+00 1.220176834259072418e-01 -2.219722077214191902e+00
-2.028205743583658016e+00 1.864876451196323393e-01 5.472827509544448965e-01
-3.149592148083385279e+00 -3.696282465688922048e-01 2.580006302575172383e-01
1.739161722026144830e+00 1.224619960096041460e+00 -3.105818070475824033e+00
-1.821580713577737765e+00 1.051952926978653308e-01 3.519789265434677628e+00
7.032267902659863346e-01 6.215756339635215566e-01 -4.021927339707935367e+00
2.475604798842236942e-01 3.413150698703265373e+00 -1.618870642396663118e-01
-3.518533606377610923e+00 -2.184524623689579226e+00 1.124366375547512620e+00
2.627856339507640970e-01 2.549962798312504386e+00 -2.040943697871745233e+00
1.450658145605780436e-01 1.557705797334128395e+00 -1.525449624836349827e+00
5.676198236509272244e-01 -4.095551955147286094e+00 -3.230083741889825166e+00
2.285649165162497720e+00 1.148252489426541789e+00 1.827231103028664094e+00
-2.321076314409010188e-01 -2.972993948507166362e+00 2.984824950566125068e+00
2.960646711062543623e+00 5.949306908508950054e-01 1.277514472633637821e+00
2.923967372998816483e+00 2.692596383004823402e+00 2.430319361399497780e+00
3.722445195743900648e+00 2.312293232529440967e+00 -1.241756411997560761e-01
-2.113837039036805976e+00 -3.931168741317028203e+00 -1.080955253121859694e-01
3.854274582071246513e+00 -5.871165410761711168e-02 -2.606286913889031887e+00
-3.240427150458286221e+00 -3.750468835625614616e+00 1.067884093645151689e+00
3.077518671812973672e+00 -2.837796496952970760e+00 -7.257116808155569254e-01
-1.716109418010833165e+00 -1.705061570751879918e+00 8.585398244935878997e-01
-3.606113866184154748e+00 -3.623056743139899005e+00 -1.157320733695823112e+00
-4.430095779857464722e-01 -2.676142782848295987e+00 -2.989859002216519013e+00
-3.720169532819109559e+00 3.521674254686511851e+00 3.213879403423229864e-01
-1.926442077623908178e+00 4.075076282205167821e+00 2.387497519928738487e+00
9.681557852437272516e-02 -2.806924839734047161e+00 1.665161731992809591e+00
2.595601494140283627e+00 -1.052860492407554194e+00 1.711236016279492622e+00
-6.207236862053717719e-01 3.831891675146203546e+00 3.356433034202817467e+00
-3.996753891458911578e+00 -2.901314735422604318e+00 1.738969421443680829e+00
9.089253187327724914e-01 2.537376591552391147e+00 4.032168531343293338e+00
-2.499277786393605538e+00 -2.121922351193445078e+00 3.771681032522182786e+00
2.855945298728830295e+00 -2.889747897115152453e-01 3.974968136592586632e+00
-3.242094499653898954e+00 3.118745833250721855e+00 -4.005248497607996505e+00
3.727757480384561450e+00 3.097568551454918939e-01 2.462323915169726263e+00
2.599349144389351274e+00 3.126743374236537587e+00 4.011116613061438407e+00
4.018585865012125891e-01 -2.369284657559799001e+00 -5.899558537779312495e-01
-4.056605306839055736e+00 3.919903685697579299e+00 -5.179744914898380959e-01
-1.501892607876927910e+00 -1.553411270010397915e+00 -7.321475269113283391e-01
-1.465233520037426462e+00 -2.448666464152799982e+00 3.530485146614323000e+00
2.882288965886821153e+00 -1.133268215285651026e+00 -3.555672981864355986e+00
7.055054154864115468e-01 3.566000975705571729e+00 -2.245842686273563871e+00
1.068987798091128427e+00 1.053249697289363906e+00 -1.645866474848201866e-01
-2.518789691880395587e+00 -2.517394854334714438e+00 2.646481839648742618e+00
3.676473771259065604e+00 1.276568178247798446e+00 -1.357103670336199941e-01
2.686208473628438065e-01 -3.087292357100213991e+00 -2.425420659705955995e+00
1.921433755643603858e+00 3.794740363430606056e+00 -5.031913364233590036e-01
-1.417091089157772044e-01 -4.503132005984821218e-01 3.448334250354075370e-01
-3.662875888805140256e+00 2.082153223800405684e+00 -8.242121831240640795e-01
-1.508211076588715782e+00 9.257762718174039618e-01 -1.258197468010770370e+00
-1.541713827243869295e+00 -1.309011199052501295e+00 -1.976490931372675286e+00
1.577307608193436517e+00 -2.206676698790022151e+00 -2.037971318609737459e+00
2.836006958091816799e-01 -1.222037010755141040e+00 3.920016254573383208e+00
3.812891152387394289e+00 4.302251905263193565e-01 3.557658250546087420e+00
1.426375563214320241e+00 4.837839243141867085e-01 3.497366899108636851e+00
2.684758054013122841e+00 3.461839542071685205e+00 2.913159239019988522e+00
1.828559958256176010e+00 -1.623538687981517237e+00 2.482982212820989520e+00
-9.631514629398106875e-01 5.188197544558350582e-01 8.408672956715952385e-01
-7.334805022227532945e-01 1.442328747661811406e+00 -4.433878333834372076e-02
3.726598730169581319e+00 9.031027653780845377e-01 7.830939600978823467e-01
3.078006790954615379e+00 -2.633557497260792690e+00 -3.992842476108140026e+00
2.902546142680266339e+00 2.686228205753074860e+00 -5.487714150854443584e-01
8.171541596915991024e-01 4.984038464586237893e-01 -1.071822147539307934e+00
-2.755676118542500941e+00 2.381117854667811340e+00 -1.099109945704518809e+00
-2.845721540529781546e+00 1.129742171797825989e+00 -2.447839371689397137e+00
1.997201819489181629e+00 1.684989206441810827e+00 -2.206680294661315322e+00
-2.341534551579677714e+00 -2.026967620952552451e+00 -1.025065692701757403e+00
-2.593209245319935796e+00 -3.717969867544034024e+00 -9.805996184995871001e-01
-3.993006582335997035e+00 2.536214676663627987e+00 2.395040768123986918e+00
9.378439735367601893e-01 -1.542544636046524031e+00 5.500935479838257036e-01
3.809653234390780074e+00 2.077438900184332304e+00 -2.911103612241377814e+00
1.218595104583588773e+00 -1.656222354996017554e+00 3.514357644156852700e+00
-7.578929988628881897e-01 2.589447713715718358e+00 -2.091963536098242482e+00
1.199069868305029596e+00 3.165369425305801343e+00 -1.515521271115892521e+00
1.614320658329570612e+00 -1.599845284469912698e+00 -1.216179209960191798e+00
2.824834722918080132e+00 3.166140340532253461e+00 1.463047128525472473e+00
-3.272641911182603280e+00 -3.219474435512485577e+00 -2.517434719713049773e+00
1.920314596669172147e+00 1.940097139906669543e+00 2.477120696256906118e+00
-7.304119844366354641e-01 1.550352917070337178e+00 -1.074922129834960272e+00
3.630435891105864066e+00 -9.499000420432903713e-01 2.359924021065352040e+00
8.289757897925837948e-01 3.820567161135351331e+00 -8.867498876399303454e-01
-1.822613688900901752e-01 -1.711267260223412690e+00 -9.632787097097401663e-01
-2.359689192524508705e+00 -3.455640041063912093e+00 -3.118269975567501628e+00
-3.209667870861574901e+00 -1.033802176889224267e+00 2.372210363081026507e+00
1.547174904478807678e+00 1.802042051674516698e-01 -5.503323151954941927e-01
-2.657440984436372666e+00 -1.623138183706927862e+00 1.001909907472533945e+00
-6.928331219888657078e-01 -3.249065422472602549e+00 -1.200199718197308307e+00
2.726401871025028623e+00 7.239984907107012146e-01 -1.873124946190577678e+00
-1.326522958192738244e+00 -4.029093790868416569e+00 5.199752405507173103e-01
3.720369986896653991e+00 2.306664184418013797e+00 -3.825695162640693425e+00
-2.961336805844185238e-01 3.125517380522036426e+00 2.716809497698595699e+00
3.903491361119201031e+00 -1.472664420045650679e+00 -1.028925780568059389e+00
1.064713735010696383e-01 9.976197689390703394e-01 -5.459428898460040314e-01
-9.123036695300407173e-01 -9.579574598880977176e-02 -1.452250889426337732e+00
-3.953966702580766768e+00 -1.478223117132872133e+00 -2.831748572636472172e+00
-2.541255087139457469e+00 6.089853973668462039e-01 -1.237147249879149147e+00
3.562473402869964278e+00 -1.134966427495515573e+00 1.312156013249742958e+00
-1.463668237705062047e+00 -3.971755419944435594e+00 1.540412891688135000e+00
9.592177178627717682e-01 -1.360753005799611115e+00 2.130050051904209596e+00
2.768663995077159878e+00 -1.655011445424395156e+00 -3.438729963383175270e-01
-2.466715626572607789e+00 -1.547309544786878543e+00 -2.253742605197984084e+00
2.527207286280762633e-01 -7.454242887718798283e-02 -5.136809373328201644e-01
2.127465588377726480e+00 1.800363264860480816e+00 1.028126524560390331e+00
-3.366461626032674737e+00 -1.115824631564632297e+00 -4.008814180360598556e+00
1.880484613114936643e+00 -2.091635175404806368e+00 3.393747430045832014e-01
-3.316255265886170478e-01 -3.956178750708020164e+00 8.933606344589957449e-02
4.457010417972055716e-02 -1.967065093711701351e+00 6.358890783551423009e-01
2.573388354800973499e+00 5.047591246666620624e-01 -3.621720626901381745e+00
3.114422142538177063e+00 2.845360814139401118e+00 -1.968402454443546556e+00
6.305824429134596620e-01 -5.883733078324624444e-01 1.698175174221538297e+00
5.702757236635990212e-01 1.874886286334932706e+00 -5.607239681126130471e-01
-7.116654914702172929e-01 4.046493894791235668e+00 2.041349824486998088e+00
-6.176362391872152191e-01 2.347557373839392003e+00 -2.988456894477340864e+00
-3.235267476277560728e-01 4.015343935262820629e+00 -2.406681472408711109e+00
2.035626144290198170e+00 -2.962118213702721992e+00 -3.008287998684349596e+00
-1.703969326355769809e+00 -8.638144952889573736e-01 -3.647096022142943816e+00
3.912389356804444773e+00 3.439574504190613169e+00 -1.936707285559191583e+00
3.800281047449698857e+00 -2.440900062040864960e+00 2.565733739267048286e+00
6.703006993776883249e-01 -1.935242743171753377e+00 1.409384615313371780e+00
3.719025491693050967e+00 -1.595698045036721080e+00 1.517236209105012751e-02
2.462986079580051335e+00 -2.377554157639073296e+00 2.285636225722758930e+00
1.369068786861971310e+00 2.834981737913654154e+00 -2.398122500893910658e+00
-1.636475858192002475e+00 -1.736344928104309959e+00 -3.278500641133351490e+00
1.110606638566041110e-01 -2.926515347686123647e+00 5.404214070860096086e-01
-2.769913657893911640e+00 2.222965156241705209e+00 -2.398672998158826619e+00
3.047969989084889697e+00 -2.281668768313450002e+00 3.171635577401985540e+00
-4.714615507481108303e-02 -3.930193815200100360e+00 2.745186949782653318e+00
2.409690001330904163e+00 -3.633387436777301804e+00 -1.009718876143545607e+00
1.530938882469057738e+00 -4.052490436754778713e+00 -1.587513914219244704e+00
2.995421636260995335e+00 -3.300747299949036595e+00 -1.834410477773551040e+00
-9.034363534035205756e-02 -3.206628460981431061e+00 -3.942451510380344804e-01
-3.431912680041171448e+00 -3.445912275263815161e+00 -3.482220609902602071e+00
3.214092696560026940e+00 1.245908144733414602e+00 2.111262023357650008e+00
-2.976597657014745657e+00 3.531554520219710724e+00 2.080463084094889670e+00
3.942230497687021495e-01 -3.710697205714217795e+00 -1.700227069395613633e+00
2.872678975286967251e+00 1.372924502317145246e+00 5.401983759436622679e-01
3.219803826639222155e+00 -2.986997382669544177e+00 2.021926497325777117e+00
-1.262261909026338447e-01 4.939928771604947255e-01 -1.508591224671770314e+00
1.271493631273861391e+00 -3.643524160434126191e+00 2.062546989243982942e+00
1.596958623948962375e+00 3.749015490384004501e+00 -2.962966527437737696e+00
-3.561253798706647267e+00 1.577016764588107689e+00 6.539596872571537545e-02
2.130849583760194399e+00 3.340561049043711872e+00 -1.576402600179147573e+00
6.964222021333559276e-01 -3.206233895528726396e+00 2.766897616637980395e+00
3.908359996549947812e+00 -2.676685362520937694e+00 -1.704797125612727837e-01
1.382227778673917440e+00 -9.068520640835288082e-01 -2.129874215904766555e+00
-1.475839325377520828e+00 1.057406002540227430e+00 3.609865687871835149e+00
-1.375395777039348122e+00 3.427194197141358423e+00 -9.300601175354024086e-01
-3.941315863243016970e+00 -1.662528006714563578e+00 1.878873362838140881e+00
9.971522421485471410e-01 -1.867433533683984237e+00 -2.824538618292795622e+00
-2.372206689734812191e+00 3.271133845631218229e+00 3.833980591786685377e+00
-1.729121779586670238e+00 -2.150832756211841890e+00 -4.089391247262791351e-02
2.077498141327839054e+00 -3.052007997932011385e-01 3.300330793235950022e+00
-1.060163978559698572e+00 -8.652593310697302975e-01 -2.658342494335357298e+00
-2.570831386069043045e+00 3.346866438387660736e+00 -2.605143204490881992e+00
3.755128236111258566e+00 4.959411570854365681e-01 -3.569668398059518744e+00
-3.627305808068685078e+00 3.398951314231219989e+00 -3.093363669909795721e+00
-1.620788595479538907e+00 -2.179644970153590489e+00 2.630908213242167282e+00
-2.617066916523424158e+00 -2.590224355035824377e+00 1.603632720152458058e+00
-1.040548114873716790e+00 -4.040378811667451053e+00 -3.146024808295287301e+00
2.647193528842312293e+00 3.874227121714287403e+00 -3.427307717954198196e+00
-8.458649842550681752e-01 -1.983352354738907142e+00 -1.849479753257232018e+00
2.088865291332397400e-01 -2.257191034227305493e-01 -3.626520742369396366e+00
1.547292848934479936e+00 -1.262830137059564262e+00 -3.386507021024381725e+00
2.872492801663829809e+00 -2.052747398077263696e+00 -3.203398934832742295e+00
-3.399848227080459750e-01 4.100360943024204397e-01 3.996804336597199470e+00
-2.482846947159810469e+00 -1.476257316784561624e+00 1.279098779448666068e-02
-3.986632351706664412e+00 2.299493463007321381e+00 3.560460453573794481e+00
-3.498562160251188047e+00 2.220176876011598299e+00 1.469968245271730867e+00
7.680844515661903182e-01 -2.777900874121010943e+00 -3.264866864117744516e+00
-2.534981433245301563e+00 1.953969532425986755e-01 -3.481861827707992241e+00
-2.328949157754435451e+00 -2.522641698925990994e+00 -3.568262585120171249e+00
8.005190961072556899e-01 1.971742028450837569e+00 -3.359145836889381620e+00
-2.297380491260728963e+00 -2.532574791590642693e+00 -1.904711477615780968e+00
-1.231171268061864499e+00 5.872262804340547815e-01 2.743405432585237058e+00
4.237866082322556127e-01 3.190459154643373818e+00 3.347401793087153354e+00
2.659403185233333744e+00 -1.542782578442239982e+00 -1.327446328088971672e+00
-1.763427891467798103e+00 -3.936357537918636851e+00 -3.958994420678404680e+00
2.021120037223238075e+00 -2.797928304259801879e-01 1.603857217880822750e-01
5.544217122039323264e-01 -3.829349651169556612e+00 4.435515561849505684e-01
2.545428866950557367e+00 2.174102333700649758e+00 3.347958020930696943e+00
2.386943060686730345e+00 -1.161467028763846637e-01 2.178975668192628667e+00
3.394112206409575894e+00 -2.241437498198142197e+00 -1.455985535297568578e+00
-8.223073640117424254e-01 1.426858190379958424e+00 1.317778095834823748e+00
7.625272244510906683e-01 3.483589332705185004e+00 -3.921242858795333852e+00
-8.016060827107054365e-01 -2.833488830736201058e-01 -3.398121229450298486e+00
-5.198675307417207625e-01 7.005790484217369052e-01 2.002814891372882933e+00
-8.021190181693541588e-01 -1.753219103548772750e+00 -2.966162020272722799e+00
1.347693801336709019e+00 -3.064733470144224814e+00 -3.989091973844031358e+00
-1.466021228331274795e+00 2.589583823839757049e+00 -4.044895943379319014e+00
-2.824078646409050597e-01 -5.576621317192460570e-01 1.412448413269291381e+00
-3.795595491652967279e+00 4.069798014570516820e+00 1.808946020619630612e+00
-9.362486065721078443e-01 -2.833252048292530301e+00 2.093382052545937455e+00
2.517794901639571314e+00 2.213889762432416308e+00 -3.064156490561373403e+00
-2.064810714901660571e+00 3.424464972433086896e+00 -3.489464878720661467e+00
3.170288887560809066e+00 4.053442726426165876e+00 -2.454865034105580435e+00
-3.174282018441660913e+00 -1.681668568205422210e+00 3.188739594055927995e+00
4.156318592893056829e-01 -3.188109305702744756e+00 3.909726424292904845e+00
-3.430267215123991242e+00 -2.260768517129050803e+00 2.401235310408178947e+00
9.308117875950177034e-01 -4.888406726245094758e-01 -2.897847491731180725e+00
-1.587213791928875350e+00 -1.024967451450049305e+00 1.001847535938878986e-01
-3.521068832388525749e+00 1.661237225740189949e+00 -3.829969363223166834e+00
1.358961203641444682e+00 3.497552828841125727e+00 4.288714671198481376e-01
1.214766897044896377e+00 -5.149120393583894728e-01 -4.065531248929923791e+00
-1.970668355965465857e+00 1.871337087086588413e+00 -6.281463330033542070e-01
-3.479039867040245593e+00 -2.261520502934065036e+00 -4.088575753513541855e+00
1.092292787147916666e+00 2.116314279264217113e+00 2.254687067567913705e-01
3.716543158682075632e+00 -1.980577733690437547e+00 3.961743682224743601e+00
2.236922476686688199e+00 -3.996682160025775588e+00 -2.280297357624147647e+00
2.250809944384459360e+00 -2.815032089831589257e+00 1.032133969071255652e+00
9.509868326349798506e-01 3.948046130646226892e+00 2.807561635374128173e+00
-3.685226146787943691e+00 3.845847273819661183e+00 2.804836396894797801e+00
-1.033763164186485506e+00 2.557773663238109396e+00 -1.143814412519563506e+00
-2.663582705134182049e+00 8.095908820483643797e-01 1.199097931269862194e+00
3.587526494661099630e+00 3.741047484599153261e+00 3.303144289540306922e+00
3.580136758210710202e+00 1.890505336270257963e+00 -1.038936266505971817e+00
2.801525842636218844e-01 2.602299048494144951e-01 1.571977088434203473e+00
-3.436942666090789356e+00 5.619564351331524099e-01 1.982803656001082659e+00
3.811768134394025065e+00 1.108423573287431019e+00 -1.733254582092903950e+00
3.431224268629539775e+00 1.989570192424301887e+00 2.797750203468915231e+00
2.109561010286541194e+00 -2.639208514122064031e+00 3.640969810101969184e+00
3.076938013338128108e+00 -2.984058180888605083e+00 3.530185351279749861e-01
2.275877373020135597e+00 -3.907843257643136003e-01 -3.375117667895777718e+00
-1.385342366514187074e+00 5.215208652785036092e-01 -3.793621757634288549e+00
-3.285161671546714235e+00 -2.130807772084995388e+00 -1.106590885955403836e-01
2.893258026342155009e+00 2.401986493619434171e+00 7.812044264173150232e-01
-3.245348324813770446e-01 3.343274741218401847e+00 -1.587981589944873706e+00
1.762767612132284167e+00 2.357239767386002938e-01 -2.257109034495395239e+00
-7.651068061871255654e-01 -3.225015606373164978e+00 1.087372075252457382e+00
-3.224711147209503803e+00 3.050606901160047180e+00 3.154846340636173085e+00
3.721619929986409447e-01 1.553259265135256362e+00 3.725477160658539511e+00
4.082623088094098129e+00 2.915896443181638653e-01 -3.337552374641699487e-02
-2.536480456870768840e+00 -3.533296894054109849e+00 -1.970003594880823217e+00
-3.670364702436491378e+00 3.193118212830754477e+00 1.408612800582426994e+00
-1.387031575819503093e+00 3.297493043909094812e+00 2.019901321478180023e+00
3.847397742495572981e+00 -6.044540034411450824e-01 9.331371528675511118e-03
3.630206398723441641e+00 3.427948601117144722e+00 2.250891158491473920e+00
1.769417754415810951e+00 -3.145181624991450153e+00 -2.062105741734514108e+00
-3.369574117941337432e-01 -7.695822653209485331e-01 -2.020579872008706257e+00
-1.163476834228565071e+00 3.705424090432266837e+00 -1.874463251017762788e+00
3.794041782766796267e+00 1.583959657150595390e-01 -1.007679530313174698e+00
-6.298181082387290797e-01 -2.103242004376423058e+00 -3.915478695186543234e+00
2.038361691778308504e+00 -3.331519486142557440e+00 3.177474550019938893e-03
-2.708455481559987721e+00 -6.047288736093555661e-01 -2.216175975023715328e+00
4.101793443265076000e+00 1.308236864068491823e+00 3.099036678963267288e+00
1.164788509966099284e+00 1.557295774301514779e+00 2.081955468992774172e+00
1.800277973103485252e+00 2.916064909408679018e+00 2.112465490112826583e+00
3.143935765133927251e+00 -3.385066839495388447e+00 -3.104684807499914267e+00
1.335589323429680286e+00 -2.606816490004083331e+00 -6.623064171524968291e-01
1.282634522788972831e+00 3.523408370675132906e-01 5.575267516903681386e-01
1.538410069722191631e+00 -4.003999032625933374e+00 -3.847450005751223312e+00
-3.230444610199473265e-01 -2.160193326477178655e+00 2.467686741923004856e+00
2.367295041055002436e+00 -3.416746272585119204e+00 -3.937799974549846649e+00
1.923296174754714150e+00 1.839445870443487285e+00 -7.001078223892452934e-01
2.272986508960838314e+00 -1.335304929096214621e-01 1.117149879173269689e+00
3.125489863463949636e+00 -1.791429144448059896e+00 2.013464821877790190e+00
-1.281197054003316183e+00 -3.264596416853201344e+00 2.900571517308884406e+00
-3.857779360779941769e+00 -2.461219541875072636e+00 -2.024704635509674944e+00
-2.104001965427920062e+00 1.090458348231047037e+00 2.763372492329827068e+00
1.637932503138843199e+00 3.358034611292219029e+00 3.924180046486338558e+00
-2.749919374195967325e+00 3.576662327339639180e+00 4.580237251285469435e-01
3.151871664291460373e+00 1.456800089857066105e+00 -3.398203536471759989e+00
-2.052351054893304827e+00 6.274554653635139312e-01 -2.077505177080630094e+00
-1.029805255773390993e+00 6.470990757078173283e-01 -2.171736535623279174e+00
3.643264609653687369e+00 3.138177109903191653e+00 6.093992690208258622e-01
4.732247016926419692e-01 -1.198517258943919694e+00 -1.998788840884827778e+00
3.571579271950472201e+00 -4.684773929029785733e-01 3.209719795522178565e+00
-3.449177254743520660e-01 2.401508428941523388e+00 -4.974342389091557792e-01
-1.390474742728175839e+00 -1.556582470953629338e+00 4.022501635518956675e+00
-1.847621759845977651e+00 1.621082005506266688e+00 1.784422081041629804e+00
-3.372777541078168628e+00 -3.510831041542821218e+00 -8.587165973614573067e-02
-1.437858524442764629e+00 3.052805641425474725e+00 3.236418462349708314e+00
-1.084361988895079953e+00 -2.435417588351161289e+00 -9.835625409489864301e-01
-6.491024490064416508e-01 3.292401898415378891e+00 1.487580394690669328e-01
9.843215567924351594e-01 1.976596955382514897e+00 3.078150580992137453e+00
3.093861605409457649e+00 8.493089468115768703e-01 -8.333349254883904988e-01
-2.230080188730447777e+00 -3.342406316760278440e+00 3.102808720322026925e+00
3.997711799205527328e+00 2.969520067117329631e+00 -9.773790139270770450e-01
-3.122046964535850844e+00 1.099848634676803272e+00 2.917057508408640754e+00
1.292201031045735915e+00 1.276164751895954463e+00 8.346503979225298187e-01
5.447679085079041306e-01 9.021766883367111634e-01 2.883550477042997162e+00
-8.514225838479789754e-01 -4.397477489472375600e-01 2.864473940362278093e+00
2.652214512156126247e+00 -3.207919375796787875e+00 3.021653583124902287e+00
-7.789149087190236909e-01 5.193380485131681157e-01 -6.844246101006590255e-01
5.365190995603797974e-01 3.203781816555447026e+00 1.170096300330696559e+00
6.247277146976658591e-01 -2.039110477589906600e-01 -1.824173535892337661e+00
-4.105170263234343864e+00 1.329378017693576997e+00 1.715516983524041361e+00
3.051002614854547712e-01 -2.255120942209312140e+00 3.489308759110566704e+00
-1.679425470382223340e+00 1.857322645203768996e+00 3.912669024996037748e-01
-7.883973136328012443e-02 -2.599808585421532925e+00 -1.629530536430396026e+00
-8.106582162952116200e-01 -1.410033995823332331e+00 8.217178465105070551e-01
-3.554676778882127852e+00 -1.341769860844506779e+00 5.266346542861168878e-01
2.701868236068429407e+00 4.092438784358584769e+00 3.721648589867638357e+00
2.797280996174005829e-01 -1.976176720635279382e+00 -3.605741539447091526e+00
2.670588811792101502e+00 -3.893067199864265859e+00 6.961213032061327466e-01
1.915729534323584726e+00 6.623431935546650884e-01 2.585208513354115389e+00
-1.571958186181237505e+00 2.356697554725608601e+00 2.441675201302051068e+00
-2.498628383595659308e+00 -3.458416227904264062e-01 -4.424615033794292440e-01
3.182803652798922300e+00 4.082393439716434536e+00 -1.302082344998157781e+00
2.075726246045962675e+00 1.010142128533374928e+00 5.775145289046192988e-03
2.761551406901443073e+00 1.263337204060328123e+00 2.999513822394009210e+00
1.293006111658393742e+00 5.495433161047065251e-01 1.576552402420015708e+00
1.324943630068995182e+00 2.977652040667968070e+00 3.043182060445133619e+00
-2.913609907728300197e+00 1.568320336924403646e-01 3.616096819583439537e+00
-1.106939186782556206e+00 3.404709297080704467e+00 9.945424130004351104e-01
1.699428668245179797e+00 -1.188969647095146964e+00 -2.962836518650788786e-01
-1.945829214058003132e+00 2.770844984707370173e+00 6.445313954093815356e-01
-1.706783286127419252e+00 2.220726128297779711e-01 -6.073644443293813033e-01
-2.695641996653411532e+00 2.286560730781521666e+00 -3.811963737009385955e+00
-2.018346252259299423e+00 -1.828825918855084554e-01 -1.439529280072012085e+00
-1.774152591274693380e+00 2.665737855980783610e+00 -1.912606955878319193e+00
-2.960689554583378236e+00 -2.726925326256792292e+00 -8.360907053067948569e-01
-1.783623581095452160e+00 1.344624182494342790e+00 -2.702592568313981314e+00
-3.974639612175600245e+00 -4.650270072773465269e-01 9.699560071184561982e-01
1.429515760728257812e+00 2.811556046088417915e+00 -5.922091128294247886e-01
-3.318633229388067818e+00 3.047031879332416926e-01 -5.631266727623606139e-01
-3.023988452012126515e+00 1.294672125962042175e+00 -6.493234826211969901e-01
-1.438489780151841257e+00 -3.063045949407678936e+00 -2.894726450641582627e+00
-2.141541861683936343e+00 1.705295799274358926e+00 -1.701822613448106924e+00
-3.424687110437234061e+00 1.346757214477863673e+00 9.983216962830433472e-01
2.025489675181494587e+00 2.381016110371189765e+00 -3.956506475141075452e+00
-1.589674230962871526e+00 -4.099833859209278231e+00 3.340932015747895445e+00
8.014939007394821235e-01 -4.543425030614185456e-01 5.618238906985111303e-01
-1.095612649057589927e+00 -3.946286206193078350e+00 -5.508436330986770102e-01
2.792442101969933255e+00 -8.625659622212535904e-01 2.049455291410401114e-01
-2.680278505826022784e+00 2.070758149489380084e+00 2.338856703789555791e-01
2.187552785538717348e+00 -1.599708032210045205e+00 -2.632339949351668373e+00
-2.171996163344469100e+00 3.229374417692721710e+00 -2.735350182541022579e-01
3.516542004080416284e+00 1.474260262138427313e+00 3.881893109777398543e+00
-1.637569370928527279e+00 -2.275404914671369294e+00 1.665611175795631782e+00
2.785299335807717380e+00 3.217469114809582559e-02 -2.643398210499714462e+00
9.959866673559475414e-02 -2.946078868961780617e-01 2.459959110341657151e+00
-8.582124853967347811e-01 -4.674325849285899115e-01 3.843669021300994526e+00
-2.770128853575841266e+00 2.248771777794686066e+00 2.573699134702867486e+00
-3.230882348804758664e+00 2.781290063229167497e+00 -2.987676793089783511e-01
-2.734329591158431993e-01 2.310158632944928847e+00 3.351611937538806263e+00
1.816929516272292711e+00 1.363842285720385794e+00 3.326429178246749441e+00
-3.618010859664390733e+00 -1.308555422613398300e-01 2.983101631438166201e+00
-7.353626112288709493e-02 -3.384421502654583414e+00 -3.413927345605902719e+00
-2.250424078622691226e+00 -1.090884113474678951e+00 -1.336264017384794833e+00
-1.271600366952130079e+00 1.985182776683650729e+00 3.337918272945079146e+00
-2.179228748050559439e+00 -3.626127450123178608e+00 1.021446710751384268e+00
-2.684224777082558688e+00 -2.633492242895577373e+00 4.011557781785708987e-01
3.627116389849020628e+00 -3.682132950430649920e+00 2.589152248743810336e+00
3.437645867383885445e+00 -3.422377438450113996e+00 3.707420873998337196e+00
-2.763950543781581892e+00 6.773244222325226493e-01 2.000787840759539749e-01
2.831398219132810645e+00 3.281951471229964667e-01 3.047571923280441908e+00
-3.422156939783997931e+00 6.092635303711213535e-01 -3.876694514388602464e+00
1.055478173021881405e+00 -2.711754741993643414e+00 4.086814359802055097e-01
-2.471016224055222033e+00 2.147059615604271166e+00 1.228680191109863484e+00
3.893558751803662510e+00 3.332271049422348863e+00 -3.927709457135462934e+00
-1.146471743572381463e+00 3.533959833635434755e+00 -4.044630248747821177e+00
-4.052949897733485685e+00 -3.113968334263429449e-01 4.095443528258615906e+00
3.337278348839060715e+00 2.808969411564949059e+00 3.405821034829815908e+00
1.322605548515723317e+00 2.384363826343129933e+00 1.294039145983470585e+00
-1.062307783318729326e+00 -2.508705752944594414e-01 5.296025867464902726e-02
2.331562247986044500e+00 -8.240621062868564994e-01 -1.999648937962714035e+00
3.041978925209945395e+00 1.553756353088040720e+00 -2.421940953576899425e+00
3.838827769335736662e+00 -3.818971195377782735e+00 4.192861783945506238e-01
3.094614167109572378e+00 -1.252508394924652269e+00 3.639807076434331989e+00
-1.891069023327878407e+00 -3.139921565146394311e+00 2.056911498641864622e+00
-5.912713132850848652e-01 -2.247232524762362793e+00 5.863222306343104928e-03
-3.256488093579637422e+00 3.985106322839431670e+00 -2.337582343239078764e+00
2.517162244829306506e+00 3.331155845717590047e+00 4.915859387488998866e-01
1.207542204101694105e+00 1.093329297569087366e+00 -1.711696631734724416e+00
-4.017732432081217553e+00 -2.716827500502991821e+00 -3.062430134329832132e+00
-2.877588692982771534e-01 4.048563839627462357e+00 1.014949476931352290e+00
-3.864836819355203179e+00 -4.031537740811463877e-01 1.981728949015009844e+00
-1.023426261081178401e+00 -1.689066740877304962e-01 1.935964746321174212e+00
2.021381109717525160e+00 8.571359265149587348e-01 -1.123111605601297969e+00
-2.313717150285492075e+00 -1.543125178336741454e+00 2.156314306252353319e+00
-3.732454548104959358e+00 2.596234544902592756e+00 5.435628078099935534e-01
-1.817272908721863534e+00 6.033163916289244755e-01 1.915252339802333559e+00
-4.046183718986489097e+00 2.433915725046718492e+00 -2.111846355377714701e+00
2.389747516333712962e+00 3.125978927091155768e+00 -2.555995160123309962e+00
-3.087553040962917716e+00 -3.244942677915627627e+00 3.699074807506408380e+00
-3.889157822981717527e-01 3.166140839593004408e+00 1.649345065908233154e+00
5.641278213787123685e-02 7.701875512666922496e-01 5.031230513981721497e-01
-1.856802885388823543e-01 -1.494445147934601925e+00 1.750962314767291250e+00
5.144982820600988438e-01 -1.143485047082872796e+00 -3.111241252202302521e-01
3.573107637670156489e+00 2.198768330092277345e+00 1.604092937883454084e+00
1.013062494989165119e+00 8.376459803574320961e-02 2.459122682385427083e+00
3.219747341211457226e+00 -2.397889492281901624e-01 7.940986247413032162e-01
3.958993068455974207e+00 1.832919742360968884e+00 6.683649414921639664e-01
-1.941240193265741265e+00 -2.933758553917860556e+00 -6.628591435471686832e-01
-1.286562834609658035e+00 -4.323646533451046547e-01 1.003514711419560834e+00
2.953395937744287547e+00 3.848293139270272611e+00 -3.143436832889882071e-01
-2.798343717293241273e+00 1.354895293079108054e-01 2.610386160593033633e+00
-2.300216600593395722e+00 3.065976307402781043e+00 2.532015358657612847e+00
-1.687873251526601948e+00 -3.764945286499895793e+00 -1.485310300171452491e+00
1.410079084976778141e+00 1.476164781276204430e+00 -3.966367040179599179e+00
-1.632008199479105137e+00 1.611346233020954255e+00 -3.673138008069532834e+00
-1.659229439228770309e+00 9.534389813792585322e-01 -1.267868046183469322e-02
-3.382675803099017831e+00 -1.712867509454294002e+00 -1.495395114390177138e+00
-8.132633299219088618e-01 -3.285069280305191963e+00 -2.191044432578148626e+00
-1.643948949905167378e+00 -2.843682207305835430e+00 8.749998897479068782e-01
-3.079525223214953478e+00 -2.317082057823013130e+00 -2.718757668275158412e+00
4.569135396096896118e-01 -1.089954723718784824e-01 3.535101789524869087e+00
1.895640013053638828e+00 3.998323836114028307e+00 2.947625813266433248e+00
-2.681966593738439819e+00 -7.627035590386778141e-01 3.145553809331928186e+00
3.168655517037941127e+00 -1.212728712680152920e+00 -2.561885355391515073e+00
-2.757167989498731320e+00 -3.710998730963634529e+00 2.007820403102127838e+00
-3.168452252452402806e+00 -1.226005325716789773e+00 -7.418241961345957147e-01
-2.287684451310997069e+00 3.485818548636136160e+00 1.367156286008933241e+00
-1.445004436858836894e-01 2.637103318829375986e+00 -3.978735260279422814e+00
3.279241649630643352e+00 -2.023382301628841584e-01 1.744625978519598553e+00
-1.252290777645564068e+00 2.428065948214786829e+00 1.263316895022499331e+00
2.087278831759758813e+00 -1.047713789967435138e+00 3.995710679023519507e+00
2.051315040123717015e+00 2.484841448235552974e+00 1.965569936120876160e-01
-5.671766894105877838e-02 -9.882749928530178973e-01 -3.015391912757281467e+00
-3.716611475554146615e+00 1.174576510312317801e+00 -2.887014870129927857e+00
2.825423657512955433e+00 -1.804088434877030966e+00 7.159374191740849325e-01
-2.994920736570301667e+00 3.668879243422140668e+00 -6.408893695144675107e-01
3.402770890254429137e+00 3.060140424351159627e+00 -3.048408474007910929e+00
1.533291822624396117e+00 2.670041293692593243e-01 -3.320352976898317099e+00
-1.331828324486667547e+00 2.600802759129036357e+00 -1.513417112163489842e-01
1.651906304389494595e+00 -2.745151638141967165e+00 2.602776156491093396e+00
2.603746339418888667e-01 2.614316814086386831e+00 3.985945899121133840e-01
4.099600206587165063e-01 -3.971470059007321751e+00 1.838038852487752672e+00
-3.809617179397145392e+00 -7.137279814283600254e-01 -1.693796946735328879e+00
-3.330129610256558070e+00 3.108336630231535391e+00 -1.590777824187081801e+00
8.581027701986547740e-01 1.813152122715401493e+00 -2.355479687336877515e+00
-1.089893345556069981e+00 -1.273916895617544176e+00 1.896516115544605974e+00
3.572149982068462126e+00 -2.225532215862215946e+00 1.262491681427925228e+00
2.240518220259623217e+00 -1.710451480534076030e+00 3.332678648020909851e+00
2.075410199930825816e-02 1.173130498435566604e+00 -2.428777460156876344e+00
2.675902916959707500e+00 -1.070832081778124500e+00 2.752417966322135090e+00
-2.696232752478233241e+00 -9.691218593754570565e-02 1.505441000192324186e+00
-3.457283948829409592e+00 3.877786019071436385e-01 7.159477673616323479e-01
-2.807799023172630193e+00 1.412075983339270424e+00 2.029924079229265210e+00
-3.443230013257894129e+00 1.746544259196327609e+00 -1.718440556660579599e+00
-1.027527372646540371e+00 1.678951705971877484e+00 -2.052549801036934962e+00
-2.214907713308495563e+00 -8.096614481806381214e-01 7.587009677319209722e-01
-1.114970159530934035e+00 -3.116914956889841992e+00 3.557897198622049506e-02
4.028323952017107246e+00 -3.667418843312237442e+00 -2.163416616173996943e+00
-9.189337431181263116e-03 1.282091518297674648e+00 -3.427128996996315458e+00
-2.589262860237075525e+00 1.170665490633007177e+00 3.811614133418728123e+00
-3.936005592004100162e+00 1.037771218884006030e+00 -8.883785662173584452e-01
-2.707536231903469592e-01 3.933147044993708097e-02 -2.532892466277179899e+00
3.240561550288109771e+00 -3.877748553950817190e-01 -1.800649958289960884e+00
