8.220706914434900980e+00   8.220706914434900980e+00   8.220706914434900980e+00
500
-2.304748544771527463e+00 8.653795739823317845e-01 -2.172480819617214731e+00
3.942364085243730831e-01 2.269603413958849014e+00 -3.110037296707357957e+00
-1.065394483171919982e+00 -2.129710072221156492e-01 2.529733323345274010e-01
3.668192661272093869e+00 -2.141718359561893159e+00 3.929658509190375959e+00
2.724894194387357249e+00 2.517715523994670246e-01 -3.381674546575509144e+00
-4.877092464193428789e-01 1.750262967081594123e+00 -3.483423997698379626e+00
1.015357265908715778e+00 -3.250530749047776613e+00 2.145458027823344160e+00
-8.910526071582995922e-01 -1.157174030017024791e+00 3.732850396996481024e+00
1.829780800819015063e+00 -2.732693297561479273e+00 8.485926188669952186e-01
7.652840936788285475e-01 7.370353498399527803e-01 1.794653720583715861e+00
5.190334213318583689e-01 4.099401441597665396e+00 1.290818871384796340e+00
-1.609392436715606500e+00 -2.485900025699591787e+00 2.783124392400098568e+00
-5.949385852270557828e-01 5.530872699709438872e-02 1.218906518265883365e+00
-2.524878626737749876e+00 4.153663932298332639e-01 3.826553495918799452e+00
-3.200310545265756978e+00 -2.603983410943860877e-01 -3.874936751867953166e+00
-2.624052950631107883e+00 1.589029256531505396e+00 -3.995162090696406043e+00
7.552962535201963590e-01 -2.164012768902101591e+00 2.423564350076862883e+00
4.022231683490180565e-01 -3.507643119547705357e+00 1.682111862793289059e-01
3.819331188296320345e+00 3.019372027547754023e+00 3.346030755169407733e+00
-2.304834673947925960e+00 -1.637877651712114746e+00 1.083139974276200679e+00
-3.031565591693580419e+00 -8.471372810504256279e-01 -9.326929147839064793e-01
3.819162642433386434e+00 -2.828312296809426307e+00 2.228133703111110808e+00
2.656628997570249950e+00 -2.259965636902319552e+00 2.503121454941825696e+00
5.996412296036108813e-01 -9.638415807172706629e-01 -1.112845996490979816e+00
-1.195249606709887669e+00 -2.224860203304142470e+00 4.009780024626703465e+00
5.903494338800834296e-01 9.811454713799722116e-01 3.091006737217167455e+00
1.438126011493092049e+00 1.957147066900923216e+00 -1.235991499632249413e+00
2.126004946662447548e-01 -1.029854888028193249e+00 1.345082988349079578e+00
-4.694572472382345651e-01 -2.638370469905375604e+00 2.526081567256763805e+00
1.312335620749043530e+00 4.700056196703731315e-01 1.027639440270824434e+00
2.937014192153941106e-01 2.260027562210947583e+00 9.167517381879586313e-01
3.389840394907726040e+00 -5.081082961343281745e-01 -2.810452871902781702e+00
-1.288173037941772403e+00 -4.075249036548612480e+00 4.043691518538156338e+00
-1.711485770704236575e+00 2.152629436589863943e+00 3.336291381712160220e+00
9.468201312164128414e-01 3.091647456220665280e+00 1.261329181087130991e+00
1.821434201299743982e+00 -9.086506351839030993e-01 -1.446447050928804989e+00
-7.803235668303026840e-01 1.978043307402599593e+00 3.848153344254701125e+00
-3.263457897003874120e+00 2.859553664314338217e+00 2.565090858374631466e+00
-3.250179374203730376e+00 -2.171001537375950363e+00 3.922155653169649536e+00
1.890580557975787723e+00 2.848802526443688254e+00 -1.554390711024492111e+00
-4.034295551371467781e+00 2.466388709678562385e+00 1.757881600898544949e+00
6.543473662568487503e-01 3.787411444470861976e+00 -7.460951504709625315e-01
-1.570865694979169946e+00 3.835023753057929863e+00 3.181864248008482221e+00
3.608863753489538251e+00 8.334225235208581051e-01 -5.145498105171992798e-01
7.782791549209094883e-01 2.112409186325667765e+00 1.806075645969297705e+00
3.258261170329196155e+00 3.425161214311049473e+00 2.343826970892346484e+00
-2.973153467879888545e+00 1.824745053141503814e-01 -1.272389463088539285e+00
-8.880037243417032711e-01 -3.166310651570743318e+00 -2.565082170269856743e+00
3.684911664790595953e+00 -8.322966094302216566e-01 3.182469033780893852e+00
1.490845745788359933e+00 -3.853722668003936480e+00 1.249854853555033146e-02
2.483432143740851306e+00 -4.359891636295791795e-01 -2.227698058894972633e+00
-4.085617398345579687e+00 4.684513522681907349e-01 1.766165985655758552e+00
-2.818496623026050418e+00 -2.747874346808638624e-01 3.245156025047603254e+00
-3.898735856519353504e+00 -1.575208472703380602e+00 3.258203924347901292e+00
-2.820729012844678807e-01 1.209670821254006601e+00 3.550852225168976251e+00
-2.603329444808788473e+00 1.177986670474083342e+00 3.173064783090547625e+00
-2.495670568077536622e+00 -2.477317102577632491e-01 1.172345014236018557e+00
8.532997016806854740e-01 1.454138483967746032e+00 1.048633949016498645e+00
-2.182417831907098815e+00 3.543020015959991165e-01 2.654479169858260157e+00
2.646866023873990947e+00 -2.613500041141746943e-01 2.734239780104035233e+00
-3.022005586668258026e+00 -3.611653805165929709e-01 -1.980970424300597388e-02
3.287244504404755130e+00 2.683116221047040284e+00 1.768208347532963520e+00
-2.691363020797375771e+00 8.151688049759086008e-01 -5.657609354310128014e-01
-2.442679289477208915e+00 -2.580324507746406759e+00 -1.767005710302362642e+00
9.848971888018293042e-02 2.216987953852821713e-01 3.927458127569320556e+00
2.289717120317285026e+00 1.638828271021509186e+00 2.511970322290112190e+00
1.509474209199322292e+00 -1.738229488063649297e+00 1.674652222417316150e+00
-7.151942917556386448e-01 -2.733875921825248412e-01 -4.058443126054685379e+00
-3.075890067908951586e+00 -2.051069596081612101e+00 4.270717104384090246e-01
-2.524401302944561110e+00 3.401410773245586050e+00 -2.536158605954755174e+00
2.389588989817940767e+00 1.900897138857529756e+00 -1.278696016437097960e+00
2.666930708581344067e+00 1.549892957508446800e+00 5.555898943220332065e-01
2.657926406263672270e+00 -1.632777402874363570e+00 -1.345265859798982166e+00
-3.027428987203547806e+00 -3.724388883155681285e+00 6.536587923078392981e-01
-2.289607995766776760e+00 -3.699201108192851084e+00 -3.503983577990196441e+00
3.934466595300477376e+00 1.141547647806812282e+00 -1.707319762631546833e+00
-6.066191672279492852e-01 3.532059356167518871e+00 -3.735882069757214374e+00
-2.742066175852839738e-01 3.106322232747980916e+00 -2.768873204605446947e+00
2.535459809842306900e+00 3.677795567708097568e+00 -3.506820286386842067e+00
3.044034250640994088e+00 2.326267874630890020e+00 -2.342387252772776485e+00
-3.200562953884210859e+00 1.225637198579476728e+00 -2.002842078179899232e+00
1.678714846431284435e+00 -6.102012681381577819e-01 -4.019996412318846524e+00
2.588643600690889723e+00 -3.355877793392212816e+00 7.245433884538944325e-01
-1.624527333104047955e+00 -8.031656236236343060e-01 -2.522117680418239249e+00
-7.676694113130178021e-01 -3.875776533976646121e+00 2.169218883193205910e-02
-1.755239418733429480e+00 3.048484813619887213e+00 3.773722942918877443e+00
-1.832095592707307263e+00 -4.015209131034156442e+00 -2.602991602818668149e+00
3.576730769970061008e+00 -2.134885807563057458e+00 -3.273133557533785432e+00
4.107620730958664979e+00 -3.741914818204684412e+00 -4.040716018923855124e+00
-3.868280111527739429e+00 1.490418702297009457e+00 -2.724919705767409717e+00
3.272218158055081094e+00 -2.260306621998595666e+00 -2.113555483888191144e+00
1.913150379934006884e-01 -2.716643407154422540e+00 -1.232892612220210848e+00
-2.947519441919730809e+00 -1.140780497730428111e+00 2.765620901811815635e+00
-3.228728678666463736e+00 -1.420463066138242691e+00 -1.923485632196296535e+00
-2.774216136869097848e+00 1.452633014285385382e+00 5.893859524927486104e-01
6.225164571055566975e-01 9.975375696348340870e-01 2.003059460185004637e-01
-3.995308672160375441e+00 -1.109303101506128320e+00 2.298030910687791639e+00
-1.424146943513578123e-01 -3.876300566401755798e+00 3.612604911900549887e+00
1.447290789564676716e+00 3.754864861597497772e+00 -1.603088063270212249e+00
-4.813807912374097331e-01 -3.500504468714337847e+00 -1.677591658170282329e+00
-6.008735261580729903e-01 3.732531175484344654e+00 2.828668575568242805e+00
-7.584318744819682490e-01 -1.275746603412601710e+00 -2.439992170491835921e+00
3.129316629772593839e+00 7.392432698850279760e-01 2.518073659790316832e+00
6.490920484692193071e-01 2.874541798319817598e+00 -7.427375831715474219e-02
-1.358985278506537053e+00 -3.793422035753231114e+00 -8.413435952090141390e-01
3.489969545845195587e+00 -6.428466602543437824e-01 9.959428027172873010e-02
1.230080590645894062e-01 -3.016148751291326757e+00 1.780970739631543065e+00
1.206961365693270949e+00 2.655639638012620374e+00 -2.263300658336678595e+00
3.086075067210059419e+00 -2.713401261864454739e+00 1.529915803672851293e+00
3.381094123050285560e+00 3.704242447478859113e+00 4.018533590982380055e+00
5.788854427980746342e-01 -1.183721627296963064e-01 -6.425951662028833722e-01
3.629516260471015610e+00 -3.840418056199857433e-01 1.161957224651147147e+00
-1.930825697370471383e+00 -6.366007282849640847e-02 -1.828206858254945999e+00
1.177604516913061811e-01 -8.492455412099606527e-01 -2.159863755307197763e+00
1.760551644548862704e+00 2.372272175463988386e+00 1.395908565267100387e+00
-3.349382984510260286e+00 9.545518144687644702e-01 -3.406347045767453174e+00
2.656125737530849573e+00 3.994881575360426318e+00 -2.523571330406480406e+00
-1.936440328190565108e+00 -3.002636036927773588e+00 -2.591984960688361372e+00
-3.839642876547798345e+00 3.597950083835314672e+00 2.767540188635814857e+00
-2.476933485679148284e+00 -6.682703271242670384e-01 2.035446292877009622e+00
3.292413107546259710e+00 1.674963573365833680e+00 2.367073856997321535e+00
2.727561383109953663e+00 7.038489395512618207e-01 -9.804004361551301727e-01
-1.235005856816361880e-01 3.745248450394674244e-01 -5.126884163441487730e-02
3.477613394702154359e+00 -3.051363385765772929e+00 -1.453585199632810410e+00
-3.818269259035080410e+00 -3.742106359513566627e+00 3.176435807126118060e+00
2.361680412359423720e+00 -1.317125081252768837e+00 2.736868034058443033e+00
2.633981932576373808e+00 1.944546823491994703e+00 1.604989696061003057e+00
-3.611502242089643655e-01 -3.672231778213872921e+00 9.457851988549104139e-01
-2.545635481984390491e+00 2.581465766179633636e+00 -3.795934554165440122e+00
-1.266472680288094899e-01 1.423065709788383426e+00 -1.916163341981905521e+00
3.465211770271419134e+00 2.064155647709433605e+00 -1.253804920386423216e+00
-3.771834843269104454e+00 -3.481923084860018225e+00 -3.030395983032003748e+00
2.334733343989174870e+00 2.965366323388782810e+00 2.195362480314536402e+00
-3.642452175808815529e+00 3.645986658356183963e+00 -2.256495728050416982e+00
-3.647366844751721793e+00 1.416660817280166462e+00 1.043249378445939568e+00
2.322615445579266247e+00 -3.414566342535365173e+00 -3.394609609833320718e+00
4.810025645304931707e-01 3.461806958896960218e+00 -1.864611259304831847e+00
-2.298444815146753584e+00 -2.833516779139277908e+00 2.128236257861966685e+00
2.046231673760270375e+00 2.097743853784229673e-01 3.626605049358195831e+00
3.243993438464991108e+00 -1.450253293415963984e+00 7.088812963406760925e-01
-7.080762534847069301e-01 -3.173706493419438779e+00 3.996728668702490772e+00
-2.975202224102446280e+00 -3.645274413608622144e+00 3.774829158743084445e+00
-6.062580002282066255e-02 6.945724151151632109e-01 -1.042856876311311076e+00
-3.945275026060425905e+00 5.844049692945653407e-02 -3.191747634165222447e+00
-2.102078421762647586e+00 -9.467576098752112923e-01 -1.449224926023741533e+00
-4.106380647019460817e+00 -3.930101441922661198e+00 5.710616618448488557e-01
3.821169849280038111e+00 -2.111535007194134117e+00 -1.287543591482446015e+00
-2.085517937842999547e+00 -6.533751154973079789e-01 4.025966142130958936e+00
-2.073735950031958986e+00 -3.119384147760549286e+00 -7.540676169713137478e-01
-1.972659649412551230e+00 -1.063866514494749227e+00 -1.067334946336696844e-01
-3.965303882192882323e+00 -3.649388963899058869e+00 -1.208458423354770161e+00
2.000752680365993186e+00 2.475921390591688809e+00 -3.049628655033907343e+00
-3.813508590214874427e+00 -5.916542720678674705e-01 -2.425361243046951110e+00
9.965822232655855428e-01 1.337283448810556719e-01 3.628023613884507448e+00
-1.385183019979072006e+00 -4.941279555538521939e-01 -3.417169640523419538e+00
7.260499552653209010e-01 1.265084081055152243e+00 -1.369630813985469819e+00
9.364266475098595999e-01 -3.407509615782426060e+00 -6.425421496976156943e-01
-3.175160150373115275e+00 2.462171620424977281e+00 3.886878212332800508e-01
4.650494676906755109e-01 -1.249488451234993081e+00 -5.845065229950482250e-02
-1.786091724513039880e+00 6.560965646521693673e-01 -1.176783931400058769e+00
-1.281431801554975047e+00 2.761953861952329614e+00 2.587766998443835842e+00
1.173030034972934788e+00 -1.728510218798501752e+00 5.744835266548088404e-01
3.203932276578473459e+00 -9.365000953104634096e-01 1.930274014637252122e+00
-3.123078457572451505e+00 3.568359084821283833e+00 3.051359568119415000e-01
9.231064662057109071e-01 -1.635657187125863221e-01 3.441838779634105450e-01
1.036632716561316503e+00 5.380655911611542663e-01 -3.535262007412815155e+00
-3.531851209614932596e+00 -2.407753425386896406e+00 1.531223359841413334e+00
9.123827640687044438e-01 -1.293604415505821281e+00 3.218790429616572801e+00
-2.317489921283004239e+00 2.984440561522005986e+00 5.633515405472646620e-01
4.075447864752399951e+00 2.239130158142816018e+00 2.730185847185986781e+00
-1.522829452510958248e+00 3.598891578022088700e-01 -2.738527945827623711e+00
3.660894114124263465e-01 -4.533466372713551018e-01 3.001346350089244108e+00
3.004443250075094163e+00 -4.009720060603075176e+00 -8.190074973899743593e-01
-1.028946714276846475e+00 3.933529304369938195e+00 -1.690155863401491043e+00
8.529407091071877778e-01 3.710151932825586751e+00 4.138319043850067214e-01
1.527740965006522122e+00 -3.344311278218212724e+00 3.835775760965569603e+00
-1.317001653160224439e+00 -3.103191344447445488e+00 1.908168685241027340e+00
3.117143295500247824e+00 2.249856450500185900e+00 3.334494354448833686e+00
8.102421956017921145e-01 -1.584370513721654827e+00 -1.893663160235126375e+00
1.148379246720919067e+00 -3.213813962429179494e+00 -3.060458593578613051e+00
-4.794230521940421458e-02 -2.033977417252124553e+00 -4.411686153494637219e-01
-3.073864556346882271e+00 -3.037995203110961828e+00 -3.521859999191532253e+00
-3.207573870841302632e+00 8.176789502936335774e-01 2.272438058805080097e+00
-3.129693824359157439e+00 -1.172336260732815605e+00 3.890812487231818384e+00
-1.462256838502216327e+00 -8.289780206528880591e-01 8.644711965982376789e-01
1.737684727618449498e+00 2.168195267478149196e-02 -3.217027761990098433e+00
-1.356551056907966402e-01 3.237582498777847206e+00 9.761572120172086198e-01
6.191436603535230843e-01 3.443008229532697140e+00 -2.907430027828705299e+00
-3.145316040311747940e+00 -1.558223027963315577e+00 1.878934301573648158e+00
3.357950970297079341e+00 -3.626740283185139635e+00 1.261745779960532055e+00
-1.588830645519359486e+00 -3.169528519916711584e+00 3.581038698889899674e+00
-9.894602274206971693e-01 1.019178642797557766e+00 1.553301269388162265e+00
1.621302728212825173e+00 4.009833987904837471e+00 -3.246745429452411624e+00
-4.929933087611908515e-01 -2.733801762489176834e+00 1.017145005229115107e+00
1.123312698457925585e+00 -1.464133649145444638e+00 -4.013230691323117050e+00
2.198069644810858314e+00 -2.650185645244356625e+00 -1.277813531795224167e+00
1.275793206326940155e+00 2.199771553891739728e+00 5.070806515887509303e-01
-4.090545748679723204e+00 2.738560307770638858e+00 -3.902369702611559799e+00
2.249438645882710475e+00 -3.050687838041001854e+00 -3.290400908514121703e-01
1.917952586467887466e+00 -2.794260311687350562e+00 -2.260479762574106655e+00
8.460394083169684443e-01 -2.246996846280945981e+00 3.588871766860503687e+00
2.700185747209086440e+00 2.659772472012663425e+00 7.926328586384937536e-01
-1.448496298061131560e+00 1.509439234157980314e+00 -3.018016333929998130e+00
1.134309440608604058e+00 1.692649122723689503e+00 -2.248790981260381017e+00
-1.738470377276501777e+00 2.283438190545251878e+00 1.816806244351288069e-01
-3.012753033361099675e+00 -4.069679164762214363e+00 -2.937300108414752753e+00
6.858110405224165929e-01 -3.785022739908827205e+00 -2.349788263683409983e+00
1.910292871251049407e+00 -2.779285008683116676e+00 1.883021140664185689e+00
-3.687856630078817366e-01 3.907736295982425112e+00 -9.302431826167617546e-01
-5.576917568348443988e-01 -1.834497237638387901e+00 1.805533047409408454e+00
2.390909477706828046e+00 -3.604405149584791523e+00 -1.743190676369792413e+00
2.840034754718205878e+00 -1.691272816512410682e+00 -3.892416864396992970e+00
-1.053958275859115279e+00 -9.216359393912056941e-01 -1.374989206823393761e+00
1.720958912051282041e+00 -6.521453886427717173e-01 3.182396683476543142e+00
4.875914740604624376e-01 -3.080885569764579834e+00 -3.977741024456460384e+00
1.508874918779245400e+00 2.425448193438429545e+00 2.483659998952927328e+00
-9.732776432730856353e-01 -3.965999158644385680e+00 -3.171878121539327466e+00
-2.674269385529970844e+00 2.212860547797773414e+00 3.221898517214307311e+00
-4.603294233395548440e-01 -2.809768671298723319e+00 2.187466416956355963e-02
-2.870310100844247980e+00 -2.973125586112037588e+00 3.071744543936683947e+00
-1.039601979338413917e+00 -1.792642170782249078e+00 -5.885753184798386828e-01
-1.948182366115432274e+00 2.466048806776382385e+00 -2.825470740468653652e+00
-3.054171901070767081e+00 4.999192452054439517e-01 5.489224410020114853e-01
-2.769306672873542929e+00 -6.485047708720060866e-01 -2.275814701688998909e+00
-1.474564861541328431e-01 3.389589784576717779e+00 2.006120659762503422e+00
1.014371115284218972e+00 -2.334025626153789279e+00 -2.557367742461586158e+00
-2.098338865521100161e+00 2.397026871531048597e-01 4.558818334375665249e-02
-3.269479874743256964e+00 3.306065959786364417e+00 -3.315514909587887526e+00
-1.789182757259088374e+00 3.721984341549909647e+00 2.162417064302680547e+00
-1.391419916098164622e+00 3.435712691729170931e+00 -1.485189115352157918e-01
-1.076850742800120470e-01 -1.542985512787222513e+00 -1.491160797220859147e+00
-2.207114102778805265e+00 3.057932349964347818e+00 2.888728858476942829e+00
-3.418917754100337270e+00 3.264158417083569130e+00 1.378715635714458321e+00
3.470120489964012567e+00 3.971225984675153420e+00 3.077071432337730617e+00
1.356718668338113831e+00 1.405081710403951911e+00 2.241191315493605174e+00
-1.541356314085393087e-01 1.308401221858561447e+00 7.971223951766333027e-01
-3.351854174116859930e+00 3.576218756983835956e+00 -9.300555963374574908e-01
1.150052155609621263e+00 3.076795875657976076e+00 -3.671228320751374063e+00
-8.677354476913750059e-01 -2.721382610332228502e+00 -9.760546031912303855e-01
-2.682393062033047726e-01 -2.019615440851785682e+00 3.595497202954805793e+00
-3.291009800793924356e+00 4.106001340876996863e-01 -2.545215460280366493e+00
1.832956517951334963e+00 3.869038135901786690e-01 1.886876456425600868e+00
1.379075722553603001e+00 -2.558722240236853462e+00 -3.833289255863053580e+00
-3.538305994427505485e+00 -1.034725965812850701e+00 5.099770132077956486e-01
-1.807941775777872850e+00 4.142085543952580551e-01 -3.729344682053290505e+00
-1.538486932767943571e+00 -3.346413508353531352e+00 9.696431317451379428e-01
-2.115863274613574596e+00 -1.755674676013485369e+00 2.063853846434805295e+00
3.017313013511405906e+00 3.693565029165229441e-01 3.552585567129340482e+00
-2.024194207541249568e+00 -3.599712775065214032e+00 2.829775484121657136e+00
-1.261709840624755663e-01 -6.119109870096581805e-01 5.276164837951707876e-01
-2.491292883621273990e+00 2.899712194104873131e+00 1.977860214041295972e+00
2.800070777137617206e+00 -2.699260862455246990e+00 3.806398267824029347e+00
1.328532900759308077e+00 -2.644462669778329111e+00 -7.146631814481316236e-02
1.736318562460451576e+00 4.246712119107924621e-02 -1.857440228802229032e-01
-3.446761360289429366e+00 2.037786577698778245e+00 -3.568233145023765207e+00
3.823449820741256389e+00 -1.503073149206285430e+00 -2.096915389183863887e+00
3.413337298457025160e+00 1.718488066454228802e+00 -3.326965128638335933e+00
-2.173012920694747940e+00 2.674585629991597546e+00 -1.490000498141578422e+00
2.372757739432188817e+00 1.553069484720681848e+00 3.531319390708206107e+00
8.387672177478585622e-01 1.842131610811699627e+00 -3.907353154132262030e-01
4.593897129059478779e-01 -2.098662297681265443e+00 1.416401092010487917e+00
1.106061418991878487e+00 -5.186948699537726748e-01 2.230679970057896977e+00
3.977544374359856416e+00 1.167684768472076612e-01 3.262207455006171930e+00
2.029072298283413289e+00 -8.301528526074072323e-01 1.926849269411777588e+00
3.150944295185378330e+00 -2.585599330543795649e+00 -6.350358832065492454e-01
-1.026367792412030466e+00 5.300189991346728746e-01 -4.985443814340215773e-01
3.455163780076518254e+00 -4.054336477586003795e+00 -1.871570636981514157e+00
-2.560529407762044407e+00 3.679487752588274319e+00 -3.999656582135791894e+00
-3.568890352391151932e-01 2.793561818719219936e+00 2.981987107833834916e+00
-3.051063472315085789e+00 3.115351895457928233e+00 3.501941273541693267e+00
-8.835329602026922302e-01 2.771489310960094876e+00 1.740495012505468342e+00
-4.480163509695909707e-01 -2.607077292311097416e+00 -3.513356507332278778e+00
-3.754024969274281087e+00 -1.618435514954198684e+00 -3.448401742293903727e+00
1.409009815726063763e+00 -3.299778929015249496e+00 -1.576099659638633188e+00
1.540179150859733781e+00 1.142501373395781172e+00 3.969263054452977890e+00
-1.165308798821433012e+00 2.232381944995613932e+00 -6.691183218886503914e-01
-2.351662421698653915e+00 -2.604600356587912557e+00 3.768007074523797684e+00
1.906377972219423178e+00 1.057787072617464741e+00 -1.622133565335635685e+00
3.646942116260809108e+00 3.327819945273617463e+00 -1.221332373013210182e+00
1.154001080580659977e-01 -2.856341868524894689e+00 -2.305817817475828591e+00
3.565509967126250235e+00 -3.897084051496191748e+00 -2.884367241666215609e+00
3.124549947222436952e+00 -1.725437428582571098e+00 3.214216727958207898e+00
8.971805235573699910e-01 -1.350003186921653109e+00 -2.996683298789304839e+00
3.054745666413363647e+00 3.434059497803075622e+00 -1.959346635663267999e-01
1.856334204290314149e+00 9.533402200282503625e-01 1.035716364734823591e-01
4.078891180301700281e+00 2.532439646935302768e+00 -2.809108209828609315e+00
-2.761092140826330699e+00 -2.864121428332267794e+00 1.143967695815392371e+00
-9.494345474812468932e-01 1.358330018261333150e+00 -1.164158326773291341e+00
-3.183844758658787022e-01 4.055291235745472456e+00 -2.401835969310032848e+00
2.577399625608819411e-01 3.519530273544881016e+00 4.084743655458153988e+00
-3.748722202126376413e+00 3.635209598149381716e+00 3.944365320445883061e+00
3.786994470795292056e+00 3.450788663301710191e+00 -3.297787078348483725e+00
8.671775280145651577e-01 -3.103277985152392837e+00 9.693538743974946525e-01
2.558064696460687681e+00 3.648495997993153050e+00 -1.554438757271251470e+00
-3.591183877725691698e+00 1.539225173199071817e+00 -9.601886937707277969e-01
-3.755692490773088754e-01 1.322511592428836869e+00 -3.157900733353414258e-01
-6.589139206494818435e-01 -8.236732073119213959e-01 1.794261692787538998e+00
2.626473316093560495e+00 -2.377713876052225395e+00 -2.927092436483990756e+00
3.119443370402660065e+00 1.040717317202648928e+00 1.399999214329728181e+00
-4.333646283036812208e-01 3.104575367207706549e+00 -1.784780639764860677e+00
-9.595936112672576179e-01 3.741239858072648028e-01 -1.772161579999619319e+00
-3.411641787417876159e+00 -2.793141773965842400e+00 -1.605459576255128473e+00
1.377615247123368913e+00 1.843989015842967705e+00 3.229231602419782021e+00
-7.392238429855334525e-01 1.818173051238318294e+00 2.746658019382357097e+00
2.318894857096838624e+00 3.881123202977715181e+00 3.270399734133999647e-01
-2.349361272790312594e+00 9.883598490005386372e-01 -3.203496975346353359e+00
1.825463238438484792e+00 1.338523931932536160e+00 1.397516690494424285e+00
-6.084852907044256964e-01 -3.830862609380004447e+00 1.928275879010862059e+00
-2.033241097565299527e-01 2.301046520392210581e+00 -4.190220202140362143e-02
-2.024958545351123629e+00 -1.829116385540792367e+00 -2.742317864916131054e+00
-2.756561544862304647e+00 -3.819598249301638049e+00 -8.262722784418985444e-01
2.129308613497447045e+00 1.907160721429290495e+00 -2.211739947476400125e+00
-1.601421613769145491e+00 3.355539785512682727e+00 -3.555277237468323026e+00
1.867526811500010542e+00 3.334630986314865542e+00 -2.494741029883659866e+00
2.756246148593756828e+00 3.811625516170491945e+00 1.554383399196917814e+00
-1.066099116953325820e+00 9.368261495359105906e-01 4.549107764803227982e-01
1.159174562574859790e-01 -2.947171064917676997e+00 3.238920906051138360e+00
-1.370796925643191111e+00 -1.963078761659621030e+00 3.823304058442033582e-01
2.562220586653625620e+00 4.083065436908624335e+00 2.497091913157483578e+00
2.160574053559384478e+00 -8.940157155157436586e-01 -3.160751947480239021e+00
2.878241248392262586e-01 1.721951531832025539e+00 2.558374828372372178e+00
-3.434861300206811574e+00 4.103598985975686730e+00 1.799354459713811361e+00
-3.489583616624785556e+00 -3.570112079795671800e+00 -2.106588167615131568e-01
-3.385922701132492829e+00 9.706427724485817699e-01 3.727481824191832160e+00
-1.718695426701211337e+00 -1.553351095490888900e+00 3.291721009976280587e+00
3.171204855539688783e-01 3.737678846729034499e-01 8.881378875488479263e-01
-2.489763302847896487e+00 -2.089310146421962333e+00 2.979025281714839046e+00
-1.027613832520506865e+00 3.364247503146050589e-02 2.221841507778999247e+00
-1.633738561361618991e-01 3.479111204667399093e+00 5.177944680361018515e-02
7.108243009204897600e-01 -4.301126911394780317e-01 -3.797568013712005364e+00
-9.991945383636560152e-01 3.752865720307734243e+00 1.344744208369103688e+00
1.899457793630979108e+00 -1.627205623591947869e+00 -2.192546741060536153e+00
-3.306485245101596360e-01 1.817396683551294245e+00 1.703491485461257504e+00
1.161843413513596879e+00 -6.204205965073813500e-01 1.241503567188123602e+00
1.716194032385209622e+00 -3.759726572009260970e+00 1.270840570516207801e+00
8.003277974009446183e-01 2.837132158434666707e+00 -1.145995815214280622e+00
-3.996361728123841051e+00 -2.722011583345894437e+00 3.306888259666159513e+00
3.372452886071737321e+00 1.271520181131248206e+00 3.668851947310698858e+00
1.600032798393393740e-01 -1.006003189519599772e-01 1.860615201575540167e+00
1.242031012423724823e+00 7.089513093421719869e-01 -7.238282591880967898e-01
-3.121070829887354847e+00 1.865458721751315219e+00 2.276392465995281000e+00
1.607954564109707940e+00 3.342829516642641163e+00 -6.773496229598553464e-01
1.957002499556697916e+00 -3.755313783962318297e+00 -9.074207979904712618e-01
3.967898873778202162e+00 6.233837931209362804e-01 7.543796551076236145e-01
3.070478058002363397e+00 -3.202102130467379570e+00 -2.444676123891171837e+00
1.236584580730328398e+00 3.826157338820614484e+00 3.931773326875378949e+00
-2.626138647621548028e+00 8.634313657485011007e-01 1.450523915118414831e+00
-4.077164207807504326e+00 1.127904805223437723e+00 3.072900072054244092e+00
6.542701885081625424e-01 2.471729545702076258e+00 3.296945347359788059e+00
-2.779887805044461313e+00 -1.204760290682668433e+00 -3.180564577590008657e+00
-2.123626636786660082e+00 3.942872598312986199e+00 -1.732237013545401050e+00
-8.595651093023022327e-01 -1.728740850961271391e+00 2.760562551756523320e+00
1.246144375921898417e+00 5.818262340951314560e-01 -2.264433924489496874e+00
-2.318063840825566935e+00 -3.749029551534513338e+00 1.786782320685198711e+00
3.970442367677787576e+00 3.262725663203344784e+00 5.600609980679350786e-01
2.568600633388602894e+00 -1.958096893293704843e+00 -4.173057635810745181e-03
-2.114895253732183900e+00 3.553978871404551487e+00 -7.718084686770151359e-01
2.776933472356053478e+00 3.254529715026055037e+00 3.345715625594960940e+00
6.838146768253781094e-01 -4.051781764810304942e+00 -3.530189554135317209e+00
-1.594904103428167907e+00 1.166572178451355191e+00 3.926968347922286995e+00
-3.491628349677992738e+00 -4.735887096568663357e-01 1.500429139287631219e+00
8.773919505634248939e-01 -2.176485062422426897e-01 -1.731686556231276874e+00
-1.678623429348019003e-01 7.994274225970349201e-01 2.450774075546831465e+00
-3.984530103997247608e+00 1.864630852194382626e+00 3.765994401524372037e+00
-2.080474312847588603e-01 2.558787713999695512e+00 -9.513920010769529867e-01
3.489697935312454202e+00 -1.530764931481393420e-01 -1.784384882149484541e+00
2.892930420948975456e+00 -1.394479157617358522e+00 -2.739026173381964302e+00
-2.855252466067247585e+00 1.865197249050181139e+00 -3.418165426184250344e-01
-1.019353341463886897e+00 2.303620769208465813e+00 -1.786069001657844657e+00
2.404839137709002816e-02 2.597879662112923538e-01 -3.142218165639313998e+00
-3.446914969627267400e+00 -3.354435112045010658e+00 2.375170897737912679e+00
3.844273892670234893e+00 3.565657354775979115e+00 1.464814530258550906e+00
1.935670563431876046e+00 -1.882753743953309744e+00 3.746851374753059627e+00
-8.201324413169884808e-01 -3.494012633352453268e+00 3.007302098367090171e+00
3.431072268362590272e+00 3.252708811685386614e+00 -2.391490506509102332e+00
-3.993285076227610197e+00 1.748179874634132380e+00 -8.289395182595762912e-02
-2.515440400873357074e+00 -3.417484933854052220e-02 -3.026810241231308485e+00
1.638772897323145239e+00 -3.872382161718316063e+00 -2.337370130010899327e+00
1.176127824658001475e-01 -1.151817639438488250e+00 3.949810780405804689e+00
-3.146867869738072088e+00 2.795368767033053370e+00 -1.942966958991452664e+00
-2.720840131136882611e+00 3.930026896218654642e+00 2.541396320985983337e+00
1.240763265143191574e-01 1.059649682052813402e+00 -3.768348966968398273e+00
-2.507466704713813055e+00 -2.909172405013662921e+00 7.499145713659487178e-02
-6.062693268418812842e-01 -6.377046702208631901e-01 2.821611511907501146e+00
-1.337751600520741935e+00 -3.154490457331237341e+00 -3.456692422784222174e+00
-1.438366652393904488e+00 -2.911793383020170101e+00 -1.146116616895970219e-02
1.799609699773794480e+00 2.934584649094885034e+00 1.885398491614719840e-01
3.328112635487264548e+00 -3.123581752856226412e+00 -3.502608027538840929e+00
3.756153042329901215e+00 -1.699111105536456501e+00 -3.235955530692247173e-01
8.355778773759912070e-01 -3.941625803359478097e-01 -2.730522798464404044e+00
3.721014749440202163e+00 -3.709265054305522225e-01 -4.057546801519601232e+00
6.342941287483551231e-03 -3.433864145101980903e+00 -3.160354184975030734e+00
2.890007811563341189e+00 1.640933963918292493e+00 -4.251643832909215437e-01
-7.922551106930841858e-01 2.126198317673802407e+00 8.903823939414862165e-01
-1.033534969133125259e+00 -2.230344664985146608e+00 -2.800080031135836922e+00
1.457299342741449566e+00 4.722981497066012224e-01 2.847601601118786352e+00
2.603672474271791160e+00 1.174262036624023509e+00 -3.637068694325413798e+00
7.156609649871550349e-01 3.048178297222513322e+00 2.239498718014621303e+00
-1.605201874791914785e+00 -3.052292903517488942e-01 -7.410930080043212076e-01
-1.609625168369839043e+00 1.310103877430731645e+00 2.810232305498992389e+00
1.914698789749755825e+00 3.273260666812241926e+00 1.087795845373354053e+00
-3.929522945002783985e+00 2.119115022976477469e+00 -1.801253589712529690e+00
2.726097264632474815e+00 -7.626683338127241418e-01 3.655054842366060264e+00
-3.839552397604421574e-01 -1.748591036169401924e+00 7.029922235448127221e-01
4.590662152078786029e-01 -3.779130589723269207e+00 -1.398071201711921230e+00
2.496227044065784550e+00 -1.802171073389123857e+00 1.269380368892011113e+00
-8.205590657587450432e-01 6.928737173619674561e-01 -3.613160294875586320e+00
1.913345540208379214e+00 -1.792496832001905682e+00 -3.490377834251007894e+00
-7.175305557164183279e-01 -2.336421179997477393e-01 -2.602436746182857696e+00
-6.133113890045195360e-01 9.842538312531365907e-01 -2.695707901060429457e+00
-3.786362979554863450e+00 2.798808205072783384e+00 -2.482035770866888869e-01
1.559495634646217432e+00 2.146832447263815613e+00 -4.035082839261163734e+00
-3.134709727108728305e+00 2.242201443382315862e+00 1.360819545754203164e+00
-4.087680275310944467e+00 1.459165775626029227e+00 1.886126116329240210e+00
-3.564265730498556106e+00 -1.997938019408866950e-01 2.508362125191895942e+00
2.088338706969212477e-01 3.719586392835870781e-01 -2.183435151630490623e+00
-2.953091330607201748e+00 2.022338092491669848e+00 -2.654306934637601589e+00
-1.608896690189827394e+00 -2.020894219510482870e+00 -1.457398200836453661e+00
3.873131285597538831e+00 7.281095118122912213e-01 -3.865527573506970960e+00
7.775893089823363580e-01 -3.727041747999021215e+00 3.296357821609453342e+00
2.150647429811492373e+00 2.463376636635521422e+00 3.243074043901099657e+00
4.091906023695560002e+00 -2.627677223688317021e+00 -2.546438819771143169e+00
2.543203390656895380e+00 -3.780473707224567104e+00 3.680337524694375251e+00
3.937263232577492555e-01 -2.415068457050323580e+00 4.251846824227736854e-01
2.690328452877971177e+00 -4.123012921209523451e-01 -7.986696955795831165e-01
-2.046126673586806111e-01 -8.160005953367130971e-01 -3.285041156687866337e+00
-1.567796943423136469e+00 -2.272626870992215498e+00 1.374272608854687494e+00
2.930591923511587815e+00 1.334284574736367857e+00 -1.877251756387460890e+00
3.002921523999111386e+00 4.692904673626415168e-01 4.808409135760823849e-01
4.184971976541795868e-02 -1.878216308065677520e+00 -2.641643848554592111e+00
3.855746261090724492e-01 3.539734840781108893e+00 3.098582664294153410e+00
-2.307812389307631662e+00 1.771254668176994729e+00 1.698309417573127034e+00
2.325332875559987578e+00 -8.804101382278231025e-01 2.609701026970487892e-01
-3.386231316000288150e+00 -1.722616133056443566e+00 -9.792817879211446197e-01
2.662964408033255292e+00 2.752269587326710010e+00 -8.666719133771125794e-01
6.581934780104062854e-01 1.792573040762815539e+00 3.995241914721397780e+00
2.955618190899941045e+00 1.080945281759067150e-01 1.758544572710375009e+00
-1.764539874068022707e+00 1.470523288567513687e+00 9.678576833540968316e-01
2.081803988180600806e-01 2.347469325701275089e+00 -1.961640670134082942e+00
-2.118374911934620464e+00 1.717288669379366750e+00 -1.211282775478993878e+00
-1.619537498164840938e+00 3.393082836977370786e-01 1.163437088872970815e+00
7.957035389923349245e-01 -2.031315994919842272e+00 -9.456281567561726220e-01
-1.367311347005637057e+00 1.287119960492021375e+00 -2.029360110291706043e+00
-1.644596430601270032e-01 -3.083474605280552838e-01 -1.457287833970811741e+00
-3.084336035092605677e+00 -2.168717219828343534e+00 -2.582012196199927168e+00
3.993155289238796257e+00 3.813534523221673300e+00 -4.315387380489698055e-01
1.507039657926015686e+00 -2.538242424564558064e+00 2.955762544206853804e+00
-1.406360661718291105e+00 1.754362636297385425e+00 2.047171994140540630e+00
-1.261779738747182966e+00 3.113546006979562186e+00 -1.207737181218147438e+00
3.270733619304452500e+00 -3.726007022045365602e+00 9.451408667812372100e-02
2.236974093450297296e+00 -4.294392784969593840e-02 9.401089486897570291e-01
3.755845648217071897e+00 -1.169475570634113670e-01 -7.650738644877151939e-01
-4.377317319057943412e-01 -5.226335480872272843e-01 -4.829058516760343367e-01
-3.731513412554265052e+00 -2.802937030045748124e+00 4.316190045424979083e-01
-1.465437884054655804e+00 3.143160300213999836e+00 -2.237146507133574769e+00
-3.672556752449162687e+00 5.216611382783610251e-01 -5.246579970315244923e-01
3.879786419610839143e+00 -3.827226256462367360e+00 2.172952162658619457e+00
-9.059175231415339535e-01 2.614609653584350379e+00 -3.322126829930021952e+00
3.295950099008493339e+00 -3.173491951243704978e+00 2.961287479876901774e+00
1.667990975897047701e+00 -4.005222113087682168e+00 2.882317320829106411e+00
-6.722783112325952937e-01 -2.274008536985708595e+00 -1.887262556457935947e+00
-1.509982951849921706e+00 -3.206330255828601761e+00 -1.687244408261484585e+00
5.576887911471682946e-01 4.102638762548833640e+00 2.315474355836489195e+00
-3.203200618742270134e+00 -2.729443873052219693e+00 -5.876662683261520970e-01
-3.910869736487174730e+00 -3.293933014737061349e+00 1.349568547864806733e+00
-2.751329272492190725e+00 2.841707040228552472e+00 -5.144693024237600998e-01
-1.531565110371892136e+00 -3.777886986052645391e-01 3.081996762395683209e+00
-1.538955277137145305e+00 -9.900496611045581652e-01 2.302990402124326597e+00
2.274204222900588324e+00 -3.133184782670632718e+00 3.027101853637922169e+00
-2.144918108504835885e+00 -2.570844074844258031e+00 -3.535349898659306600e+00
-1.805221544749302298e+00 1.336632589072855426e+00 -3.163099873793611128e-01
-1.027213736414706480e+00 4.739060579537413553e-01 3.322771433801430252e+00
-1.037503785729466665e+00 3.088189820303805622e+00 6.487353301666968219e-01
-3.445186583327663588e+00 -2.242486853730021323e+00 2.598791692128002762e+00
2.975340531097093066e+00 2.783600312090760642e+00 -3.259111188696586670e+00
-2.045967044550220937e+00 -1.637772268325814018e+00 -3.900833174018765170e+00
-2.923853496277065034e+00 -3.208343880844057860e+00 -2.433457215328948209e+00
-1.942158246463897342e+00 -3.870254527691572743e+00 -9.940906335151749457e-03
4.684020053794987204e-01 1.327922382981824967e+00 -2.917439229560177427e+00
-3.086863917908587496e+00 -3.895103087605980896e+00 -1.758291625968321004e+00
-1.638351662122843333e+00 2.076628144127687925e+00 -3.773800692347608177e+00
1.670578028275273352e+00 -1.540147282287348540e+00 -4.348347792294285918e-01
1.979109782116331706e+00 2.019001113606490705e+00 -1.514502172010947501e-01
4.857610385776408579e-01 -2.174304054406900555e+00 -3.490454955145323446e+00
2.017011102770789321e+00 3.086385320433108870e+00 4.077111992380075378e+00
3.431394795362013195e+00 -1.011332084709749557e+00 -1.056792656708281486e+00
-3.921471917702064047e+00 -2.731690376428941303e+00 -3.872241012261220305e+00
1.234226159997874467e-01 -1.281980698876968194e+00 2.450203344949509088e+00
2.245488431926194739e+00 8.445582432406179008e-01 -2.573364499771559899e+00
-1.076599966036823952e+00 -1.479487814772352250e+00 -3.483254656623104850e+00
1.863240730129368083e+00 5.527723652188132331e-02 -1.299176072593352327e+00
3.259220787303277245e+00 -2.492293055786864997e+00 4.564316169048127092e-01
-2.154514195967427881e+00 3.847831020800202229e+00 8.929253641680859888e-01
3.431975425898294407e+00 7.091163275150613732e-01 -2.669728981390421918e+00
3.779580163699797879e+00 -1.837602726160271205e+00 1.632152231220655336e+00
-1.172583650844513381e-01 2.677058976366481602e+00 3.978352605014912946e+00
1.534485884568229874e+00 3.616625962455357612e+00 1.922728579231052226e+00
3.388795829660704584e+00 2.511360118588245260e+00 -5.797570065181695265e-02
1.458344720055079868e+00 1.433249492725653607e+00 -3.154947638202898474e+00
-1.778664358493648567e+00 2.576059049640266885e+00 1.208769524384403660e+00
