8.220706914434900980e+00   8.220706914434900980e+00   8.220706914434900980e+00
500
-2.304748544771527463e+00 8.653795739823317845e-01 -2.172480819617214731e+00
4.161630621048095779e-01 2.357064874524674281e+00 -3.170781400810038342e+00
-1.073969526029008303e+00 -1.337315007928035759e-01 2.034879821848668002e-01
3.710190431550087986e+00 -2.101544242398571960e+00 3.908955948511944278e+00
2.745791895861526832e+00 2.517017886222506773e-01 -3.404153836444221426e+00
-5.533934915883229611e-01 1.700282523829383718e+00 -3.426030453260870079e+00
1.049886830102000790e+00 -3.268117327523325955e+00 2.230916674129513222e+00
-9.267276676853377637e-01 -1.129651700046528484e+00 3.710958910147625023e+00
1.829780800819015063e+00 -2.732693297561479273e+00 8.485926188669952186e-01
7.057085996017457008e-01 7.869816742436906987e-01 1.786869846795973382e+00
4.229621143505295500e-01 4.012280021231210192e+00 1.293921956143242902e+00
-1.582624955050340843e+00 -2.470285824545866316e+00 2.747148387235738731e+00
-6.385859513559205558e-01 -4.347571699374962184e-03 1.202190562923542316e+00
-2.524878626737749876e+00 4.153663932298332639e-01 3.826553495918799452e+00
-3.141689092766765334e+00 -1.608260902521641000e-02 -3.817095252329334887e+00
-2.624052950631107883e+00 1.589029256531505396e+00 -3.995162090696406043e+00
6.078830786719172652e-01 -2.128606118403262304e+00 2.496780533067838093e+00
4.732677070412824039e-01 -3.484654318602367074e+00 2.029081081502690509e-01
3.766338532341962697e+00 3.064511859367484270e+00 3.379168912118991841e+00
-2.370784947604517079e+00 -1.584374196319694672e+00 1.076311792659859545e+00
-3.069692798716070925e+00 -8.708948472251378803e-01 -9.724210045118475421e-01
3.860467109036117339e+00 -2.808595171424778769e+00 2.270013098446162836e+00
2.788091399916570623e+00 -2.237383994034992440e+00 2.409515950696922815e+00
6.690397903673220847e-01 -1.029523624980018814e+00 -1.070991693182561599e+00
-1.226176175074343178e+00 -2.168085693500578337e+00 3.942443723874824002e+00
5.903494338800834296e-01 9.811454713799722116e-01 3.091006737217167455e+00
1.438126011493092049e+00 1.957147066900923216e+00 -1.235991499632249413e+00
2.126004946662447548e-01 -1.029854888028193249e+00 1.345082988349079578e+00
-4.496526687470758232e-01 -2.718988308127541664e+00 2.560158904461368845e+00
1.312335620749043530e+00 4.700056196703731315e-01 1.027639440270824434e+00
2.937014192153941106e-01 2.260027562210947583e+00 9.167517381879586313e-01
3.345776195383316942e+00 -4.959877168688925364e-01 -2.898446741980974295e+00
-1.293522746331788875e+00 -4.045828265602008145e+00 -4.096706047477961299e+00
-1.713056609127980856e+00 2.165814578432267989e+00 3.392524611477501395e+00
8.861180576365977890e-01 3.013139764393273357e+00 1.244004455975269874e+00
1.862332867098294154e+00 -9.671757534737289719e-01 -1.561095090875110003e+00
-7.995664742090151655e-01 1.985301871690196673e+00 3.888526556012267044e+00
-3.263457897003874120e+00 2.859553664314338217e+00 2.565090858374631466e+00
-3.250179374203730376e+00 -2.171001537375950363e+00 3.922155653169649536e+00
1.932067092924082408e+00 2.818851838716083691e+00 -1.547631390497888670e+00
-4.034295551371467781e+00 2.466388709678562385e+00 1.757881600898544949e+00
7.247485323180931083e-01 3.720981843165928282e+00 -6.801669516646875469e-01
-1.560190178616532419e+00 3.820532404748050226e+00 3.200171977212599828e+00
3.631608003533493445e+00 8.956960809886139740e-01 -5.057278172459571675e-01
7.782791549209094883e-01 2.112409186325667765e+00 1.806075645969297705e+00
3.258261170329196155e+00 3.425161214311049473e+00 2.343826970892346484e+00
-2.963531249431293535e+00 1.890182793249512438e-01 -1.330004230422005218e+00
-8.880037243417032711e-01 -3.166310651570743318e+00 -2.565082170269856743e+00
3.641278999216061241e+00 -8.059968787868462270e-01 3.135046635166040208e+00
1.551109646066847425e+00 -3.882652674109570157e+00 -2.147621111791891968e-02
2.384329224717385731e+00 -3.070563748437926677e-01 -2.235306351584918527e+00
-4.004251113585878485e+00 4.324461650201806839e-01 1.704016563975207177e+00
-2.826009931334122260e+00 -3.491684973710524886e-01 3.303471923026487289e+00
-3.898735856519353504e+00 -1.575208472703380602e+00 3.258203924347901292e+00
-2.820729012844678807e-01 1.209670821254006601e+00 3.550852225168976251e+00
-2.506495865603235007e+00 1.258588244633611408e+00 3.206667094970204968e+00
-2.544840136743897308e+00 -3.039566334251629920e-01 1.072487045474616707e+00
8.606270993790312573e-01 1.420530826406540159e+00 1.028513793148041922e+00
-2.182417831907098815e+00 3.543020015959991165e-01 2.654479169858260157e+00
2.650426761000605591e+00 -2.701638636646997993e-01 2.712963768050768110e+00
-3.022005586668258026e+00 -3.611653805165929709e-01 -1.980970424300597388e-02
3.239575739184807901e+00 2.638648011315428477e+00 1.831291165975218904e+00
-2.597330513142799280e+00 8.967103500684218131e-01 -6.733019854404245219e-01
-2.442679289477208915e+00 -2.580324507746406759e+00 -1.767005710302362642e+00
9.838698487703123607e-02 2.455595426688645389e-01 3.981908225715221405e+00
2.289717120317285026e+00 1.638828271021509186e+00 2.511970322290112190e+00
1.387083499365112660e+00 -1.738363214477042229e+00 1.696738143256246056e+00
-7.151942917556386448e-01 -2.733875921825248412e-01 -4.058443126054685379e+00
-3.026656196103116869e+00 -2.009266609222378985e+00 5.045652691358879505e-01
-2.469751824372993898e+00 3.451784744277662131e+00 -2.478975368701283433e+00
2.400880843970770506e+00 1.899454563595075918e+00 -1.224289085825453816e+00
2.569580939310430079e+00 1.611547781514985234e+00 6.400818373428894814e-01
2.816373747571911501e+00 -1.737323250717140333e+00 -1.237900674190537176e+00
-3.111139527950627759e+00 -3.754869567909133288e+00 6.888257216775300895e-01
-2.238226403910965168e+00 -3.670087333133819740e+00 -3.496363997045802918e+00
3.958990271435697483e+00 1.127111439091550205e+00 -1.657147642260574871e+00
-5.926620031602712890e-01 3.450113960743695252e+00 -3.678757011012289357e+00
-2.959940064138545379e-01 3.094135787799825899e+00 -2.779174035479742955e+00
2.535459809842306900e+00 3.677795567708097568e+00 -3.506820286386842067e+00
3.102908684288616215e+00 2.285289601906899559e+00 -2.299695662344338754e+00
-3.200562953884210859e+00 1.225637198579476728e+00 -2.002842078179899232e+00
1.717183128343178655e+00 -5.993300784274219195e-01 -4.029681223945470236e+00
2.588643600690889723e+00 -3.355877793392212816e+00 7.245433884538944325e-01
-1.648277341121403117e+00 -8.813588147040773979e-01 -2.517543390609642273e+00
-7.244964693867061989e-01 -3.841192705284778519e+00 -6.252386829884187813e-02
-1.715327800344003117e+00 3.066554904831412465e+00 3.812272384688865312e+00
-1.791020882581541240e+00 -3.924499547083360795e+00 -2.607606015199401384e+00
3.586672440433129605e+00 -2.220236652129424559e+00 -3.250853327877650578e+00
4.019856417412484895e+00 -3.731117566207007297e+00 -4.055061222481090688e+00
-3.826720129221393929e+00 1.487515205050526701e+00 -2.780588920020340638e+00
3.318552986686548412e+00 -2.301618262808602378e+00 -2.194498384108090505e+00
3.532888139533871819e-01 -2.654631155994139569e+00 -1.330888414102483264e+00
-2.945958210208843298e+00 -1.203118697099721413e+00 2.913996112649642978e+00
-3.192007559392480598e+00 -1.378268419524043775e+00 -1.881930153112520321e+00
-2.774216136869097848e+00 1.452633014285385382e+00 5.893859524927486104e-01
6.417688309648990064e-01 1.056256565305725870e+00 1.644352474275369291e-01
-4.011350206120921413e+00 -1.148019156581135958e+00 2.283521596852898572e+00
-1.999556765084311571e-01 -3.867952070464828029e+00 3.661360282777607278e+00
1.410472572776602762e+00 3.822111424714283778e+00 -1.581931692680103474e+00
-4.182837640582893202e-01 -3.469571849292183874e+00 -1.691126649482357580e+00
-6.205910057279794279e-01 3.745790799077356681e+00 2.848092362175035586e+00
-7.500571576334801316e-01 -1.327366518974951504e+00 -2.432102500000187462e+00
3.104100915341640565e+00 6.899719974335817296e-01 2.522195573481841979e+00
6.806237148593914377e-01 2.903289517634815908e+00 -5.921605798339909382e-02
-1.299546410317061085e+00 -3.748230428556072358e+00 -8.671041188413481926e-01
3.434444084086917925e+00 -6.298679967371746402e-01 9.919136099153863517e-02
1.044004470760872688e-01 -3.051340608558876788e+00 1.774649187098294556e+00
1.151865955305138023e+00 2.698908496970638726e+00 -2.202259820734401075e+00
3.063900443627826764e+00 -2.732108289097535891e+00 1.548617711827632304e+00
3.320130202657278762e+00 3.760274586121260310e+00 4.068769291654721343e+00
5.188930601011242372e-01 -1.800756940247546511e-01 -6.177085774464949885e-01
3.729619357859016660e+00 -3.840716046897201252e-01 1.141866147113798524e+00
-1.880803294239608237e+00 -4.637743440667647238e-02 -1.849601749638881909e+00
1.177604516913061811e-01 -8.492455412099606527e-01 -2.159863755307197763e+00
1.691419680624393518e+00 2.408155221597227058e+00 1.468716775235465288e+00
-3.339615437516822549e+00 1.031159732027456366e+00 -3.447577620810981625e+00
2.657267211941042984e+00 4.059546808479768565e+00 -2.550403947656407322e+00
-1.936440328190565108e+00 -3.002636036927773588e+00 -2.591984960688361372e+00
-3.870321422924250854e+00 3.601970790099792818e+00 2.692549728712141821e+00
-2.446450696340572328e+00 -6.986334290414700776e-01 2.084025529188026749e+00
3.292413107546259710e+00 1.674963573365833680e+00 2.367073856997321535e+00
2.727561383109953663e+00 7.038489395512618207e-01 -9.804004361551301727e-01
-1.235005856816361880e-01 3.745248450394674244e-01 -5.126884163441487730e-02
3.500650653326647266e+00 -3.073301806107698653e+00 -1.515011232026662658e+00
-3.814033128170945641e+00 -3.790575049645629413e+00 3.140708333979099542e+00
2.355467764281124587e+00 -1.380697969841664152e+00 2.643730616015626200e+00
2.628211034969710980e+00 2.001834980080435589e+00 1.536941212805313928e+00
-3.448874157768203608e-01 -3.789816742545999873e+00 9.113269683309931368e-01
-2.501235402921138107e+00 2.571482013633158203e+00 -3.994536999069850935e+00
-1.778128024156183096e-01 1.406290740179904741e+00 -1.981791796815641771e+00
3.523727317718455154e+00 2.103215923310893576e+00 -1.312215344878352896e+00
-3.828011624667258417e+00 -3.491998544598453158e+00 -3.010811781568075496e+00
2.314466369307898841e+00 3.005321438663984601e+00 2.191144587979207969e+00
-3.811658241172606765e+00 3.735233799930393062e+00 -2.221349155593017599e+00
-3.671626911876102017e+00 1.459175184009079862e+00 1.019693646176344837e+00
2.385752326333359985e+00 -3.545214059215937574e+00 -3.300852032966145710e+00
4.224425918170819916e-01 3.546054619397817298e+00 -1.880322045521604091e+00
-2.315860825010369606e+00 -2.762570555310352116e+00 2.068691852519684904e+00
2.046231673760270375e+00 2.097743853784229673e-01 3.626605049358195831e+00
3.258886476597801174e+00 -1.484971971564162718e+00 7.310508137138771456e-01
-7.241095669429240544e-01 -3.154050931413948877e+00 4.002410391518870014e+00
-2.991553543397759363e+00 -3.730712775208370857e+00 3.820549410987135186e+00
-1.141345552929861479e-01 6.648031948534753877e-01 -1.202522682006257781e+00
-3.954450758615916328e+00 -7.054647281230924660e-03 -3.215740991185256803e+00
-2.038073912940864485e+00 -1.036367879951866744e+00 -1.595420274236389879e+00
-4.106380647019460817e+00 -3.930101441922661198e+00 5.710616618448488557e-01
3.844761622836129877e+00 -2.165545947569534668e+00 -1.335049964957990998e+00
-2.135159811765484417e+00 -6.650370665668612347e-01 4.026725392853696128e+00
-2.043254995121958739e+00 -3.105727311465135809e+00 -8.650921165823897141e-01
-2.055572033405411503e+00 -1.193443925042706466e+00 -6.540628166212184014e-02
-4.053898621502564303e+00 -3.715569669410816456e+00 -1.171481998088970800e+00
1.927210890384276842e+00 2.375481813801374464e+00 -3.047191299732421310e+00
-3.923633122426540609e+00 -6.394714921338876534e-01 -2.486207113392276735e+00
9.965822232655855428e-01 1.337283448810556719e-01 3.628023613884507448e+00
-1.385183019979072006e+00 -4.941279555538521939e-01 -3.417169640523419538e+00
6.803899925196388310e-01 1.226262523448432340e+00 -1.460025308642816100e+00
9.364266475098595999e-01 -3.407509615782426060e+00 -6.425421496976156943e-01
-3.190139368761030436e+00 2.440445518051983509e+00 3.618578130972393558e-01
4.794405954448920371e-01 -1.225925130467713675e+00 -7.303727165266681032e-02
-1.794523681925307201e+00 6.822377119862407246e-01 -1.179294748476030996e+00
-1.263855672642993699e+00 2.751230799884209599e+00 2.601089598714047213e+00
1.332263479984377108e+00 -1.670919504059534377e+00 5.382551671349291578e-01
3.203932276578473459e+00 -9.365000953104634096e-01 1.930274014637252122e+00
-3.123078457572451505e+00 3.568359084821283833e+00 3.051359568119415000e-01
8.653039671742586147e-01 -2.522348365822980609e-01 3.636370453242544487e-01
1.036385666402557248e+00 5.495230554107526366e-01 -3.566271122043637831e+00
-3.559973945998860412e+00 -2.433721271746680070e+00 1.599381430386376257e+00
9.523294954602228302e-01 -1.289781694562467163e+00 3.220911175476424582e+00
-2.304601377508367577e+00 2.977785110809227476e+00 5.138580215155682529e-01
4.035111711582800353e+00 2.182063513988457437e+00 2.760243063000762831e+00
-1.522829452510958248e+00 3.598891578022088700e-01 -2.738527945827623711e+00
4.466911057134721474e-01 -3.903706328602271625e-01 2.969172777614497161e+00
2.921430950131617355e+00 -4.060553133210167864e+00 -8.901118704952066807e-01
-1.130790168293628328e+00 4.013253479008963787e+00 -1.801435985397864314e+00
8.507663616898336612e-01 3.732145021305366406e+00 3.990685930738432363e-01
1.570972649605059779e+00 -3.380462919314203063e+00 3.887888172583080060e+00
-1.374919967892271000e+00 -3.202799805696056268e+00 1.974008062937177010e+00
3.155707371355686686e+00 2.255043116094497258e+00 3.293774006693926282e+00
8.102421956017921145e-01 -1.584370513721654827e+00 -1.893663160235126375e+00
1.148379246720919067e+00 -3.213813962429179494e+00 -3.060458593578613051e+00
-2.133068202037089259e-02 -2.005132177393308179e+00 -5.458721000238174748e-01
-3.073864556346882271e+00 -3.037995203110961828e+00 -3.521859999191532253e+00
-3.197837352347475015e+00 7.790193948033183879e-01 2.437197833254459489e+00
-3.216677290710645121e+00 -1.085936129318420429e+00 3.944344769716840116e+00
-1.403467563523594031e+00 -8.657355188189964634e-01 9.402411412696412008e-01
1.761977073837216468e+00 -2.433252656091023508e-02 -3.138539505306020772e+00
-9.440423486446967993e-02 3.188272191934845790e+00 1.033733422228208187e+00
6.191436603535230843e-01 3.443008229532697140e+00 -2.907430027828705299e+00
-3.102979364866693235e+00 -1.503981956301662981e+00 1.869965840378206678e+00
3.357950970297079341e+00 -3.626740283185139635e+00 1.261745779960532055e+00
-1.538531446890328613e+00 -3.031393058521538286e+00 3.537349178867831068e+00
-9.386663402220064567e-01 1.062398284885896826e+00 1.577439836647067661e+00
1.551787050189221917e+00 4.062917435470325245e+00 -3.272562813025095441e+00
-5.042976430349143113e-01 -2.705294193380529677e+00 1.098895567442349952e+00
1.123312698457925585e+00 -1.464133649145444638e+00 -4.013230691323117050e+00
2.291554751416226221e+00 -2.662921793976644746e+00 -1.346442782660425719e+00
1.325577720324694120e+00 2.210630955038617174e+00 5.603574779401701011e-01
-4.071023102441109209e+00 2.737149054104839774e+00 -3.899202491846613938e+00
2.282438921859530900e+00 -3.049530838286397039e+00 -2.905299317277595383e-01
1.917952586467887466e+00 -2.794260311687350562e+00 -2.260479762574106655e+00
8.149424495160376702e-01 -2.256207430420477333e+00 3.607084206364775447e+00
2.700185747209086440e+00 2.659772472012663425e+00 7.926328586384937536e-01
-1.511889993210627114e+00 1.475258442379983270e+00 -3.010319052075348001e+00
1.076844878798260297e+00 1.631055756905207543e+00 -2.230058492401032932e+00
-1.738540645580727961e+00 2.296527101747507515e+00 1.726503438968458037e-01
-3.012753033361099675e+00 -4.069679164762214363e+00 -2.937300108414752753e+00
6.305197774004223099e-01 -3.786989006221855636e+00 -2.389873052257506014e+00
1.890176859377341367e+00 -2.851734604983584553e+00 1.859842298089651180e+00
-2.609809035263207511e-01 3.889581791759759266e+00 -9.445345428525027121e-01
-5.576917568348443988e-01 -1.834497237638387901e+00 1.805533047409408454e+00
2.390909477706828046e+00 -3.604405149584791523e+00 -1.743190676369792413e+00
2.912737308350646703e+00 -1.648408597365787598e+00 -3.898960661783485993e+00
-9.787181859246234517e-01 -8.951193577843215010e-01 -1.438354285041291369e+00
1.679112699233890282e+00 -6.285088069100751573e-01 3.166598821390815388e+00
5.723163338486179086e-01 -3.237283979617992191e+00 -4.037500439789070583e+00
1.473068870515953588e+00 2.499023156305307580e+00 2.478960866719186029e+00
-8.820116643854063465e-01 -3.939663948413824723e+00 -3.169102755981064945e+00
-2.674269385529970844e+00 2.212860547797773414e+00 3.221898517214307311e+00
-5.234403048085723986e-01 -2.850988114925147698e+00 4.334227047471599092e-02
-2.870310100844247980e+00 -2.973125586112037588e+00 3.071744543936683947e+00
-1.015619213270794630e+00 -1.657965093616823538e+00 -6.259646900672586334e-01
-2.026550760660420725e+00 2.586269202492855523e+00 -2.871425120415320720e+00
-2.951328510780498515e+00 5.132530030024390344e-01 4.424560610697004792e-01
-2.723291401230523157e+00 -5.604523569056193422e-01 -2.270151211347811060e+00
-1.426794893123101149e-01 3.429785850929626623e+00 2.032019372391269396e+00
1.014371115284218972e+00 -2.334025626153789279e+00 -2.557367742461586158e+00
-2.067664980312076572e+00 2.619958960115543189e-01 6.777608077345398385e-02
-3.286608262486561571e+00 3.240999545503782109e+00 -3.336705123493669323e+00
-1.738344055401283006e+00 3.633777031158809123e+00 2.171690878045169359e+00
-1.391419916098164622e+00 3.435712691729170931e+00 -1.485189115352157918e-01
-1.616906295162595653e-01 -1.570471828372842715e+00 -1.403301399193664256e+00
-2.207114102778805265e+00 3.057932349964347818e+00 2.888728858476942829e+00
-3.378332252696880644e+00 3.198214734281442428e+00 1.416800972308373430e+00
3.470120489964012567e+00 3.971225984675153420e+00 3.077071432337730617e+00
1.402357226509195920e+00 1.368689443837886266e+00 2.272726807892018641e+00
-1.541356314085393087e-01 1.308401221858561447e+00 7.971223951766333027e-01
-3.351510096074663103e+00 3.496847604480949112e+00 -8.582752979003112070e-01
1.150052155609621263e+00 3.076795875657976076e+00 -3.671228320751374063e+00
-7.167241415637272128e-01 -2.784203603937118743e+00 -9.382408193821014653e-01
-1.474757896439275739e-01 -2.047776529212578023e+00 3.483965704576726274e+00
-3.339127969952490727e+00 3.457604580759828794e-01 -2.511432626927270206e+00
1.752582881153261107e+00 3.366949430857025249e-01 1.946144065466321349e+00
1.379075722553603001e+00 -2.558722240236853462e+00 -3.833289255863053580e+00
-3.538305994427505485e+00 -1.034725965812850701e+00 5.099770132077956486e-01
-1.806555710280631999e+00 3.469227683298812259e-01 -3.770987099996216951e+00
-1.538486932767943571e+00 -3.346413508353531352e+00 9.696431317451379428e-01
-2.115863274613574596e+00 -1.755674676013485369e+00 2.063853846434805295e+00
3.002942531443183238e+00 2.432045097037144610e-01 3.615986590687709779e+00
-2.067615550702491145e+00 -3.531668002814456919e+00 2.861219759688408804e+00
-1.261709840624755663e-01 -6.119109870096581805e-01 5.276164837951707876e-01
-2.491292883621273990e+00 2.899712194104873131e+00 1.977860214041295972e+00
2.861496122310007273e+00 -2.725818836929659650e+00 3.814511030303429973e+00
1.355388611885117722e+00 -2.565151302846512493e+00 -9.119731406197886803e-02
1.784551391540075249e+00 3.834597996883370996e-02 -1.032949112771380101e-01
-3.394521354602088259e+00 2.229456735494186326e+00 -3.581532771674118543e+00
3.850337087673208813e+00 -1.422500383346319452e+00 -2.128347363128493708e+00
3.467228778874143824e+00 1.744091410849153423e+00 -3.259894935953786987e+00
-2.173012920694747940e+00 2.674585629991597546e+00 -1.490000498141578422e+00
2.393292465087420773e+00 1.582168476138704705e+00 3.551272632687951347e+00
9.192132950075956321e-01 1.927283184567710750e+00 -4.446264577572544563e-01
4.254285442398964001e-01 -2.067381992892931120e+00 1.420612165152073336e+00
1.133410234217598456e+00 -4.782960963358456330e-01 2.165603379232039938e+00
3.998218279770454853e+00 1.434275443136836525e-01 3.179566400182388453e+00
2.029072298283413289e+00 -8.301528526074072323e-01 1.926849269411777588e+00
3.183707093004849664e+00 -2.558699146298273330e+00 -5.648696607420452542e-01
-1.026367792412030466e+00 5.300189991346728746e-01 -4.985443814340215773e-01
3.455163780076518254e+00 -4.054336477586003795e+00 -1.871570636981514157e+00
-2.549386381033592830e+00 3.692067042413888611e+00 -4.034546864836305424e+00
-4.176861461699944433e-01 2.779978021914182307e+00 3.063635245366274518e+00
-3.051063472315085789e+00 3.115351895457928233e+00 3.501941273541693267e+00
-8.835329602026922302e-01 2.771489310960094876e+00 1.740495012505468342e+00
-4.454603847727144905e-01 -2.567905950853420105e+00 -3.517259688329741341e+00
-3.769390430607273412e+00 -1.675048630010437689e+00 -3.377231380312165410e+00
1.409009815726063763e+00 -3.299778929015249496e+00 -1.576099659638633188e+00
1.554347554373618934e+00 1.174021940178153978e+00 3.894500254499268621e+00
-1.200095907793656158e+00 2.250047821985805552e+00 -5.821381435394533677e-01
-2.351662421698653915e+00 -2.604600356587912557e+00 3.768007074523797684e+00
1.906377972219423178e+00 1.057787072617464741e+00 -1.622133565335635685e+00
3.646942116260809108e+00 3.327819945273617463e+00 -1.221332373013210182e+00
1.080347659756832612e-01 -2.798291585988454511e+00 -2.369822904505653582e+00
3.558291465322898084e+00 -3.919291230587756747e+00 -2.900422589607875690e+00
3.187885251342264858e+00 -1.718856419237520861e+00 3.193652094749324100e+00
1.039693201726354710e+00 -1.405346210319840417e+00 -3.008544318735180134e+00
3.103695336780914804e+00 3.455559558230063111e+00 -1.998796984957837419e-01
1.856334204290314149e+00 9.533402200282503625e-01 1.035716364734823591e-01
-3.976122866369852016e+00 2.598281295727896456e+00 -2.731916585881428272e+00
-2.808592948348344720e+00 -2.907836397439807818e+00 1.131873647577323005e+00
-8.989749502984600849e-01 1.353909175545730204e+00 -1.144033813014100343e+00
-2.715283420861659969e-01 4.010040170424606032e+00 -2.346930546955090069e+00
2.577399625608819411e-01 3.519530273544881016e+00 4.084743655458153988e+00
-3.741665243134451035e+00 3.711083375073956248e+00 3.942547016831453366e+00
3.786994470795292056e+00 3.450788663301710191e+00 -3.297787078348483725e+00
8.855052059795520680e-01 -3.201999085563508984e+00 1.067034534881318608e+00
2.680027057619261743e+00 3.563179737535690617e+00 -1.637191645620880598e+00
-3.609928151762070048e+00 1.571685308168395911e+00 -1.017246628367596273e+00
-2.335558577747714470e-01 1.381668374401487931e+00 -3.298339044526129027e-01
-6.683437818184426726e-01 -8.867411874275554773e-01 1.839258418965803665e+00
2.626473316093560495e+00 -2.377713876052225395e+00 -2.927092436483990756e+00
3.054749077978217819e+00 1.072381571643149512e+00 1.369785709873533541e+00
-4.333646283036812208e-01 3.104575367207706549e+00 -1.784780639764860677e+00
-9.090520476463600508e-01 3.525778788875775782e-01 -1.766785439447013051e+00
-3.500033667490754397e+00 -2.807615370988171488e+00 -1.515474335294663799e+00
1.377615247123368913e+00 1.843989015842967705e+00 3.229231602419782021e+00
-7.605239488166768425e-01 1.849800022223047957e+00 2.769645191428835140e+00
2.389812093109086710e+00 3.919065812885754507e+00 3.110974658028899387e-01
-2.341199055214538305e+00 9.246994627103872766e-01 -3.159112132430641040e+00
1.831187752905409694e+00 1.249050390345942452e+00 1.332606275631312176e+00
-6.084852907044256964e-01 -3.830862609380004447e+00 1.928275879010862059e+00
-2.351561675713078059e-01 2.296713643043994502e+00 -5.209993325046505253e-02
-2.024958545351123629e+00 -1.829116385540792367e+00 -2.742317864916131054e+00
-2.756561544862304647e+00 -3.819598249301638049e+00 -8.262722784418985444e-01
2.056245363643980362e+00 1.936777269442628402e+00 -2.152607474457233216e+00
-1.601169750083736965e+00 3.345598053555896456e+00 -3.550415612407658461e+00
1.901872008662772728e+00 3.319544327484648338e+00 -2.481555792313160147e+00
2.668114067066242878e+00 3.892784509497306811e+00 1.502852210329104432e+00
-1.066099116953325820e+00 9.368261495359105906e-01 4.549107764803227982e-01
1.357594038985368567e-01 -2.957976118181816272e+00 3.372016339306996180e+00
-1.324855212532990434e+00 -1.878344872685888456e+00 3.396859184410254695e-01
2.608066573726063098e+00 -4.075143046020209603e+00 2.438815115081634843e+00
2.261777692468952772e+00 -8.742032199248191970e-01 -3.108568956269683436e+00
3.334827972788781958e-01 1.742010674186588393e+00 2.541543567044267427e+00
-3.487153060903806168e+00 4.096044849925356779e+00 1.789223309212336632e+00
-3.489583616624785556e+00 -3.570112079795671800e+00 -2.106588167615131568e-01
-3.358135326744605020e+00 1.065207469151769892e+00 3.692458761986654903e+00
-1.752835196180528632e+00 -1.395609147681647011e+00 3.184886244136870825e+00
3.171204855539688783e-01 3.737678846729034499e-01 8.881378875488479263e-01
-2.528147968943520230e+00 -2.118686337253188334e+00 2.961914060440240082e+00
-9.232794471144512016e-01 1.128793796303438068e-01 2.139847536055142996e+00
-1.642368516650712373e-01 3.562740419318458418e+00 5.860869246730999321e-02
6.777268273687028222e-01 -4.558747657513381180e-01 -3.834389494358408257e+00
-9.991945383636560152e-01 3.752865720307734243e+00 1.344744208369103688e+00
1.923089525827996082e+00 -1.729084261128449818e+00 -2.194392380744223381e+00
-3.632382214303991330e-01 1.806771874857844518e+00 1.806702879905912607e+00
1.276738773462465115e+00 -6.852844645205176111e-01 1.183727595576731018e+00
1.716194032385209622e+00 -3.759726572009260970e+00 1.270840570516207801e+00
8.003277974009446183e-01 2.837132158434666707e+00 -1.145995815214280622e+00
-3.996361728123841051e+00 -2.722011583345894437e+00 3.306888259666159513e+00
3.372452886071737321e+00 1.271520181131248206e+00 3.668851947310698858e+00
1.969543047685559101e-01 -1.094672536961181081e-01 1.935247341448182778e+00
1.167061075143647875e+00 7.102243441105873245e-01 -7.069950059565119904e-01
-3.121070829887354847e+00 1.865458721751315219e+00 2.276392465995281000e+00
1.677920800474212548e+00 3.287281557397371490e+00 -6.672176981714504906e-01
1.941887924192368553e+00 -3.821166149969373649e+00 -8.767779687641750197e-01
4.069215591273683152e+00 6.813488212057458027e-01 6.028350654478102921e-01
3.070478058002363397e+00 -3.202102130467379570e+00 -2.444676123891171837e+00
1.236584580730328398e+00 3.826157338820614484e+00 3.931773326875378949e+00
-2.601013342288499341e+00 8.786237526844768997e-01 1.532685929218455367e+00
-4.016748048227626988e+00 1.093282352864507923e+00 2.990350320000948248e+00
6.015623737787140213e-01 2.446147123167182524e+00 3.227637852529741558e+00
-2.927166103516768203e+00 -1.223967538493380802e+00 -3.132352576149510792e+00
-2.097850058535217777e+00 3.956480585755167478e+00 -1.668256039721676132e+00
-8.506652849454158227e-01 -1.803470434192691041e+00 2.854951983800808613e+00
1.315253249742861508e+00 5.924026198055947212e-01 -2.328388310497459646e+00
-2.308489918025466547e+00 -3.680455149483894850e+00 1.614939753882734141e+00
3.991756653967698298e+00 3.245217210171531974e+00 5.865664233894672952e-01
2.431174094616268988e+00 -1.968557153378616587e+00 -5.056012581851286602e-02
-2.179434742922393475e+00 3.500586363346687602e+00 -7.963365145440552961e-01
2.722987303089430711e+00 3.288984182469851358e+00 3.329238538710561635e+00
6.838146768253781094e-01 -4.051781764810304942e+00 -3.530189554135317209e+00
-1.501568952915818933e+00 1.162372878978283230e+00 4.003844769100319390e+00
-3.459830553665604214e+00 -4.335664537121082240e-01 1.455604643939456766e+00
8.945629555415721690e-01 -1.654303180746072022e-01 -1.654354228014192074e+00
-1.323786244456645611e-01 8.671027611205474050e-01 2.284409292732172414e+00
-3.984530103997247608e+00 1.864630852194382626e+00 3.765994401524372037e+00
-3.042059265059859907e-01 2.694031540163380978e+00 -9.235339491495264674e-01
3.326201215287199364e+00 -2.011033505299140989e-01 -1.859035957522592986e+00
2.934992546231141475e+00 -1.452327593933045780e+00 -2.593838005596668328e+00
-2.813732328558209428e+00 1.826450186735689485e+00 -3.282241348490839705e-01
-1.004733452320498710e+00 2.240535300825685194e+00 -1.789118040348985250e+00
3.758767739615085507e-02 2.428785692433897692e-01 -3.182123076142993945e+00
-3.466141055886746258e+00 -3.333187434108126901e+00 2.389915647372951035e+00
3.835380807852824425e+00 3.608685792759610766e+00 1.523923084788617599e+00
1.982935219469356136e+00 -1.797398174547025551e+00 3.601930685640442054e+00
-8.201324413169884808e-01 -3.494012633352453268e+00 3.007302098367090171e+00
3.431072268362590272e+00 3.252708811685386614e+00 -2.391490506509102332e+00
-4.067987948608334570e+00 1.721134373488016234e+00 4.130493862640228359e-02
-2.498514179011916525e+00 -6.670119962051328233e-02 -3.102781236514725371e+00
1.659438871731188980e+00 -3.865052755027017728e+00 -2.364600532467751481e+00
9.064929716598577047e-02 -1.225087373133878055e+00 4.019798650314347022e+00
-3.184404876402802120e+00 2.895953189315972676e+00 -1.891603966626757227e+00
-2.765228347717137769e+00 3.902178656642105281e+00 2.453331879992797671e+00
1.240763265143191574e-01 1.059649682052813402e+00 -3.768348966968398273e+00
-2.470598770296739133e+00 -2.849015355263400551e+00 1.380935122208823418e-01
-6.109189564929854432e-01 -6.717100787634234793e-01 2.778314118342303463e+00
-1.421096090631056796e+00 -3.143728784623611716e+00 -3.525962379888273546e+00
-1.506540422521875700e+00 -2.850761704817784015e+00 -7.505272186398553869e-02
1.868213713023988864e+00 2.936308467183408322e+00 2.496523150924267742e-01
3.316153661955405063e+00 -3.181586606104745751e+00 -3.566869436859455345e+00
3.841680118924508669e+00 -1.746090330925191170e+00 -2.166388944137957184e-01
7.727384599363495976e-01 -3.846181645542654515e-01 -2.749455648542813879e+00
3.532814090066802581e+00 -3.405206863223407265e-01 -3.940556555595695176e+00
-4.729080828150265120e-02 -3.495536505664728733e+00 -3.165120550350655204e+00
2.953591283158047087e+00 1.692106416459334906e+00 -3.361036059627706685e-01
-7.149765862301125097e-01 2.168873426345316435e+00 9.197589995234981552e-01
-1.033534969133125259e+00 -2.230344664985146608e+00 -2.800080031135836922e+00
1.437622783077718402e+00 4.612777549060588789e-01 2.826858906169592345e+00
2.569034163670306903e+00 1.147997121980796065e+00 -3.701620339070163634e+00
7.156609649871550349e-01 3.048178297222513322e+00 2.239498718014621303e+00
-1.582655371483326467e+00 -2.913015816283520687e-01 -7.609204023328111077e-01
-1.575928466445356113e+00 1.369573689724169485e+00 2.878481185757336913e+00
1.906614866003244479e+00 3.357867863680567222e+00 1.119857547863365888e+00
-3.816937201928226386e+00 2.010113399524052102e+00 -1.898922528815666144e+00
2.726097264632474815e+00 -7.626683338127241418e-01 3.655054842366060264e+00
-3.300308335724571052e-01 -1.599647037677077943e+00 7.795246736052717784e-01
4.590662152078786029e-01 -3.779130589723269207e+00 -1.398071201711921230e+00
2.496858117093455398e+00 -1.952045776328587001e+00 1.289009540452825453e+00
-8.078292178595273265e-01 6.032410476746619121e-01 -3.583262798557416140e+00
1.938358591258821706e+00 -1.796725244326432103e+00 -3.485998315592352181e+00
-7.175305557164183279e-01 -2.336421179997477393e-01 -2.602436746182857696e+00
-6.133113890045195360e-01 9.842538312531365907e-01 -2.695707901060429457e+00
-3.859029264260995795e+00 2.806925063660345998e+00 -3.151892516244563236e-01
1.528187225957421846e+00 2.223929945181767565e+00 -4.043853090319250221e+00
-3.134709727108728305e+00 2.242201443382315862e+00 1.360819545754203164e+00
-4.087680275310944467e+00 1.459165775626029227e+00 1.886126116329240210e+00
-3.492485866205338851e+00 -2.025505401645604775e-01 2.460317274449602465e+00
1.300232279196950891e-01 3.853085709547233173e-01 -2.202747402940985921e+00
-2.864503378164456660e+00 2.010938015842137272e+00 -2.724942162987729510e+00
-1.563429050465083847e+00 -2.015865825822106050e+00 -1.428812955836260334e+00
3.912636940500676008e+00 7.866516256450554190e-01 -3.820540115331374054e+00
7.688390950246067890e-01 -3.687471103515786996e+00 3.222735715480483432e+00
2.135238382619006448e+00 2.533095187053614694e+00 3.268669137842194150e+00
-3.970666909638862485e+00 -2.571132392327457161e+00 -2.617809149713158146e+00
2.561542355035617557e+00 -3.867948267370405091e+00 3.724362152954062921e+00
4.085061839092095082e-01 -2.418524956150674310e+00 3.039467935613167637e-01
2.632753130627567995e+00 -4.704981931815386820e-01 -7.195782460767270461e-01
-2.046126673586806111e-01 -8.160005953367130971e-01 -3.285041156687866337e+00
-1.448768883099486038e+00 -2.319998385050395573e+00 1.360990900114010360e+00
2.875726140520276086e+00 1.347387958064539371e+00 -1.876724967626476337e+00
3.002921523999111386e+00 4.692904673626415168e-01 4.808409135760823849e-01
4.256038795223865412e-02 -1.816746365626455306e+00 -2.714057573107660826e+00
4.156392287425528242e-01 3.449996449886764349e+00 3.082994517740659468e+00
-2.307812389307631662e+00 1.771254668176994729e+00 1.698309417573127034e+00
2.325332875559987578e+00 -8.804101382278231025e-01 2.609701026970487892e-01
-3.462374032155322912e+00 -1.810271929234965826e+00 -1.012212779828429499e+00
2.668297903784502711e+00 2.903502411825413354e+00 -8.536988223056227731e-01
6.581934780104062854e-01 1.792573040762815539e+00 3.995241914721397780e+00
2.892563376942637099e+00 3.212232560607618248e-02 1.797331296391571742e+00
-1.797546516329182609e+00 1.405510444071047971e+00 8.751440421726613961e-01
2.409739530829156928e-01 2.293118433961927494e+00 -1.920315214966444417e+00
-2.187577951279977562e+00 1.707890337692708593e+00 -1.244767421370617688e+00
-1.619537498164840938e+00 3.393082836977370786e-01 1.163437088872970815e+00
9.507294762666533838e-01 -1.942577679987800066e+00 -9.175737348356544087e-01
-1.405143978671015814e+00 1.326399737697200987e+00 -1.997057489976968192e+00
-1.435279759614679629e-01 -3.598804100189495481e-01 -1.394883614111369630e+00
-3.027302387443374432e+00 -2.193319343299255930e+00 -2.573240664681163636e+00
3.993155289238796257e+00 3.813534523221673300e+00 -4.315387380489698055e-01
1.523289706546075317e+00 -2.509733583235893128e+00 2.929919349904270831e+00
-1.429197613988363758e+00 1.784215096197278250e+00 2.021676068847643393e+00
-1.300845407018109023e+00 3.129796675512821924e+00 -1.186775876558054277e+00
3.222309288477507305e+00 -3.659753882412775106e+00 3.497970519652388033e-02
2.152486367068738193e+00 -1.041371848291341856e-01 1.057280421758588274e+00
3.793787071388669219e+00 -1.347336073752076757e-01 -8.561696862687926401e-01
-5.002183454101055693e-01 -4.468123090086459359e-01 -5.202623024914653227e-01
-3.892245881015847342e+00 -2.661877420830707219e+00 5.018896714528000569e-01
-1.435512415044250867e+00 3.128466823689909138e+00 -2.278720993598325251e+00
-3.672556752449162687e+00 5.216611382783610251e-01 -5.246579970315244923e-01
3.747121010434630417e+00 -3.847341923363758909e+00 2.196972452250707697e+00
-9.059175231415339535e-01 2.614609653584350379e+00 -3.322126829930021952e+00
3.257584149023379450e+00 -3.218551520794910914e+00 2.929616575973707615e+00
1.677985165524585209e+00 -3.977824388356916874e+00 2.869845329704257875e+00
-6.722783112325952937e-01 -2.274008536985708595e+00 -1.887262556457935947e+00
-1.524313674440597177e+00 -3.222724872109195893e+00 -1.684613317536289845e+00
4.882458271361608260e-01 4.078993209400032960e+00 2.306777209650039406e+00
-3.203200618742270134e+00 -2.729443873052219693e+00 -5.876662683261520970e-01
-3.958744953399528921e+00 -3.301148515703496766e+00 1.381369247697228131e+00
-2.751329272492190725e+00 2.841707040228552472e+00 -5.144693024237600998e-01
-1.573536131096256341e+00 -4.345445137292400228e-01 3.072707910145548116e+00
-1.501827209971412280e+00 -1.051458501081444563e+00 2.318866250947528407e+00
2.232956526117139795e+00 -3.187424788511998397e+00 3.002723546251900633e+00
-2.193462802245213172e+00 -2.637180638939122357e+00 -3.555001940291735885e+00
-1.743740805923011727e+00 1.412649260818948038e+00 -2.709122163315988430e-01
-1.112540873872592817e+00 4.408268039739445254e-01 3.417865349426123078e+00
-1.042376336108191470e+00 3.094617810823395043e+00 6.531401768347385728e-01
-3.445186583327663588e+00 -2.242486853730021323e+00 2.598791692128002762e+00
2.975340531097093066e+00 2.783600312090760642e+00 -3.259111188696586670e+00
-2.045967044550220937e+00 -1.637772268325814018e+00 -3.900833174018765170e+00
-2.974399973904522376e+00 -3.211692447211954793e+00 -2.454461314686231965e+00
-1.942158246463897342e+00 -3.870254527691572743e+00 -9.940906335151749457e-03
4.723183456496605204e-01 1.297683619301553293e+00 -2.867264585617316452e+00
-3.031839293460386386e+00 -3.838260325462831801e+00 -1.710961013756093330e+00
-1.638351662122843333e+00 2.076628144127687925e+00 -3.773800692347608177e+00
1.670578028275273352e+00 -1.540147282287348540e+00 -4.348347792294285918e-01
2.070368079973992081e+00 2.014759094164684683e+00 -2.102187521380146640e-01
4.619473492719932128e-01 -2.119192759939845683e+00 -3.648697570835268689e+00
1.994454377545293644e+00 3.099468580442354959e+00 4.102950529523268663e+00
3.412436926724808028e+00 -1.037283427601966235e+00 -1.061196314380778549e+00
-3.992587826610653590e+00 -2.720439802630543191e+00 -3.840608230201504991e+00
1.178693028684515837e-01 -1.281380231421433535e+00 2.529323348751080225e+00
2.240664247867576009e+00 9.048950819172482118e-01 -2.583632621676348773e+00
-1.210145246107222183e+00 -1.435602074392675398e+00 -3.339399160885581530e+00
1.863240730129368083e+00 5.527723652188132331e-02 -1.299176072593352327e+00
3.250517469788237968e+00 -2.638437148167920743e+00 4.393271449329968492e-01
-2.050605340158897949e+00 3.866923831271515066e+00 9.212834883517370121e-01
3.470541409680476530e+00 6.571885602769520496e-01 -2.712496401773133670e+00
3.753051356888007728e+00 -1.947678536561844753e+00 1.697098169555524727e+00
-1.172583650844513381e-01 2.677058976366481602e+00 3.978352605014912946e+00
1.520736793891707350e+00 3.678280576027424420e+00 2.022344596579229492e+00
3.425414180989835522e+00 2.590064665655738896e+00 5.784274828361871124e-03
1.447430782091278845e+00 1.362851041814605146e+00 -3.168103228950323036e+00
-1.717199894336502997e+00 2.637585067320148635e+00 1.273490185925339357e+00
