8.220706914434900980e+00   8.220706914434900980e+00   8.220706914434900980e+00
500
-2.395397536668844918e+00 8.037896370974956239e-01 -2.035459364814969696e+00
4.729414150064885636e-01 2.287580293795229647e+00 -3.194669533620403179e+00
-1.121787464088230157e+00 -1.443691333307728641e-01 3.443554508847636031e-01
3.676920424926496622e+00 -1.997267259277380358e+00 3.974617759839718101e+00
2.731276126710775021e+00 2.014088867899314628e-01 -3.525534041390649520e+00
-5.624296457180064657e-01 1.653728310753382669e+00 -3.552358565828179771e+00
1.181043023218375954e+00 -3.496963155085318409e+00 2.147806179867285170e+00
-8.376715159631794583e-01 -1.232510719843066704e+00 3.620492864187931481e+00
1.806613111395002802e+00 -2.633679666285470677e+00 8.399619125392662200e-01
7.578165751485661517e-01 6.948751369648628051e-01 1.841902984755958261e+00
5.828960469175705761e-01 3.958505242264329649e+00 1.289483175270366155e+00
-1.411456504648370469e+00 -2.616745041681107775e+00 2.807554529988973258e+00
-7.028148523593348296e-01 -4.658597146533784150e-02 1.284986537623146852e+00
-2.474293533113459009e+00 5.233509266551300554e-01 3.968712650750741311e+00
-3.142796474850944488e+00 -1.768126863813447580e-01 -3.946293699335040817e+00
-2.658185272061056814e+00 1.633891824492255118e+00 -4.102862747573881030e+00
7.719198043995605385e-01 -2.078260240768118106e+00 2.407335051166315409e+00
3.014350153352002293e-01 -3.682713934470647210e+00 1.407505454193037908e-01
3.859670159808290091e+00 3.044377759438280151e+00 3.332530654274395321e+00
-2.296705189002057779e+00 -1.513704045232201922e+00 9.782691077395045953e-01
-3.062584082740326785e+00 -6.646975955665092028e-01 -1.069708284805439558e+00
3.876881669945999143e+00 -2.646244014181834192e+00 2.257102970705220368e+00
2.670836791118843756e+00 -2.455464950454221640e+00 2.482062317484997838e+00
6.653782496585277650e-01 -1.025102013521496103e+00 -1.060322964624408781e+00
-1.278347326921235316e+00 -2.193314160983512284e+00 3.883756483166957540e+00
5.619456366641102374e-01 9.400211727035965303e-01 3.101208661768945163e+00
1.413566058511431578e+00 1.972894107466433233e+00 -1.041948369489657411e+00
3.450130837979714093e-01 -1.002419630661599115e+00 1.380015231986495117e+00
-4.366846789284472563e-01 -2.670822907782823830e+00 2.551595066884579044e+00
1.404242912223645945e+00 4.675224945246314601e-01 1.044769063085009719e+00
1.993068478845477220e-01 2.217804740460464608e+00 8.175932331725390689e-01
3.367371641149455197e+00 -3.744024407816538003e-01 -2.917596210018353009e+00
-1.310048795125247079e+00 3.971483418618251715e+00 4.083231804772415430e+00
-1.815155498632075037e+00 2.030353847780521637e+00 3.325680824479282371e+00
1.031918877793375877e+00 2.968853989121947201e+00 1.139672421645685274e+00
1.661203183739860423e+00 -9.541908610299921767e-01 -1.297064376189811963e+00
-7.407916273431127685e-01 2.077182808410376058e+00 3.730481118928356210e+00
-3.275021890825150273e+00 2.872607711217126436e+00 2.524661706377693715e+00
-3.229516057494164372e+00 -2.096305934768766921e+00 3.870099666666912519e+00
1.929246762910983737e+00 2.781575285415555765e+00 -1.573065522851940123e+00
-3.935849663222435346e+00 2.427600515811686677e+00 1.734610359167010785e+00
5.699887659479137003e-01 3.720727187055262952e+00 -5.850406193940224098e-01
-1.516765547193718477e+00 3.782577176438519206e+00 3.154023244335351528e+00
3.747527516836755890e+00 9.596348355464080493e-01 -3.749006211580218628e-01
6.890398884933365276e-01 2.113330280315401488e+00 1.740914882784023066e+00
3.207917377695200134e+00 3.384905278944767559e+00 2.355072194753339954e+00
-3.197785677744506394e+00 2.580021305033595169e-01 -1.435512177324662186e+00
-8.482880953871733132e-01 -3.184577515105635470e+00 -2.606990882653962505e+00
3.601705638700482659e+00 -8.522805066917840122e-01 3.232602223980943545e+00
1.583754129799642030e+00 -3.815941304279506507e+00 1.823202316300348846e-01
2.311225181257867245e+00 -4.162921975822254650e-01 -1.937409796068144008e+00
-4.106297674431060862e+00 4.171456413804884855e-01 1.805895576261489888e+00
-2.795843455395417010e+00 -2.395175007398895883e-01 3.223225099220141665e+00
-3.827342582790104419e+00 -1.629985989400275281e+00 3.220629646012488134e+00
-3.646711194287249325e-01 1.156400591557613655e+00 3.482107140336695217e+00
-2.578113894016285546e+00 1.164564737208547918e+00 3.117054192088260400e+00
-2.377272246951583234e+00 -2.983878327007633002e-01 1.101635594878866309e+00
9.190909157358581050e-01 1.400112277037712571e+00 1.070131944051752271e+00
-2.188689012285125468e+00 2.570357225653997491e-01 2.572093167156539462e+00
2.825501098427861457e+00 -3.649022106344257943e-01 2.790179329287695076e+00
-3.052954354268410775e+00 -4.472625000889316471e-01 -7.831011580247171366e-02
3.350789205618534439e+00 2.666353144817167120e+00 1.551218768541841486e+00
-2.681399886037664437e+00 8.220203984573599687e-01 -6.803383985622044605e-01
-2.544351999253268382e+00 -2.419162289210719852e+00 -1.603367404856915313e+00
2.776327914213011158e-02 1.714984696766863048e-01 3.813595556525360308e+00
2.290680253367880947e+00 1.423615887418442583e+00 2.597036608584736062e+00
1.282333681569893358e+00 -1.481785643970209065e+00 1.757728342257433019e+00
-7.563229254705924332e-01 -3.724537469400552858e-01 4.005200504140708162e+00
-3.062421930318727448e+00 -1.923591737787965883e+00 4.488972244107695686e-01
-2.580797895179489654e+00 3.310115939338774904e+00 -2.453276008688507925e+00
2.472622889773540944e+00 1.865552774078589549e+00 -1.327904219078275050e+00
2.697468847900977629e+00 1.424222965709945443e+00 6.482862290835126329e-01
2.645686718189980802e+00 -1.652990591369751128e+00 -1.269562502766138579e+00
-2.966699968838297341e+00 -3.810794141660308387e+00 8.071224036127422341e-01
-2.045283639140937026e+00 -3.740957091506948995e+00 -3.541201404179489476e+00
4.051079290215472639e+00 8.274781140834623905e-01 -1.768903541730955320e+00
-4.765904369739842883e-01 3.508367557676967063e+00 -3.653365081660463254e+00
-3.477196010637988444e-01 2.925860848543442749e+00 -2.822513290813598363e+00
2.606182385116256661e+00 3.651737472694156494e+00 -3.394173477466261968e+00
3.086714284096523375e+00 2.267297404375376413e+00 -2.226217317156741871e+00
-3.227040728185353924e+00 1.266632108655118216e+00 -1.966804398517804531e+00
1.780130495664769441e+00 -6.371269641208544554e-01 -3.926633952662637927e+00
2.633597047886001352e+00 -3.321151703126647092e+00 7.274323418568031663e-01
-1.844776396082164371e+00 -9.267356155524423267e-01 -2.482863015579400479e+00
-1.030422918658606246e+00 -3.912920294985768432e+00 1.587148574330177753e-01
-1.601573638192027360e+00 2.978385895843956632e+00 3.885114093542092029e+00
-1.786526774132025874e+00 -3.951783527991699962e+00 -2.538432544282859915e+00
3.512776573315124828e+00 -2.203676915403062431e+00 -3.318123437861346225e+00
4.060709389568325278e+00 -3.568730783970748721e+00 -4.056638542458578911e+00
-3.979345324807180173e+00 1.484830764409739601e+00 -2.814508978226392344e+00
3.150381526859847625e+00 -2.229430832484421643e+00 -2.140593515344877851e+00
3.130072726222202784e-01 -2.717974090182378344e+00 -1.254315007087744904e+00
-2.976430097427418264e+00 -1.114851825641889560e+00 2.741345648626857923e+00
-3.213514105920793451e+00 -1.423181779708700967e+00 -1.841542224085683799e+00
-2.622931279117019177e+00 1.654371880419883034e+00 5.552928716199664327e-01
5.988477234524079984e-01 1.076218535419326106e+00 1.136213958423178683e-01
-3.967290274759975421e+00 -1.075368368247246798e+00 2.359429319546453296e+00
-1.779733900224736431e-01 -3.898349144727504711e+00 3.722998023578498739e+00
1.318951694443502243e+00 3.954961746300987180e+00 -1.378511106524435315e+00
-4.813753841726176597e-01 -3.416077732017134050e+00 -1.601027638137136444e+00
-5.407081509543226749e-01 3.739165494932530809e+00 3.060440865057995286e+00
-7.974407604101508840e-01 -1.256316116199895028e+00 -2.390774082526047728e+00
3.282889829164380657e+00 6.720263358703085776e-01 2.591756992956542494e+00
6.975460164652140804e-01 2.838150975962221434e+00 -9.909460339592596201e-02
-1.402027914604595082e+00 -3.997363146924129751e+00 -8.077020833820327539e-01
3.550031833205804954e+00 -4.123235072091618880e-01 1.921575474520003518e-02
2.278951587937660672e-01 -3.111687893254542647e+00 1.705583256911419321e+00
1.146704503076683812e+00 2.658692536989920807e+00 -2.326155257462523274e+00
3.164584970010666964e+00 -2.565241347944378525e+00 1.522548127440840338e+00
3.324774143925166570e+00 3.697292838912280555e+00 4.071703296212189294e+00
5.345467070061077353e-01 -7.974671300317004441e-02 -5.515963071217339087e-01
3.755789238357466697e+00 -2.808490562934606860e-01 1.087293194258174944e+00
-2.048875385466970123e+00 -1.884365664012275232e-01 -1.676957595376711074e+00
1.916667425154249815e-01 -8.650700967203199809e-01 -2.238346246387676430e+00
1.708765906081789021e+00 2.251320883917812044e+00 1.393437720127036927e+00
-3.287126614987117446e+00 9.706207782602556122e-01 -3.494420849686332708e+00
2.632666112489254751e+00 4.041431331568140273e+00 -2.526635718509884665e+00
-2.001550024517078530e+00 -2.971590730210125209e+00 -2.549030112989008057e+00
-3.876794358928308704e+00 3.716185551365715156e+00 2.682148177352390306e+00
-2.507860976394295616e+00 -6.171204042420599389e-01 2.032704372258475889e+00
3.241060849305832825e+00 1.832121805711253604e+00 2.388940182195627759e+00
2.629722454426559164e+00 5.343854891168223764e-01 -9.389664172034357659e-01
-1.398574958330432993e-01 3.867610087854629897e-01 -2.916905839704133502e-02
3.406931939975588630e+00 -3.084478466689158704e+00 -1.467028905867426847e+00
-3.802451751479468900e+00 -3.610033460978539832e+00 3.266180891576516920e+00
2.037980497462077878e+00 -1.673592717360080862e+00 2.462236132601154814e+00
2.658747432872202499e+00 1.969313993451845768e+00 1.604911553478625796e+00
-2.895214152802129126e-01 -3.763650099346746547e+00 9.997091427596662694e-01
-2.602142390405910000e+00 2.601276367731577999e+00 -3.895355721782115754e+00
-9.889580217456339639e-03 1.447893270646888109e+00 -1.926459532224917615e+00
3.429794427590712846e+00 2.261384579184137600e+00 -1.173952332441132951e+00
-3.783890321927310119e+00 -3.446006873373665513e+00 -3.067955961415766541e+00
2.410617309788576801e+00 2.842526997817186984e+00 2.166153174732221576e+00
-3.847868143914469297e+00 3.548850542443743983e+00 -2.218386732657388283e+00
-3.750087506268421578e+00 1.501031638102306998e+00 1.009005256989450316e+00
2.084224923486341918e+00 -3.263331356880315504e+00 -3.551089159748362256e+00
5.279362760902999163e-01 3.551392819240794640e+00 -1.850277689858731645e+00
-2.286775187888219207e+00 -2.809666783464336071e+00 2.221591058124975149e+00
2.048800808214158664e+00 1.434187510237922014e-01 3.685643635136027108e+00
3.276363018569028895e+00 -1.297020865365671405e+00 8.049004726397697151e-01
-6.712226888355056209e-01 -3.012393976182115019e+00 3.942051442560542629e+00
-3.139306735334683740e+00 -3.664743199533325946e+00 4.021510337750322073e+00
-3.623575805056371280e-02 5.164666139897561292e-01 -1.114726405581909718e+00
-3.936348645049499329e+00 1.570882860405004022e-01 -3.357625673833164015e+00
-2.194343250350824004e+00 -1.132235554656362275e+00 -1.306654146589304011e+00
-4.100806025050176551e+00 -3.970352075559671068e+00 5.722751474025493668e-01
3.813974244936562119e+00 -2.038358152473862539e+00 -1.269502726881087007e+00
-2.207575583884888726e+00 -6.179505078018616704e-01 4.099235416104822782e+00
-2.113789737035309813e+00 -2.842673255053945525e+00 -8.297473996574132871e-01
-1.989355543289822892e+00 -9.692435679564004314e-01 6.998137228279764643e-02
-3.975574162614400997e+00 -3.690321742202241850e+00 -1.082330231091411576e+00
1.879553191461328376e+00 2.576776037775852846e+00 -3.080495534266324942e+00
-3.783440960280778143e+00 -4.432428219950581560e-01 -2.420528913590183517e+00
1.011141478718085462e+00 1.954588423308756817e-01 3.665357155140047229e+00
-1.315565073057369361e+00 -5.850115744295363296e-01 -3.330044362697894389e+00
7.647594899999826668e-01 1.120171371887100031e+00 -1.380153314569793288e+00
1.054264548409451718e+00 -3.560789322559881231e+00 -5.774567172728930498e-01
-3.237589309664902437e+00 2.466266221770811118e+00 3.922126817404112953e-01
5.471941606178145623e-01 -1.273900530179570501e+00 3.585080835551257561e-02
-1.824082282520012921e+00 6.612139578868377887e-01 -1.221546022657372443e+00
-1.251054235250521174e+00 2.781646110272904870e+00 2.691572860496230124e+00
1.291680945496953337e+00 -1.635066109969299575e+00 6.350001895837773525e-01
3.223532270680866674e+00 -9.892475163232438140e-01 1.925317835930145716e+00
-3.145806649933728938e+00 3.591239735045225423e+00 2.552075781371791474e-01
8.711474541371753144e-01 -2.823422701233631593e-01 3.485846629758559412e-01
9.628393349690628211e-01 5.596821382422336733e-01 -3.495512607813078265e+00
-3.532992533992770579e+00 -2.246131258103592376e+00 1.456628038849425266e+00
8.758491745004618467e-01 -1.361484398580746102e+00 3.215498295391903572e+00
-2.348918031522797989e+00 2.978213207032216481e+00 6.136906602705350933e-01
-4.027015532895524608e+00 2.204244063909794882e+00 2.709125364594317631e+00
-1.589808929882424060e+00 2.341080571354105799e-01 -2.657436515368201579e+00
3.778204979575083833e-01 -4.220362024508798604e-01 2.969446317381542855e+00
3.076972372083364160e+00 -4.086648453467561559e+00 -8.598670009969083816e-01
-1.088518660642446845e+00 3.934607940408888727e+00 -1.750662436650631815e+00
9.402105385652250735e-01 3.676594820809320208e+00 3.525045674146854435e-01
1.547104098646339354e+00 -3.442541378170347333e+00 3.796483202744125762e+00
-1.186858106254788270e+00 -3.002989742419226005e+00 1.889566194079976835e+00
3.165356012503464544e+00 2.314928900808989720e+00 3.465399316580548561e+00
7.367140032069164901e-01 -1.659701092805847988e+00 -1.886112601556119150e+00
1.127842258175840717e+00 -3.198066157470805582e+00 -3.058581372434854728e+00
-5.178644633538070918e-02 -2.028548178337816310e+00 -5.438237306885895794e-01
-3.000384193335147387e+00 -3.023327092108484493e+00 -3.461402500050637432e+00
-3.277459345523394241e+00 7.909450754431175401e-01 2.432739731976090169e+00
-3.111082397458228233e+00 -1.116636390633361842e+00 3.767178128980113172e+00
-1.392972653782748704e+00 -9.376901607139869199e-01 1.008208256314031548e+00
1.814580109207317493e+00 -8.794276073198010329e-03 -3.137944288896029832e+00
6.922646398613355179e-04 3.198262495689428775e+00 9.479880699567129199e-01
6.289652853015781364e-01 3.392758145561125094e+00 -2.930459672054441800e+00
-3.138082230953506357e+00 -1.469108234021806680e+00 1.803059292967471583e+00
3.351275540526593932e+00 -3.611869984434088465e+00 1.299884800332438806e+00
-1.699506431610358304e+00 -3.310852777770930899e+00 3.691801194158458088e+00
-7.600895121519521958e-01 9.622522489608494878e-01 1.517644838554298437e+00
1.589608795174684452e+00 3.957765609256562733e+00 -3.520781253170224279e+00
-6.690038513751788152e-01 -2.719853378966841095e+00 9.937005740940202392e-01
1.144661228309719503e+00 -1.360629344583774269e+00 -4.026807250782471037e+00
2.060419058646354440e+00 -2.537876130785365891e+00 -1.180871541955296200e+00
1.121914545442022515e+00 2.130032064954732185e+00 3.898347625596511046e-01
3.832888431920039807e+00 2.649981379386140645e+00 -3.921604773658277310e+00
2.332285099836135966e+00 -2.959306738697668582e+00 -2.567883459174424288e-01
1.957311967153209542e+00 -2.866096739934303805e+00 -2.261930477222081404e+00
7.957050537276425528e-01 -2.270622234046878241e+00 3.664691498720732188e+00
2.667433551065224506e+00 2.623074051034650189e+00 6.901972090591027564e-01
-1.446009069665095570e+00 1.556339177781221439e+00 -2.920054776051043799e+00
1.094184331106905939e+00 1.647576608156568367e+00 -2.224839162710426255e+00
-1.745706161005811108e+00 2.245109539818447963e+00 1.855832400683025962e-01
-2.945742061819708102e+00 -3.963954023153235973e+00 -2.904457518515102254e+00
5.929672282796495386e-01 -3.880612843104197296e+00 -2.432428172609124584e+00
1.635850623300000972e+00 -2.549255928715261632e+00 1.884630853897429681e+00
-3.985895730471548104e-01 3.682733216613621519e+00 -9.264837323435295424e-01
-6.879215917677949932e-01 -2.024886216092252500e+00 1.776244421736950851e+00
2.394539006363302747e+00 -3.627896155943696410e+00 -1.657802507651173984e+00
2.814412953794841687e+00 -1.777385953814979880e+00 -3.887449283727883120e+00
-1.151998307927383003e+00 -7.623844357485858314e-01 -1.524253253256427687e+00
1.727034334959398176e+00 -6.303174127030721774e-01 3.090393942472349664e+00
4.620816468945119770e-01 -3.090934444783525858e+00 -4.015308891528042601e+00
1.510653013687816903e+00 2.494927058262536690e+00 2.508781007830564569e+00
-1.059567840852404075e+00 -4.025321986282319742e+00 -3.202314358295076602e+00
-2.834123043855074187e+00 2.136516914383425725e+00 3.227801472776592018e+00
-4.311817782061223570e-01 -2.802840808886286617e+00 4.165656600722127123e-02
-2.817637148753706189e+00 -3.092388741752212233e+00 3.191705195274735729e+00
-1.167084507641607205e+00 -1.722730838430917011e+00 -7.178832062182787244e-01
-2.143605197217692382e+00 2.363102550958787962e+00 -2.871945412208971593e+00
-3.079053708016456614e+00 5.098633674263784998e-01 4.893653768826820016e-01
-2.757967274761836673e+00 -5.754141695956480618e-01 -2.215024753557397030e+00
-2.561252100401200105e-01 3.506608428214673889e+00 1.979919921723523490e+00
1.087687145300114011e+00 -2.297443020993684915e+00 -2.636857002002987116e+00
-2.141515887112360961e+00 4.279071556718876124e-02 1.065104317869297046e-01
-3.288895550246200283e+00 3.245808067159880572e+00 -3.163750136465438789e+00
-1.549800817476424841e+00 3.796438522866652843e+00 2.154067322194823664e+00
-1.580285170285493868e+00 3.404455285422401278e+00 -4.784055036460604926e-02
-1.608590261310654246e-01 -1.466615707937899860e+00 -1.387587985750110997e+00
-2.163312138298031595e+00 3.092914533414374390e+00 2.894529925634368617e+00
-3.520690434728009688e+00 3.254071807897972235e+00 1.112544857981988988e+00
3.362015423232187938e+00 4.067763245614865575e+00 3.125176712362141007e+00
1.259283442664581587e+00 1.447172004810837631e+00 2.269866920417541678e+00
-1.541356314085393087e-01 1.308401221858561447e+00 7.971223951766333027e-01
-3.256043969511702496e+00 3.520447795462058771e+00 -1.093514069024000612e+00
1.166581082490873778e+00 3.081155674500541064e+00 -3.677942902689669502e+00
-7.980740486865314232e-01 -2.776907319589813739e+00 -8.728894715624703204e-01
-2.081813248136939465e-01 -2.070991091388119543e+00 3.797136283312423366e+00
-3.301518393252353523e+00 4.396096660899148079e-01 -2.682173655263341505e+00
1.849747592879591007e+00 3.417404638194695421e-01 1.885364017235315881e+00
1.441903292938461867e+00 -2.570164215796743701e+00 -3.956834731130329796e+00
-3.486479351702022278e+00 -1.054957778134578028e+00 6.116080426736367759e-01
-1.759146901518871875e+00 3.858519766985080701e-01 -3.629218275764894308e+00
-1.519204863374577608e+00 -3.486770348420392018e+00 9.797330051218658964e-01
-2.133365414511988689e+00 -1.731627272725247746e+00 1.993565576466326705e+00
2.997928168182142805e+00 3.316179705529442856e-01 3.663500847433394103e+00
-1.801135012168156857e+00 -3.551952915554310142e+00 2.657902198695863305e+00
-1.497960121336004424e-01 -4.964065717554213553e-01 4.646377813359416908e-01
-2.430577359014819638e+00 3.105075353812180694e+00 1.781679007918846924e+00
2.586635182369953156e+00 -2.694612167465507913e+00 3.894238847825919780e+00
1.310847811514950667e+00 -2.568046413584444743e+00 3.401640287648082656e-02
1.825291773039110055e+00 -1.081785481027658369e-01 -2.621167507555600684e-01
-3.498273725015703217e+00 2.095438380629521813e+00 -3.666054499693037538e+00
3.942652766864891856e+00 -1.321902761026318984e+00 -2.255289787795299539e+00
3.505035002033604297e+00 1.801768454529449892e+00 -3.323103603642918458e+00
-2.106876269568058291e+00 2.741002142432757083e+00 -1.522934228307103233e+00
2.373915854281396509e+00 1.549525216763336655e+00 3.565880652235434933e+00
5.058210695296052606e-01 1.828581090941348242e+00 -4.665102164327335488e-01
4.696991900607920822e-01 -2.077174596409079310e+00 1.407853468174859346e+00
1.141409559388274264e+00 -5.410247217995562963e-01 2.270553655528514181e+00
4.012048979729001097e+00 3.792515584449536459e-02 3.122544783001711899e+00
2.191408335030553101e+00 -8.123673010515634063e-01 1.902561622120150897e+00
3.486653083946560816e+00 -2.670769871102934623e+00 -4.864206134895647238e-01
-1.070114162793323720e+00 5.241042442083723163e-01 -5.625226938270894150e-01
3.467789137932066001e+00 -4.057454386004730296e+00 -1.791595169735713977e+00
-2.597878180268463399e+00 3.635254858635126762e+00 -3.879396724367573324e+00
-2.671068182479048869e-01 2.754364783833112007e+00 2.847695167816485018e+00
-3.063037523949057928e+00 3.202396536294346507e+00 3.420897319124287517e+00
-8.097123485603774373e-01 2.735090694792769117e+00 1.679573245243812130e+00
-4.061583190260431020e-01 -2.406586918111868645e+00 -3.412501249381128421e+00
-3.730803948924465097e+00 -1.740960616392789984e+00 -3.425821369912450010e+00
1.392729351209482269e+00 -3.261217716792737420e+00 -1.531444805269970955e+00
1.499147196993950937e+00 1.057866658289299711e+00 3.984766800277783183e+00
-1.292400005763828741e+00 2.242061449307120480e+00 -7.782951813790444096e-01
-2.309794924905305802e+00 -2.564430356685670986e+00 3.764340514908102620e+00
1.902044294072338992e+00 1.047142554042117757e+00 -1.711029604024299378e+00
3.719304569423380613e+00 3.338587857122837121e+00 -1.262159414041285954e+00
2.855755177040499859e-01 -2.844596860354169809e+00 -2.298131131246943681e+00
3.565509967126250235e+00 -3.897084051496191748e+00 -2.884367241666215609e+00
3.156903239124799310e+00 -1.911485305500172593e+00 3.097665047008014483e+00
9.525125826793940931e-01 -1.331945819465766734e+00 -3.074536987236329288e+00
3.110908331447447051e+00 3.365040116678867044e+00 -2.353825982806972694e-01
1.891407583101137657e+00 9.128494495410880427e-01 1.654339476090825600e-01
-4.101662691222368373e+00 2.616267745385562726e+00 -2.834237910405798644e+00
-2.618229437397047388e+00 -2.790024323332441991e+00 1.261618750052534654e+00
-7.768656516843974735e-01 1.413467548037681709e+00 -1.171333708779933591e+00
-3.716790799211793783e-01 4.040469739515635261e+00 -2.492632265305586348e+00
3.694342017861766969e-01 3.575664998402127814e+00 4.064074446207346369e+00
-3.746688886340535429e+00 3.746933138058909041e+00 3.975704347872457856e+00
3.948625787125616515e+00 3.518400087720375602e+00 -3.308015583097225321e+00
9.522831959125008794e-01 -3.187170952064134255e+00 9.913906798152762878e-01
2.631652473376218104e+00 3.443569167487255278e+00 -1.572322045144700420e+00
-3.617876042662272695e+00 1.432261829033850464e+00 -9.327620123580018241e-01
-4.342435507567495301e-01 1.330818780805928858e+00 -2.244861037951511040e-01
-6.185849131397097578e-01 -9.219271277377981688e-01 1.829311791943060816e+00
2.604753159231043558e+00 -2.425122993993908516e+00 -3.077367727866840319e+00
3.158551948785393915e+00 1.130838544782074573e+00 1.490053907905880992e+00
-4.398854804544697905e-01 3.133817235640602661e+00 -1.868460254857820857e+00
-9.803259327528061062e-01 3.119056325173618083e-01 -1.665199841063333075e+00
-3.534842362637879098e+00 -2.700165780461900145e+00 -1.610711184462495504e+00
1.320521011762726848e+00 1.689869749759457473e+00 3.228682698207187229e+00
-7.379159406842957791e-01 1.795907491241158116e+00 2.751801799080314304e+00
2.505119410925657153e+00 3.903927240492667927e+00 3.464941212431371098e-01
-2.399223706505362319e+00 1.072628416049845379e+00 -3.117439955586668532e+00
1.883788638450171860e+00 1.302203829095076815e+00 1.386105267500773230e+00
-5.913450081851745477e-01 -3.780729795321458475e+00 1.968194255547521143e+00
-3.177132241861388429e-01 2.415456322821678548e+00 -8.170215206013781151e-02
-2.157023083318306611e+00 -1.800794303636577887e+00 -2.458551297570085392e+00
-2.697638001519790940e+00 -3.813900836352318802e+00 -9.261798653388494396e-01
2.201543793558146334e+00 1.806070498764174914e+00 -2.275226358434328855e+00
-1.830186148809621161e+00 3.439750666859460626e+00 -3.316975850837334150e+00
1.918338825038624185e+00 3.365348360321377186e+00 -2.425178072747780078e+00
2.868477057435572686e+00 3.737008181046905353e+00 1.277242054724909037e+00
-1.015326035384793046e+00 7.920274587624319684e-01 4.879084524806083234e-01
2.486068988775696209e-01 -2.960854058200969696e+00 3.154264306092179559e+00
-1.217942540568222265e+00 -1.671515860527583275e+00 3.214175533221574899e-01
2.484632573008138667e+00 -4.074272009934314376e+00 2.389147469079802910e+00
2.062454858514473965e+00 -9.395050541978251513e-01 -2.887800389733020889e+00
2.879260992406330599e-01 1.816196698121494313e+00 2.617102787327886038e+00
-3.359999305404764325e+00 -4.102675782092789269e+00 1.812022479566681277e+00
-3.465764361011357764e+00 -3.621484659306107190e+00 -1.202019481428220210e-01
-3.495759781127622201e+00 7.480080785495251128e-01 3.661272456166112743e+00
-1.737204488066182551e+00 -1.485722231756238410e+00 3.204147471038564010e+00
2.738031836076956216e-01 4.184532727662876317e-01 9.860891145923905698e-01
-2.549193578090406920e+00 -2.001127695062400846e+00 2.979035534267727048e+00
-1.027594319416905710e+00 1.774991660862137166e-01 2.226006707722210987e+00
-2.424044403009433801e-01 3.636040764482745935e+00 1.617503873252443269e-02
6.799633615941231835e-01 -4.002219836583369439e-01 -3.795326660973462829e+00
-1.008438659017524275e+00 3.774107867783220271e+00 1.209578480089642971e+00
1.842114083242754274e+00 -1.654197871159478472e+00 -2.134745913827302832e+00
-3.564698315719529442e-01 1.842515205816485757e+00 1.708430484964282625e+00
1.299500710852388385e+00 -5.268645436809280547e-01 1.215603622194294964e+00
1.901047806763654702e+00 -3.760631988845347884e+00 1.300822826343541516e+00
9.531364217049580478e-01 2.902576070393199537e+00 -1.197491649056115381e+00
-3.965311577367112594e+00 -2.615527354964528595e+00 3.348961594732899894e+00
3.423610901240180748e+00 1.302448245121934800e+00 3.688125884552842404e+00
9.006699899908310325e-02 -1.483151078395968936e-01 2.025466985458928448e+00
1.264273223840228555e+00 7.395827743237622931e-01 -5.878374748908734571e-01
-3.227668620186999071e+00 1.850381290514018229e+00 2.236069931163434887e+00
1.614521054530076105e+00 3.327923472920362169e+00 -6.591094240620442024e-01
2.033850875180640116e+00 -3.895095443145631720e+00 -7.406442204801972906e-01
-4.064044972825180402e+00 6.119922581770667058e-01 6.556306640493321236e-01
2.973276135072829174e+00 -3.200616777478301866e+00 -2.516416411377719431e+00
1.354884458667115599e+00 3.679537570394231683e+00 3.777259495424927671e+00
-2.728667890892729986e+00 7.890100902350131173e-01 1.370507454348612653e+00
4.077147887000036164e+00 1.168152219568894923e+00 2.918790525194502106e+00
6.518652660045577418e-01 2.552136365629777526e+00 3.270847435770188216e+00
-2.900140879998111654e+00 -1.079073773037246164e+00 -3.359949218947950733e+00
-2.245769795894497989e+00 3.895095143623757306e+00 -1.706714275136957726e+00
-8.248463636573701852e-01 -1.743883524417758402e+00 2.791302829593167445e+00
1.307392753305153255e+00 5.635210436917751364e-01 -2.298368902209402709e+00
-2.362141887767923443e+00 -3.679744237461501033e+00 1.792152038869435637e+00
3.796778837445864863e+00 3.251782281440019240e+00 5.600035232522643236e-01
2.563600875480848362e+00 -2.003477041811921655e+00 -5.505832137550202565e-03
-2.166603616159352264e+00 3.595041421256599978e+00 -7.867369529151340135e-01
2.659596977763625691e+00 3.312348631144066857e+00 3.289102091438866005e+00
6.971385291167148113e-01 -3.989526608979777844e+00 -3.548409625447247251e+00
-1.599393574102544680e+00 1.142663384110228275e+00 3.836080593241585568e+00
-3.410418387849471600e+00 -5.160740094299242076e-01 1.442649652659761861e+00
9.143332721595047730e-01 -3.102046664233804596e-01 -1.784899640541895316e+00
-3.316169040752701136e-01 8.754091184426869843e-01 2.455073064582792064e+00
-3.842021953778813614e+00 1.912899827356954852e+00 3.603494944335118522e+00
-4.226104343628105109e-02 2.609778325322903658e+00 -1.142430762314213588e+00
3.265265890413368233e+00 1.041919917100137122e-01 -2.048659602615087394e+00
2.903306292751983708e+00 -1.417023299211357834e+00 -2.581802902422164259e+00
-2.668661269581307227e+00 1.811909259417074036e+00 -4.319744521789017910e-01
-9.559440210736745991e-01 2.180824842025600674e+00 -1.925040673738596109e+00
4.562152101982718672e-02 1.299671116551647243e-01 -3.298089886433846818e+00
-3.413301840312946922e+00 -3.286219946103396072e+00 2.375054185723140865e+00
3.825942848916714212e+00 3.572185869800509117e+00 1.605589628971024307e+00
2.022475877861341864e+00 -1.952186890306184752e+00 3.561849818710745907e+00
-8.032523627510738118e-01 -3.534155497583120642e+00 3.075627817867706781e+00
3.393736659637330177e+00 3.306077530044913448e+00 -2.221046446423002418e+00
-3.864695386756741513e+00 1.721011807765430390e+00 3.078707697519417891e-02
-2.467002665769397751e+00 -1.804108885228288550e-01 -3.161725767423309907e+00
1.658722233710129945e+00 -3.850306813004329864e+00 -2.342011653451935960e+00
1.645868682327742694e-01 -1.164735537049461422e+00 3.865689306358627064e+00
-3.245961292980050317e+00 2.674457419444091766e+00 -1.620481808730799278e+00
-2.880062913379907386e+00 4.082095581860244238e+00 2.761224283779735611e+00
1.350143753046736950e-01 9.972503771784722026e-01 -3.826958921560158267e+00
-2.390618964747665220e+00 -2.817632614673040159e+00 1.871063811092724682e-01
-6.114385347502198087e-01 -7.044493124074631130e-01 2.822286320367727086e+00
-1.232896621069137666e+00 -3.057804364150378262e+00 -3.531834622143035674e+00
-1.401879316410299170e+00 -2.949166249792083416e+00 1.540487811518678751e-03
1.879638475692373634e+00 2.976634585492071050e+00 2.063982204406602794e-01
3.292375058077499084e+00 -3.126001084351170523e+00 -3.619058090721231746e+00
3.761843088265758528e+00 -1.452929866513899659e+00 -1.808656461181026853e-01
9.355417186459095147e-01 -3.353344111346133749e-01 -2.764168145108809593e+00
3.635237516786514966e+00 -2.841975186648061924e-01 -4.081918437486263151e+00
-4.532338190852026882e-02 -3.353310225617367024e+00 -3.191750180507378687e+00
2.855713771768448428e+00 1.582521355966373111e+00 -4.085324090299012889e-01
-9.068393405345205327e-01 2.030054971323896673e+00 8.187101700908632207e-01
-1.232126271873405399e+00 -2.143609380680446819e+00 -2.614838675555509084e+00
1.559850943843179349e+00 5.280725418904723689e-01 2.864442480902754884e+00
2.551843937951059349e+00 1.104813348255423211e+00 -3.735693567858489494e+00
6.750869318987982037e-01 3.007739461419160598e+00 2.248694459135918144e+00
-1.612056826244790075e+00 -3.885392034841405606e-01 -6.375344069821459181e-01
-1.670536899295432809e+00 1.103378684537840604e+00 2.718309359871112552e+00
1.955839961024670615e+00 3.426399078358746131e+00 1.123134927510392345e+00
-4.021667727604269160e+00 1.994948006161896492e+00 -1.857729672762825190e+00
2.637347055369767990e+00 -9.905622981842536756e-01 3.746829624108070522e+00
-2.868279916800104967e-01 -1.614723310176292781e+00 6.005194390276542560e-01
4.139966601138320712e-01 -3.787475074750215942e+00 -1.365665404761154722e+00
2.339259680129497809e+00 -1.615615705171778327e+00 1.306588981113644854e+00
-7.833519777189504874e-01 5.302737586635097866e-01 -3.643418705144671588e+00
1.872028559746125032e+00 -1.846575990040751902e+00 -3.356552066295066972e+00
-6.588642264996125153e-01 -2.031198452020854806e-01 -2.512263704122450481e+00
-5.620714608022021608e-01 9.236148908726018458e-01 -2.755638584529862545e+00
-3.886969315728726393e+00 2.841823740893647976e+00 -3.968105922807874664e-01
1.500630943601077405e+00 2.086433669701537319e+00 -3.948113004203143817e+00
-3.124153020106168466e+00 2.213810920651550163e+00 1.317670859394845628e+00
4.105374027391658132e+00 1.442694100656339407e+00 1.914822017907559015e+00
-3.405852500519967574e+00 -2.235222418244090237e-01 2.379738594484299696e+00
2.476326117293257412e-01 3.991558342861817321e-01 -2.248323673428028080e+00
-3.157253851798252242e+00 2.115094539555369302e+00 -2.697453941431315894e+00
-1.619083265947389050e+00 -1.985118554775721744e+00 -1.610685305814879342e+00
3.841848235033019421e+00 9.225402882243334268e-01 -3.710552093238960403e+00
7.813001929223958308e-01 -3.718281049302343266e+00 3.317159264137831798e+00
2.142320442532494873e+00 2.475375326879780236e+00 3.244631991002374871e+00
4.104142399107279182e+00 -2.598009494053655555e+00 -2.583360785749545308e+00
2.446330786493755127e+00 -3.910998346741876297e+00 3.756569574236614528e+00
4.308790843560997841e-01 -2.433599774295308382e+00 4.799367598786650202e-01
2.643345286618125733e+00 -5.307838519309874270e-01 -8.349141600941982766e-01
-2.780944581692001982e-01 -8.563770744709725546e-01 -3.447877262907655727e+00
-1.679256935388530714e+00 -2.197401506454107700e+00 1.258698920053827663e+00
3.152895499370890864e+00 1.221122060708407453e+00 -1.930641321152732681e+00
3.039257516609901622e+00 4.255510668728134660e-01 4.416592138726836425e-01
8.439238178890254294e-02 -1.815069993563116046e+00 -2.658921793670650402e+00
4.664860284407135738e-01 3.532470777673865303e+00 3.112094740553690286e+00
-2.349522253895516499e+00 1.654922586790131378e+00 1.692289305042475211e+00
2.251629821602632475e+00 -8.766745314347113016e-01 2.887100465417497541e-01
-3.359076023832636704e+00 -1.829093841399399345e+00 -9.631957975674427797e-01
2.524361760248708730e+00 2.703392351310233366e+00 -6.821435182794638452e-01
4.417488338654833591e-01 1.735099340122180589e+00 3.817776611821379174e+00
2.989188210482843111e+00 6.969855853197112761e-02 1.772208360135375083e+00
-1.687289896930972199e+00 1.400631706983795466e+00 9.907083216557257543e-01
3.241683827645938654e-01 2.353905876360387950e+00 -2.068767788198801583e+00
-2.082263296387490303e+00 1.622563533607686903e+00 -1.295843419733561985e+00
-1.535160784608590401e+00 4.062479407781106611e-01 1.377980671353263187e+00
8.885022509949517255e-01 -2.086636458133225069e+00 -8.948422412872378828e-01
-1.359858317895072277e+00 1.145321263006374490e+00 -1.972665713168461732e+00
-1.443819097818981323e-01 -4.375722824229168473e-01 -1.413832397026450360e+00
-3.156118121486617412e+00 -2.124426941201968067e+00 -2.565163664926356724e+00
4.105214256092637903e+00 3.871887000171559290e+00 -3.660518235479999771e-01
1.369527466437801433e+00 -2.661087395532487410e+00 3.004033089466953577e+00
-1.350648216708455474e+00 1.879151727895813417e+00 1.977103068571969713e+00
-1.268114835697216058e+00 3.148736617893257872e+00 -1.169243159041182256e+00
3.254851094926598076e+00 -3.564639109684919482e+00 -4.478767822399375848e-02
2.262738378663571748e+00 2.745746925810823441e-02 9.912103387677801969e-01
3.818039393226988043e+00 6.461126788947479938e-02 -1.016875994657699955e+00
-5.340039824094100496e-01 -4.124618764698188000e-01 -5.353386192265890964e-01
-3.710805954333051826e+00 -2.836734487755498080e+00 4.859723023068762693e-01
-1.505620282631913831e+00 3.164852734840634785e+00 -2.266986482650948265e+00
-3.606792581763469840e+00 4.679837882717092779e-01 -3.897349454274456892e-01
3.752871092822661847e+00 -3.828510630706102535e+00 2.238706955684012012e+00
-1.107862485366126082e+00 2.718818833887302500e+00 -3.422697571146000595e+00
3.244934919830826381e+00 -3.186734055703959623e+00 3.150754491621995168e+00
1.598505521635170457e+00 -4.064006398607305393e+00 2.967514255597536010e+00
-6.307096751480821828e-01 -2.420720360724997633e+00 -1.798715103633353740e+00
-1.587204456406817954e+00 -3.228352930428802114e+00 -1.628866627826407232e+00
1.911623831146062047e-01 -3.991514043706245740e+00 2.442807744283911564e+00
-3.215632997819496630e+00 -2.759725486750901791e+00 -5.886424856744970624e-01
-3.927954021272520357e+00 -3.258308168383960535e+00 1.393783670086545801e+00
-2.706235281569805196e+00 2.808547560900848339e+00 -5.498969270008144949e-01
-1.586296165194011731e+00 -5.135866170567959799e-01 3.271141220284528917e+00
-1.537786067296681880e+00 -8.897803923846613339e-01 2.374963971557503495e+00
2.200409008331594141e+00 -3.173559062514736961e+00 2.995916161785308507e+00
-2.054916815434037591e+00 -2.501526161481056221e+00 -3.508061314257168828e+00
-1.729661601842187979e+00 1.328015454940708162e+00 -3.388956710767770941e-01
-1.085025520169748292e+00 4.337861820992048312e-01 3.370658690966542803e+00
-9.527370889047992453e-01 2.962675051484322530e+00 5.590579701524859280e-01
-3.346560046922251619e+00 -2.237378164422425098e+00 2.496203419858360029e+00
2.861262489692213862e+00 2.652259620202592316e+00 -3.351659766303737964e+00
-1.944204861898140457e+00 -1.551623150569651388e+00 -3.846097300117091500e+00
-2.943605422536606397e+00 -3.039449406740218240e+00 -2.414260707183534915e+00
-2.154474495707231707e+00 -3.957204877472997762e+00 8.876180749881323884e-02
4.437284497644524150e-01 1.349969813464941382e+00 -2.890374440397288858e+00
-3.235522141906877813e+00 -3.780464119524032274e+00 -1.798553366927836628e+00
-1.701989628009974220e+00 2.012141846189954730e+00 -3.774635848709206876e+00
1.635501782737855958e+00 -1.486909219572661867e+00 -3.052201363962099845e-01
1.907052197785566561e+00 2.098460093808166338e+00 -2.147030607755636422e-01
5.065650047985291726e-01 -2.111150700010376191e+00 -3.573611505328872173e+00
2.047692795747416916e+00 3.092578390991705284e+00 4.049342353333718059e+00
3.528124176574970239e+00 -8.912552919271621299e-01 -1.197803001530126421e+00
-3.887266290396466317e+00 -2.688706144003709664e+00 -3.740382596208766230e+00
1.564362985452024957e-01 -1.237991846316717881e+00 2.392402045990090986e+00
2.317906012986200359e+00 7.854909364602429278e-01 -2.622803229272945735e+00
-9.791608496462331779e-01 -1.541627360867254160e+00 -3.356889537195855144e+00
1.743915357374316910e+00 5.943813506415228376e-02 -1.262360186023109065e+00
3.523368977583387185e+00 -2.620936787440879989e+00 5.140432808026619282e-01
-2.056433198579052490e+00 3.894350787024034144e+00 9.910823138121809261e-01
3.333390490441236587e+00 7.405810101667258394e-01 -2.842331494247551493e+00
3.789396547867638354e+00 -1.764639004194832994e+00 1.641586268449690245e+00
1.010139357123540499e-01 2.598457727137855944e+00 -4.013302840890440315e+00
1.576904143210218434e+00 3.679018403088443634e+00 2.044773622187462170e+00
3.330686591451152534e+00 2.452945237738143103e+00 -4.072648525990773399e-03
1.638526338877286159e+00 1.511009290464642607e+00 -3.107024467106257237e+00
-1.708083258123501924e+00 2.540905630915314628e+00 1.282441577888438600e+00
