8.220706914434900980e+00   8.220706914434900980e+00   8.220706914434900980e+00
500
3.527726415694891760e+00 1.520829143239964987e+00 -1.145284151694782704e+00
-2.014533820498193073e+00 1.807730442308137953e+00 2.045646326464445330e-01
-1.536964608418891487e+00 -3.015000377499993611e+00 2.200859722640572613e+00
-1.176011394512507247e-01 -5.364187337391125299e-01 2.279971990486581390e+00
-1.470663475305578949e+00 -3.413695824989211758e+00 -2.928148968305166910e+00
3.267504363738059858e+00 -1.652139571985064226e+00 -9.203328969134866311e-01
3.746781447953538180e+00 3.528825738921370192e+00 -1.596364048798397217e+00
6.986629244536274319e-01 -3.232419532598961975e+00 3.992305855506671719e+00
3.375072228407871133e+00 2.358399892465868675e+00 -3.955761056872168169e+00
4.022053013371717611e+00 1.712349850847977084e+00 3.533766534619303457e+00
-4.539582288154886403e-01 2.331846484844882106e+00 -1.237244159711845093e+00
2.509714078721328345e+00 2.078505001959780607e+00 2.739144325393314539e+00
-3.185434224194090280e-01 -1.663766283956267689e+00 -7.402860598228473421e-01
1.695197623665040787e+00 2.746964446882430799e+00 1.863859254181422509e-01
-3.400987224289594657e+00 1.979746853412048591e+00 -4.097366717526243818e+00
-9.887306786627898525e-01 -3.739483401974583732e+00 -3.479654260091989415e-01
1.858388697712815840e-01 2.315749814559343811e+00 1.359101187567095304e+00
-3.964834157767136880e+00 -2.320381684474139838e+00 1.644887043875213672e+00
3.132651286633213239e+00 -1.062431939257969082e+00 -2.858681809893284242e+00
-2.530497246144828072e+00 -3.293263196793734249e+00 1.613139916645212280e+00
2.205203472493980410e+00 2.887038829375471405e+00 -1.194835579661754243e+00
-3.519584567041772249e+00 -1.172700619321163540e+00 1.428290391899810441e+00
5.236342389703124711e-01 2.627661424560353343e+00 -1.599203564933862731e+00
4.084466115376564233e+00 3.107518759032328326e+00 2.612909208493123803e+00
2.968212436912046392e+00 2.913289373035063967e+00 2.396796319592733759e+00
-1.475899865128918798e+00 -2.649483413798748632e+00 -3.999070310395192784e+00
3.862782666337074122e+00 1.473402245567337232e+00 -2.240571422331607998e+00
2.229955390480819588e+00 7.842865112458685672e-01 4.017649131879669433e+00
-1.845677389801020141e+00 6.099529340315802406e-01 -6.035676673759228228e-01
2.594925529475078374e-01 -2.659306641379629799e+00 -3.248924534214519433e+00
-2.436279597661220819e+00 -1.562342640831174689e+00 -1.939508764035015931e+00
3.913475633279512866e+00 1.793377488450002444e+00 5.462670333596728600e-01
2.823100963061444979e+00 7.191123011803507437e-01 -9.696302924749881091e-01
-2.157072369902629294e+00 1.863276321954201453e+00 -1.761988646221934074e+00
3.290818381321698016e+00 -8.753517074109433693e-01 3.385650323892250846e+00
-3.152870453337878853e+00 -8.332577161793602860e-01 -3.946790815062014346e+00
-7.232746135292807965e-01 1.282412101280614891e+00 3.955426797760401847e+00
-3.056042837763818465e+00 3.376927058847598029e-01 -2.572472087508524963e-01
-3.328942767560228333e+00 -3.602907263300811347e-01 -1.748887533135045746e+00
-9.804189310066724339e-01 5.658834901804609130e-01 -2.753916864555166821e+00
-9.403755125832440331e-01 1.603724855671953442e+00 -2.672056896337078324e+00
-3.549145802082432688e+00 -2.308706648443460629e+00 2.829692835231353953e+00
-4.108223768372018192e+00 -2.901855824562706299e-01 -2.562800167541110508e+00
-3.658829526661620424e+00 -1.260593666228119747e-01 3.047206255103789285e-01
1.876516472708995797e+00 -9.827533513979809232e-01 -7.364195604328922506e-01
3.143056433604724198e+00 3.177405618731732773e+00 -3.250672457638546842e+00
2.835549729687684373e+00 -1.421016145058094260e+00 2.600294896426428970e+00
-2.875863819533015509e+00 -2.358356836741851925e+00 1.913404989185206295e+00
-3.920292849647079692e+00 2.750168944870360566e+00 -3.715066922036088570e+00
1.142791855722962824e+00 -8.721059334150298437e-01 4.079092090619072408e+00
-1.505182641852167436e+00 -1.627147410552076900e+00 2.794297625374440042e+00
-2.555105141618311926e+00 -5.655059158500118643e-01 -3.536494391648801194e-01
2.679646637556098110e+00 1.933580402564573530e+00 -2.588398668253671930e-01
1.865160897419821717e+00 -2.039714147676935596e+00 3.662396082153806631e+00
-2.376139071658911028e+00 -1.342738607640127924e-01 -2.057421552211919025e+00
-1.955927869779811479e+00 -2.955798323349780876e+00 -1.995435743565887821e+00
1.304004749998489254e+00 -6.617001204606961506e-01 2.907606336120918566e+00
-3.191097280080749776e+00 1.894999997121109336e+00 9.319099742103444939e-01
1.223322161509863060e+00 -2.763173488822960877e-01 7.811400622527535642e-01
-1.088039485446242960e+00 3.311774131405661681e+00 -3.200942905819708972e+00
-1.346110968735768632e+00 2.887125353166688502e+00 1.522213117471551191e+00
-6.834388988779208640e-01 -7.673836273467373736e-01 3.705286011772907617e+00
-3.081891992006801639e-01 2.799422440516122546e+00 2.356129547691974135e+00
-2.485882698387420486e+00 4.032268841740599186e+00 2.526032661022537429e+00
1.331038091302388704e+00 3.762128350639444285e+00 2.548447134114249835e+00
-2.771194932265169886e+00 4.960165534009238764e-01 -1.252125587094093939e+00
2.360109921287321388e-01 3.653506680695050690e+00 -3.198142456544256440e+00
-3.594323501934592713e+00 -4.094211521318943170e+00 2.802776505074564994e+00
2.479337093459376806e+00 2.697313232570241137e+00 -2.587978122726596109e+00
2.999325911218617691e+00 1.060899849699409536e+00 3.211625260608244048e+00
-3.240688817622177087e-01 4.043960686948598671e+00 6.091447391502264885e-01
-9.087508487798344747e-01 9.851777760829590891e-01 -1.013923502550011069e+00
1.105860112601897843e-01 -8.044576482723603261e-01 1.104100441489818535e-01
3.156748976435859166e+00 3.795600469887386308e-01 1.353479837673683406e+00
2.230889412410809736e-01 3.878720593996629162e+00 -2.345381107763116757e-01
2.184743645916261467e+00 -2.693238601104391616e+00 2.846690737146616801e+00
-1.098529349190687232e-01 -6.159810131159229041e-01 1.184390788742285539e+00
3.188232334378039656e+00 -2.656258457182301580e+00 -2.469478566314629919e+00
3.652238211732059980e+00 3.930878197422794873e+00 2.308096132180637028e+00
3.148089148080370769e+00 2.596459753086093336e+00 -8.379869573876111977e-01
6.238634709331174477e-01 8.079410571928090645e-01 6.957615179546247641e-02
-2.519914084804016352e-01 3.516676758026414440e+00 -2.140466531382117399e+00
2.869243889296823058e-01 3.615069004211771131e-01 2.671306761235332505e+00
-1.973760473093370882e+00 3.616036390249508958e+00 3.334796151669458641e+00
7.385234268908457134e-01 1.344117462489448078e+00 -3.212525196685202200e+00
1.070446989538791138e+00 -5.267139690549871300e-01 -3.202042292589948325e+00
1.855122267057265795e+00 -1.800888553013588744e+00 -5.287512354928200486e-02
3.202910142369741919e+00 2.109208166704969134e+00 -1.974526220011144417e+00
-1.741394050527572235e+00 -2.408558511540664249e+00 1.437300113446992933e+00
1.799530640076535182e+00 1.217541956575220352e+00 -3.378601559632302909e+00
4.010751209584020316e+00 7.755600696343122324e-01 -2.973842289330919542e+00
-1.106920320959299930e+00 -8.920231063402099814e-01 9.908701235773308413e-01
1.697744248856993599e+00 -3.043239159230702207e+00 3.902332225539362209e+00
5.904390362247721180e-01 1.646953688532564630e+00 -7.718438991512377445e-01
1.035032545385549563e+00 -9.810624619475205588e-01 1.652606360030718147e+00
-9.646449770616914998e-01 1.932018868869437522e+00 1.016620710616165546e+00
-3.115057643487198824e+00 3.890240187918516224e+00 -1.529850204482850362e+00
1.726607675183803536e+00 -2.391593011816274539e-02 -1.054774214274047273e+00
3.468740031520583855e+00 -2.512261949697955465e+00 2.461903353649190773e+00
2.235684774600098290e+00 4.017346851342436409e+00 -1.346067664771779970e+00
-8.895456197182112223e-01 3.930716915135195944e+00 3.420620317945220368e+00
2.269703057226605480e+00 3.536116275400975173e+00 -3.204827971819820820e-01
-1.386759744957164031e+00 -7.110739841940465489e-01 -2.038265320244388779e+00
-1.255322730700138667e+00 -2.955357217883486598e+00 2.309477179571276517e-01
1.625098243853796864e+00 2.160364217818686150e+00 -6.296028155464540310e-01
5.124670542982585897e-02 -4.044113772169478871e+00 1.533792425368413648e+00
6.204666507869444070e-01 -2.689263946297532626e-01 -1.324927131654964452e+00
3.775718417315967024e+00 4.065391696580707759e+00 -2.514490316581580842e+00
-2.332374404276604807e+00 1.852843431882916558e+00 -2.923345748763608754e+00
3.012965330054459212e+00 -3.758524045884318543e+00 -1.919905918256387345e+00
5.598591804036806563e-01 -3.743436652913097795e+00 -1.461246754571997153e+00
2.104108517433302961e+00 -1.025559400101056395e+00 3.620383053014222696e+00
-1.364045001970882964e+00 -1.842403708223230074e+00 -2.233938873274026626e+00
1.992602801988755168e+00 1.514195440198043308e+00 3.305688162063259217e+00
-2.332874953746221003e+00 4.998553451290262961e-01 1.178646389201431832e+00
1.923675839291372869e+00 -2.326138656901985957e+00 -2.402778311720747517e+00
2.599446709217390072e+00 -2.501776011897917318e+00 -3.751653902514339167e-01
2.529330693007007191e+00 -2.463804992563898011e-01 -2.527563357487326856e-01
-2.967967202167427487e+00 2.581416778580825078e+00 -3.308394312728348829e+00
-2.121704722548747757e+00 -7.621075584706673567e-01 -1.273223226501505989e+00
-2.682463531176333404e+00 -6.827549282929262775e-01 1.854426013008843466e+00
-1.997583016495540598e+00 -2.319804869701346917e+00 -2.978344527557877264e+00
-6.387109854131292064e-01 -1.380991131391426041e+00 1.813910358407781587e+00
-2.918080468183053444e+00 -7.169546309922745220e-01 -2.643696588642021172e+00
-4.078352679868330277e+00 -3.392107266299912438e-01 3.733800912821430451e+00
1.929032339120109629e+00 -8.821494103773827034e-01 -1.781421480457555440e+00
-2.210816481502803743e+00 3.215919335748955277e+00 2.027548856657123366e+00
2.544230757094075313e-01 2.571683688732481876e+00 -5.258772554564802304e-01
1.403658698381625269e+00 2.417725617040459518e+00 3.826030125217329658e+00
1.175770637438593003e+00 8.789534686810183128e-01 2.779871007789189719e+00
-3.643146070195967257e-01 -1.400529587012627530e+00 2.959018481939954981e+00
3.286440080540350195e+00 -6.784587200288202391e-01 -1.822178896065747677e+00
-1.013891662980631825e+00 5.521350363116789284e-02 -3.664234710984829668e+00
-2.778987673823842375e+00 -8.368223479224898842e-01 3.276542524457288330e+00
-2.384609947216310921e+00 7.345123245647242616e-01 -3.270257122862339383e+00
7.487919929434545541e-01 3.467600748892636808e+00 5.552097382335280384e-01
4.632497090784208349e-01 2.151296766282901451e+00 -2.543230681195343124e+00
1.666116555149235456e-01 8.336980313236107554e-01 3.554461907736004456e+00
2.169423429857069152e+00 -6.698478155082856489e-01 -2.796177508605240725e+00
1.437282505050376358e+00 1.938848634440124841e-01 3.465217268658201011e+00
-3.778021341431140545e+00 -2.804661697313064472e+00 -4.055816386449032862e+00
1.437399203241560008e-01 -1.788584945471055399e+00 1.187849914038691335e+00
3.381785560760580123e-01 -6.159088019395753122e-01 3.301873148449848028e+00
2.635483605827893872e+00 -1.630620899855517392e+00 -2.078256251028513635e+00
1.404780730358015761e+00 2.931938022773162178e+00 1.750020457113817818e+00
1.280109455973825527e+00 -7.963723879180031884e-02 -2.099415966212924811e+00
-1.349771177558813484e+00 3.494952448688561475e+00 2.423923919566964624e+00
-4.004244003822462261e+00 -3.272256469143083102e+00 -1.134309663995752282e-01
1.960269304447737504e+00 -2.470786571671496346e-01 -3.803711917329984704e+00
-1.644796634510938826e+00 8.860536775161547141e-01 3.661703569967048821e+00
-3.425367449581234514e+00 -1.370061943576346808e+00 2.404204059592169873e+00
3.046486419934865353e+00 -4.036678204707711437e+00 -3.092129475048381870e+00
-6.493058348672396951e-01 2.690799616348331202e+00 4.605505538495953122e-01
2.611653482452040986e+00 3.521490335412847728e+00 -4.021500731482240631e+00
1.810996388177551042e+00 -1.315161279659162297e+00 -3.512351395241550822e+00
2.292519132951329919e+00 -1.187110698349298943e+00 1.634537026534992332e+00
5.979860927480292743e-01 -2.619356907356776620e+00 -5.949863134093517081e-01
-3.023781713450752334e-02 -1.465540382919095386e+00 3.934697101638702676e+00
-1.961292793781429289e+00 -1.151142897589647385e+00 -2.821764155912920291e+00
-1.878450690637766929e+00 -3.444479089085785706e+00 3.168152684127623075e+00
4.092570125239047840e+00 1.327565228393767116e+00 1.523001875308900521e+00
-4.951156580921911576e-01 -2.720758475141546562e+00 -7.967872473729530336e-01
-6.771231932687621358e-01 3.626348641715634535e+00 1.428837793066580097e+00
-3.046218751455703533e+00 -2.996384717878017412e+00 3.426970276039549734e+00
4.729122830145696121e-01 -3.389467748679433345e+00 9.465844596976484837e-01
1.224587291732825545e+00 3.676726991959711643e+00 -1.338960147981868909e+00
7.511968705370656307e-01 -2.706786279327398237e+00 1.657344147534885348e+00
5.269822084527899797e-01 2.278562675987829203e-02 4.099257724476316866e+00
3.044174143868373150e+00 -1.913289488585941722e+00 3.533843484664710211e+00
-1.465285418013720919e-01 2.059178133042189329e-01 4.110797714054312268e-01
-4.080485263624680670e+00 5.627754251159406973e-01 3.226671859898355255e+00
-3.789562602503846467e-01 2.480395203656330594e+00 -2.305366387009955886e+00
6.255168407219202642e-01 -2.184872382475737673e+00 -2.425397334660225113e+00
4.728455110906724934e-02 3.465392298388510373e+00 -1.161260475717440510e+00
1.928877211319679041e+00 9.704114088128477089e-01 -1.624886486119211604e+00
-3.820794661042516083e+00 3.814923506162305689e+00 3.759226726680937603e+00
4.000729374881572542e-01 3.246282391164021952e+00 1.754316994595611190e+00
-3.833140631060418801e+00 -2.369910201325459820e+00 -1.803571621285700255e+00
1.174651870552084088e+00 1.158884181226046639e+00 3.876383806087399631e+00
-1.180598500162319597e+00 -1.180111678935962249e+00 -1.099169149473046669e+00
1.404267179071827742e+00 4.091269321300933015e+00 -3.285548045612149526e+00
3.077618871172616011e+00 1.414883943216785678e+00 1.092692360369540427e+00
-3.603945529325706776e+00 -4.328799885035906625e-01 -7.081712308045484683e-01
-8.472436994296530521e-01 -2.214876145778740923e+00 2.293113496512581229e+00
4.042358383428462432e+00 -3.558248111107784162e+00 8.488046291560426004e-01
-1.965987710235433950e+00 2.811027875770729878e+00 -3.384742022666809902e+00
1.709091344482736474e+00 -3.355327054220638011e-02 1.995598639130990337e+00
-2.986635764838592610e+00 -3.970883972810122398e+00 9.582272950242370912e-01
-7.695654479789801883e-01 -2.638844191729042610e+00 -3.136754076418538428e+00
2.200071247666200769e+00 2.834744428965528584e+00 1.171829635930824232e+00
9.594556462295512622e-01 -3.607131076895778943e+00 -5.449446928820107783e-04
2.852135663726510728e+00 3.322267491028135122e+00 -1.859042883059809803e+00
-3.923713129862879789e+00 -1.027295890561915614e+00 4.425203789798382581e-01
-3.969807987725638976e-02 -3.553300846191818518e+00 3.219374077236499154e+00
-2.931961439053521357e+00 -1.928837273687179277e+00 3.717666459243226029e+00
-3.657794394907207813e+00 1.907458200471664922e+00 -1.555586892505400387e+00
2.571522198399958548e+00 -2.139199093001282304e+00 6.642373646754181626e-01
2.652793467979207342e+00 -2.245130070259103494e+00 1.990469347945367229e+00
1.305664715947410404e+00 -3.529303207347636029e+00 3.121166397952725990e+00
-3.484803419167040506e+00 -2.400667752268796917e+00 1.012953438566758790e-01
-5.745719508052965496e-02 -3.250724472272109367e+00 4.215094232827666654e-02
-1.716605046671605184e+00 -1.349923702940590164e+00 1.826637118617370659e+00
3.947765188829352567e+00 -9.965025477691705769e-01 -3.713329536893021920e+00
-3.894452330644718518e+00 -1.572027057950630802e+00 -4.676645406335773747e-01
1.093955286263293747e+00 1.358837623211573309e+00 -2.173346627885332616e+00
4.047840666574947122e+00 3.631157912436104862e+00 -3.323682345688135253e+00
-3.438743119741356047e+00 1.145488675907069931e+00 2.681220343883136792e+00
-3.790631050138891567e+00 -1.276223012036860505e+00 -2.955021189193021591e+00
-2.005244760701412776e+00 -7.876071871427663407e-01 2.571481089743015591e+00
2.966179706352807699e+00 3.361032913934719701e+00 9.482265171661397041e-01
-1.506431163502382153e+00 3.591310471179931074e+00 -2.279515076088666881e+00
3.312847460437801761e+00 3.592521236862548095e-01 2.544714359415826799e+00
-2.136142610687542298e+00 2.132883753274494865e+00 1.284183068294529884e+00
3.331690286629785280e+00 3.506170748427514638e+00 -5.976378131266869564e-01
1.221882283857543161e+00 1.586142379429731353e+00 2.461404760306149658e-02
2.201447243967139755e+00 5.328483880725446431e-01 2.731638796830673677e+00
-2.153334881478390361e+00 -2.301246922440511877e+00 3.164810237639093415e+00
-3.285712938435404240e+00 -4.057060285221552043e+00 -2.712482336614060241e+00
-2.672779804167227380e-01 -2.155652073612905006e+00 1.695949442800263607e-01
-6.094762227546512284e-02 1.449700184486397259e+00 8.618386978632782691e-01
2.933307330546556235e-01 -1.366441100292066446e+00 -3.229750285737290838e+00
1.854599707936423592e+00 -1.673097024472932182e+00 2.643300063842172420e+00
-3.889315014050505948e+00 3.514105435277007139e+00 1.018502828005202199e+00
8.801736050128250444e-02 5.555536176646868052e-01 -7.538396741930251110e-01
-9.112142328102923461e-01 -1.760698194244832315e+00 -3.730304773421920128e+00
-1.087147011504480121e+00 3.591574235066394838e+00 -1.298047396239831341e+00
-3.137713170073293867e+00 3.191708898793159666e-01 -2.587127427492630360e+00
-2.859460051939156422e+00 -4.024497525650835072e+00 3.467921907616702271e+00
-1.509435819788480959e+00 6.724789792643286190e-03 3.071360284609944369e+00
2.897886097409348771e+00 -4.035589993989451840e-01 -3.531190035395183724e+00
1.407277616768919160e+00 1.109600619566543322e+00 9.219881459691231518e-01
-1.441390004541001524e+00 2.528198001982269627e+00 -2.331074215812554584e+00
-2.648206135308748266e+00 2.639957041557826845e+00 4.215504952738292621e-01
-1.183337362921503821e+00 2.940817021826350075e+00 3.224975344842614611e+00
-1.431099957960129565e+00 1.212137286284769244e+00 -3.472993381846186001e+00
-3.498478041769480296e+00 3.882294680390488750e+00 1.369868322504088076e-01
-1.840521024499235825e+00 3.662850823987574334e+00 -1.840446059818678926e-01
4.011786698550904973e+00 1.800679032273707847e+00 -3.464443750854470316e+00
-2.511295801618118162e+00 -3.004999770780308666e+00 2.558882558621714320e+00
-2.404399614259577600e+00 -2.401054913734515406e+00 -2.589869047931951385e-01
-1.259684319641181660e-01 4.079334058810451857e+00 -4.074520497409320541e+00
1.960081298229351954e-02 -2.443159067617673319e+00 3.724699645664924841e+00
-1.674376743305550974e+00 -7.789438033235115966e-02 -2.841064395333702919e+00
7.603198685356050701e-01 -1.768862873700931981e+00 -1.122105194369299036e-01
-2.836802344814756349e+00 -2.398518345543041441e+00 -2.123390470228906146e+00
2.482964809039252874e+00 1.801253303453640653e+00 -1.290822303006611715e+00
-8.934597894729826573e-01 -2.263890511471175149e+00 -1.476726682404276181e+00
3.605312227483613352e+00 3.003347142461634700e+00 1.597120291628621125e+00
1.719581115871456234e+00 -2.879068397652150502e+00 1.676489981465831558e-01
3.937171053154103539e+00 -3.247763816476829657e+00 1.855525686489069681e+00
3.350845918064766948e+00 -4.056860120320841645e+00 1.402591807548882796e+00
-3.628530247803043896e+00 -1.901070109852283974e+00 -3.718606924656420620e+00
-9.856971847900636297e-01 -1.142785345728410729e+00 3.938730428792519556e-02
1.323990075431492386e+00 1.900330020174395784e+00 2.455604109135492763e+00
8.841067050894294566e-01 -1.501813268395253642e+00 3.311498204750495944e+00
5.748787709754594744e-01 6.181450114162837517e-01 1.062040713713610529e+00
4.075904829929987372e+00 -5.685130109886559202e-01 2.693620176629849539e+00
2.229350832755464751e+00 3.713111414059487636e+00 -2.760813493666267160e+00
-1.139941396647279115e+00 -2.081758994405234819e+00 -3.971528278221027608e-01
-1.630829380189635858e+00 1.937881476806836867e+00 3.558613710428884414e+00
-2.132639878454905880e+00 -5.971561355728369214e-02 4.109247646314846847e+00
3.327285642585511738e+00 -1.479257997641148625e+00 9.205264899509300047e-01
7.204879176921191730e-01 2.914440786159772756e+00 2.616204012664448353e+00
-2.254910021133674114e+00 1.681007878167781744e+00 -7.812263297543677876e-01
-2.372574054281778810e+00 3.798644929464984443e+00 -3.327472991690743953e+00
-4.059566306454422957e+00 3.612059799733993160e-01 1.987031288525301864e+00
4.020296417744249950e+00 -4.836155526359399159e-01 1.164833466465418077e+00
-2.346720949512124677e-01 -3.020435068009355906e+00 1.895554733790914215e+00
1.039249618405813091e+00 -4.070042741521708030e-03 -2.539919782867368081e-01
5.660228481064019102e-01 3.919228868595077575e+00 3.397715098599119354e+00
2.192293696473665232e+00 -3.757464828236530607e+00 -3.735409795974488745e+00
-1.757615995519998142e+00 2.665386983080340055e+00 -1.040014118944121879e+00
1.769708254376182843e+00 3.135344947512755720e+00 -2.075710885924333837e+00
-2.594567033461426586e+00 1.999288711236832938e-01 3.265452838912889177e+00
2.375701107121065192e+00 -5.536557193524036524e-01 2.522964888582773568e+00
1.545388633564763747e+00 2.250449235468220621e+00 -3.054525165738451786e+00
1.631875107708852912e+00 -2.493028617179849249e+00 -8.750720143258137185e-01
-3.033150924684727467e+00 -1.229020472457174495e+00 -1.101237300443969502e+00
3.521508183362860311e-01 2.314813782019407906e+00 3.279682519919523198e+00
7.966005205678429180e-01 3.275728578604319097e+00 -4.013106725854926893e+00
1.225258829678014028e+00 -1.316884246408009940e+00 -2.574498327574462841e+00
-2.937849134036910392e+00 -2.344288025725895341e+00 -1.147363136677101991e+00
-4.030529821370342880e+00 -3.465141600275540412e+00 3.490666260870868953e+00
2.130370990684858912e-01 -2.501580252380739555e+00 2.617833639473948981e+00
1.913988508286860402e+00 -2.590348749084663282e+00 1.310307256763675543e+00
1.224679701141444310e+00 1.975889137102692983e+00 1.429171562028250353e+00
2.650012075579445625e+00 -2.102169126793974829e+00 -3.240728796172080539e+00
-3.359041836014327487e+00 -3.349489207335454299e+00 -1.020521819478397818e+00
3.355210474937403653e+00 -2.534545054565997990e+00 -1.458307163327163813e+00
3.726066367719067074e+00 -1.573021473552323801e+00 -2.171720921989206854e+00
3.450203938165396167e+00 -3.286349286881195209e+00 -7.527232851947670556e-01
2.872772838401586259e+00 -3.223374586174846179e+00 1.715026933476129001e+00
2.268339309328017084e+00 4.881435619390613323e-01 9.682706807533204563e-01
-8.876990665048422047e-01 3.339046732180633303e-01 -2.537589840468740254e-01
-2.448398139688547914e+00 -1.530729490839510154e+00 1.148499723641766446e+00
-8.550131727782558921e-02 3.817876876735801339e+00 2.604012903990057026e+00
2.387264897269876229e+00 2.566813561293256996e+00 3.752437773701533974e+00
2.331883623608183242e+00 -3.616451443391038190e+00 3.418777570105504537e+00
2.302810826453823179e+00 -3.224245846367460366e+00 -2.785358784315202119e+00
1.318693645110482260e+00 -1.880735911776043379e+00 -1.730043465647375323e+00
-1.261784450898050913e+00 1.065051885748053317e+00 5.787218013408491624e-01
-1.788764217795173694e+00 -1.974970190056823505e+00 4.604559348765520643e-01
-4.257336576178279985e-01 3.484451654440878787e-01 1.480770276539686181e+00
-2.877881206873413866e+00 2.285153307484868446e+00 1.996627074383815481e+00
-8.067498536606959592e-02 -4.790045567085748912e-01 -3.503821105601178321e+00
7.155980763439170333e-01 -2.605698795882872787e+00 4.721367122915735570e-01
3.683500881447469677e+00 -1.453997103644726563e+00 1.801776474059372246e+00
2.519932830463825768e-01 1.637438250125204720e+00 4.078229554825866465e+00
-8.610586755291026462e-01 -3.815284922564924575e+00 2.099431108357378228e+00
-3.381579582710702248e+00 3.844860141362211436e+00 1.798161823262790726e+00
-3.141251934249673639e-01 -1.804520644392330508e+00 -2.529906140236338974e+00
4.515716799050062957e-01 2.293243563491147441e+00 3.882296266501194526e-01
-1.523423654999967791e+00 3.751637430863417944e+00 -3.979016232451061619e+00
-4.029035521955171006e+00 4.093069745422784678e+00 -8.236663105957258146e-01
-9.810324754499590849e-01 -1.965356152681936308e+00 9.742949799772631092e-01
6.609493341553446255e-01 -1.377031159371867153e+00 -1.131082774173278516e+00
3.538010121432149990e+00 -2.303611818103926456e+00 2.798979554423079719e-02
2.238944448722549385e+00 -7.459961855986054768e-01 6.584156559436293854e-01
7.095034189078232023e-01 6.605034532318843077e-01 -1.603100535753546829e+00
-2.349024532079899696e+00 -4.083831884932243916e+00 -2.130039387780544580e+00
2.778451290361081849e+00 1.206350753370474260e+00 2.127277793445608634e+00
-6.546824083671691774e-01 2.856359171570320710e-01 3.517057837028041423e+00
-2.214316389271532071e+00 2.683716045123933025e+00 3.739825660862215351e+00
-3.813683536196172064e+00 2.561507634449203152e+00 1.311322491762972442e+00
3.753786629125924978e+00 2.867137519544742830e+00 -2.382662688453197841e+00
6.656521867005237292e-01 -7.264962755355747204e-02 1.744192581766421446e+00
2.132760857646843089e+00 1.816880951365217989e+00 6.428425761720990561e-01
-2.221163681670764056e+00 3.636480579532668234e+00 -1.250405755498130711e+00
3.687202338143199754e+00 2.208131599209073315e-01 -4.130392792209076624e-01
-1.932474020643516255e+00 3.342531720093037340e+00 8.004452544023002991e-01
2.805889887419612094e+00 1.068824545039929630e+00 -3.058206351034131298e+00
4.063719729697298000e+00 -3.415281917123990763e+00 -1.729595816884338166e+00
-2.992352035563796697e+00 3.169396178363929284e+00 -3.337426308106451467e-01
-3.214612724140586408e-01 1.242240949263653027e+00 2.748714152262254906e+00
-2.885553388444625611e+00 3.027830037060622814e+00 1.294664007289816121e+00
-1.895190772382452371e+00 4.760835813706262298e-01 2.045651152626140501e+00
2.915063877600329700e+00 -3.098283768934520399e+00 4.628033776281889056e-01
9.830723279552058269e-01 3.076371145051036926e+00 -2.779446198735450846e+00
2.280476217624941793e+00 2.037457805389625953e+00 1.648870738131930969e+00
-2.331107058623024031e+00 1.800741346863510950e+00 -3.969990343023739321e+00
3.145861131262013277e+00 1.378053892374484946e+00 -4.026552798246523679e+00
-3.869080131489563534e+00 2.604376850154555445e+00 3.437124650949401783e+00
2.593721038048800498e+00 6.559332894967187522e-02 -1.780683728037289137e+00
-3.761921595033533627e+00 -1.326551604186545275e+00 3.638255390286063040e+00
-1.886685040919985124e+00 -9.192478161933728131e-01 3.708472361797015004e-01
3.380983249979324867e+00 -3.064943189974376647e+00 -3.334450783097552051e+00
3.394688080539197905e+00 2.029640297898509971e+00 1.982213763440538568e+00
-8.485456888451421431e-01 -6.941311424561431576e-01 -2.852205004035375246e+00
-2.957244359296372860e+00 3.203332855212691399e+00 3.039641923244730481e+00
1.448735608852261381e+00 -3.332608990110675240e+00 2.131917639426171629e+00
-2.028248499086412679e-02 1.212182306960879252e+00 -2.546424472341909606e+00
-3.354115920247484173e+00 -3.223193284246579637e-02 1.390788687324423956e+00
3.838976603674689514e+00 -1.688427690960012439e+00 2.807432690456615809e+00
-1.620610480756336402e+00 -8.787233020431400865e-01 3.443410026815174607e+00
1.467670925292255957e+00 4.007216936347064440e+00 3.915746973316903468e+00
-2.391851231412359002e+00 1.274556592557247292e+00 3.056574444908540578e+00
3.201190768041480172e+00 1.953965482134533138e+00 -2.908491255214851190e+00
1.813819040117633952e+00 1.057165662308037879e+00 1.853796120927843294e+00
-2.785897226754397771e+00 2.518965102752211749e+00 -1.165923714653282373e+00
1.498380712154925520e+00 2.123068140607637933e+00 -1.627417153783571990e+00
3.419666686850175719e+00 2.702361935407598281e+00 1.633516891874743637e-01
3.384850628164060460e+00 -2.498735898018604740e+00 1.324546524285950655e+00
-3.426981367452605731e+00 1.651879411655024388e+00 -2.819016522812106462e+00
-8.972683524193010296e-01 2.980544283982435871e+00 -4.757952864854650410e-01
-1.219786685219701683e+00 2.384593468348587653e+00 2.334845649659337052e+00
-4.118925004664771294e-01 -3.738976632021312696e+00 -1.441363732301362610e+00
-6.343699696895738205e-01 2.089217688370462511e+00 3.272491658351149635e+00
3.160000174935577166e-01 1.899158696655918854e+00 2.323492350381131111e+00
3.747645846449859874e+00 1.238899832232935871e+00 2.481105120758013705e+00
3.005785342405141058e+00 9.855024818908026951e-01 -4.853783426110088589e-02
3.242967548503749686e+00 -3.394485645460395773e+00 2.950162645764023761e+00
-3.137882440994638866e+00 2.039443054507682263e+00 3.178044772534430962e+00
-3.008048860693304238e+00 -1.359933353831475067e+00 -8.488889684158208715e-03
-3.303362604921956436e+00 -2.045516701904865453e+00 9.464399963586865860e-01
-2.837814347158557737e+00 -5.439304267408873184e-01 6.404525289795249821e-01
-4.006924031093756611e+00 -2.476692885687370893e+00 -7.848557976997159180e-01
4.355235690717688124e-01 -3.628660445387748457e+00 -3.280225925840086987e+00
-7.706784580455751099e-01 4.046674946214551816e-01 2.457240072056662505e+00
-3.106653958197466814e+00 5.585399409144521654e-02 2.356102907052387341e+00
-9.257805872003278536e-01 -3.096045513768558077e+00 -2.185815384404275807e+00
-6.036379453837159570e-02 1.437492326212086446e+00 -1.500135180110937494e+00
-1.993084055766891183e+00 -1.798053382445135462e+00 4.028156163392615952e+00
-3.384101535377205927e+00 -3.170809588519478694e+00 2.205457509099989721e+00
-1.015003228619997921e+00 2.387937289120400042e+00 -3.958825991750013262e+00
-1.161791310145150247e+00 1.932595354092315088e+00 -5.361060423056740465e-01
1.653603452105390614e+00 -3.603857382367158024e+00 -2.121557517516325930e+00
-3.066753420517743578e+00 1.118566813880557786e+00 3.760492797857127645e+00
3.582059790813264311e+00 3.960834006175022015e+00 2.701538674894341518e-01
6.206422775372453238e-01 -3.772710021060120322e+00 2.339079774130611078e+00
1.874965241303005126e+00 8.529178428363372033e-01 -2.304370858461063098e-01
-1.580578887304964431e+00 -8.788747922507020860e-01 -3.777617214981638050e+00
1.174494093833609920e+00 -3.055824739294418446e+00 -2.844510001908641783e+00
-2.076614884053211707e+00 1.511009117546801006e-01 3.175920725803391687e-01
1.457504349609666017e+00 -3.506588797239682087e+00 1.005639203518051250e+00
3.449604346892713114e+00 3.194884110436347346e-01 3.939328881000985660e+00
-2.190804747940938491e+00 2.366146029529864414e+00 2.712594760992094844e+00
-3.994390297392711009e+00 1.123485776489407062e+00 -2.265005623911647004e-01
1.857295723369201124e+00 3.174326698432186511e+00 -3.507793698729831711e+00
-3.371478793471982982e+00 -3.059097143515463912e+00 1.184451456927822166e+00
-4.098624070417799636e+00 -1.190991875899565011e+00 -1.322319021433119968e+00
-3.074862224815637202e+00 2.331949643680486517e+00 -2.240683478371808146e+00
-2.335334267173849732e-01 1.803632936870514403e+00 -3.347550625654041490e+00
-3.054375512898278355e+00 1.254043383274727974e+00 1.735385386695716070e+00
1.081667130828878332e+00 -1.980662085634612879e+00 2.185193018260112918e+00
3.252591830006597018e+00 -3.800124488951077240e+00 3.995619453555614875e+00
-3.902971166686070692e+00 -2.686376921747394508e+00 -2.841048426751540124e+00
-3.005576714468966681e+00 -3.747695455000022768e+00 -3.784986156279480429e+00
7.120735575738498802e-02 -2.195432898672723177e+00 -1.562054855693944644e+00
-1.841524100798232366e+00 1.041834948809827521e+00 -2.460768751070635307e+00
2.540295311440805115e+00 -7.323356407588836603e-02 3.536787738935073033e+00
8.056715708869482961e-01 -1.874246190692206993e+00 -3.882224798214366501e+00
-2.266182452633928257e+00 -2.886151900135097925e+00 6.749270036039261011e-01
-2.536104789451042674e+00 -2.735417882132925360e+00 -3.927768074448611646e+00
-1.935504934956800760e+00 -4.666077367816958699e-01 1.217296001208197032e+00
1.857916576269874387e+00 5.603446861785643662e-01 -2.611598535715987879e+00
1.775137408208907752e+00 -3.589367087265348921e+00 -7.013576371465595205e-01
-6.180262482471664542e-01 1.384470707304237935e+00 1.835377262976040758e+00
-2.332689848757260598e-01 3.120273618283142980e+00 3.622442345750938042e+00
-3.472514943764454909e+00 -1.496196946839592368e+00 -2.049004572263961155e+00
-2.983518005570401588e+00 -3.312981861821802987e+00 1.451796511935028733e-01
-1.607152994402973878e+00 1.417328844899425677e+00 1.736229396071014675e+00
-1.987540320235341218e+00 -3.612965313223308605e+00 -1.445914634265837995e-02
-3.866152440991958539e+00 6.772871767648508401e-01 -1.132132912383353229e+00
-2.616715532314024539e+00 1.052772757498736667e+00 3.492305854013457167e-01
1.159510270664282361e+00 3.797250971562223798e-01 -3.408508559006279359e+00
2.974147993924996403e+00 1.120179601267112801e+00 -1.911564054655094935e+00
-1.412399378351839152e+00 1.330708552556498114e+00 2.769807388091209077e+00
-1.637162173798596854e+00 3.968243565508155490e-01 -1.583148970538972300e+00
-3.207488744657767565e+00 2.375506516921496725e-01 -3.627676905988238776e+00
8.289093585888633875e-01 4.076006878659752530e+00 -2.298505428669975093e+00
-1.130391537401700619e+00 -4.656655083944033491e-01 1.953056756288198859e+00
3.753120230382378519e-01 9.805198103711185720e-01 1.906434265596059330e+00
3.733428576861246739e+00 -2.546130362003499847e+00 3.441078174956411218e+00
-5.940096281006741474e-01 3.454348428599315901e-01 -1.822766983812975417e+00
2.893857403391272509e+00 -1.443005444867798914e+00 -4.259638514068608134e-02
3.140500565589287252e+00 1.523133710931066642e-01 -2.636661678561954325e+00
-9.355530942164645980e-01 -2.092300561030656869e+00 3.470362550604259688e+00
-3.255765436656930856e+00 1.974669508190277423e+00 -2.058027754395920228e-01
-3.450726622969717106e+00 8.243000310968844335e-01 8.538432727995091120e-01
2.354446843481773133e+00 1.954514093939623498e+00 -3.680502169595904594e+00
7.271137909303523328e-01 2.382740004087533503e+00 -3.603994679552257718e+00
-1.347196187054252370e+00 -3.318460553233276489e+00 1.265390310525295936e+00
2.145017841893369415e+00 3.495406498174897347e+00 3.327130937123847776e+00
-3.820675709178659840e+00 2.027393023847764653e+00 2.302495869098828418e+00
-2.722559560395901634e+00 -4.077630956547300123e+00 -5.473639667110841156e-01
-1.018882086368055884e-01 8.601381817780935357e-01 -3.548088941961867082e+00
-2.402395300611034568e+00 -3.332887650982470973e+00 -1.101361844540396318e+00
-3.024629006770824802e+00 3.175530002880477376e+00 4.087235616300159968e+00
-3.010279411039452069e-01 -8.665609285114259652e-01 -1.903561820221133738e+00
-3.750013234279985674e+00 2.643122399946851608e+00 3.542510241583921582e-01
-3.155720212970522520e-01 1.418553871622160845e+00 -2.182041441156694073e-01
3.386870254045306172e+00 2.579642610500555655e+00 3.245619643367740004e+00
-3.395621794425919937e+00 9.901451789588207042e-01 -1.912973499585011838e+00
3.050908384387173822e+00 -4.308997377823281516e-01 1.853775188870554258e+00
1.428520393503228236e+00 -1.681445627352717187e+00 9.525739348008448459e-01
2.734786691934065317e+00 -3.862949127340047362e+00 -3.135249723281057777e-01
3.848092457856981952e+00 -2.434172471630641210e-02 -3.490107447988203049e+00
-2.486941007922836011e+00 3.107249093875894097e+00 -2.160583527153646877e+00
1.135096673004848844e+00 3.918771655935866960e+00 1.549111671407370050e+00
3.629162353537888741e+00 3.295335622397236985e+00 3.925146271338781467e+00
-1.468364363810896966e+00 -3.545660041238494209e-01 -5.370863713626498059e-01
9.673214939485799135e-01 -2.521892045926415360e+00 3.256532971138943910e+00
-1.141904821079147370e+00 1.726795269761251417e+00 -1.623794343055632083e+00
3.604118541682019838e+00 -2.096087890342638094e+00 -3.732211975149632543e+00
3.824292388714494173e+00 3.489424368999132220e-01 -1.906547280650386256e+00
2.311517415961163557e+00 -3.079587946930631315e+00 -1.558832553004863009e+00
2.354565633501847888e+00 -3.799773562619796596e+00 2.413909414127591191e+00
3.251283603416074808e+00 -3.825656631820225639e-01 4.591186956369732730e-01
-2.909768106521956721e+00 -2.958972164051367759e+00 -2.942515185581956239e+00
2.862661542613041954e-01 1.476294951621855700e-01 -2.678856521592322792e+00
-1.881677623193076743e+00 -2.332166067734835035e+00 -1.151362082979955792e+00
-4.231913496476759073e-01 -6.017214908535262197e-01 -7.970749331989508413e-01
-8.858567004169056736e-01 -3.194078942101366891e+00 2.942761827915774120e+00
2.128823759944773020e+00 1.641050613936316349e+00 -2.383018003375313665e+00
-1.279835821318017430e+00 4.043162217314551832e+00 5.588916640249853574e-01
-1.621639564198523065e+00 2.699166507135639659e+00 8.425272010496856478e-02
2.304253102482991977e+00 -3.971437728332825934e+00 1.180760542224138065e+00
-1.125831996317432360e+00 9.071144370436325099e-02 7.221622646980397908e-01
2.705317052529480293e+00 -2.824583839449314127e+00 -4.104448303049908375e+00
4.074025619660240238e+00 2.109384601459029174e+00 -5.653859137488812525e-01
-1.936750247206814102e+00 -3.558126228059572682e+00 -3.856568691167287621e+00
-1.434440204483154346e+00 -3.664616127436643556e+00 -1.458170146600766381e+00
1.095523665442788008e+00 3.318174099880134786e+00 -4.179860651811605488e-01
1.694528599537312274e+00 2.779926603625647807e+00 2.698864433518646688e+00
-3.493938276038262014e-01 -3.227239401942813668e+00 -3.990135416619783992e+00
-1.972360485259174068e+00 -1.483201049417586015e+00 -4.714762910372799487e-01
-2.603424363064175129e-01 2.791254728542084340e+00 -3.251727791575730553e+00
-3.705482938596690534e+00 3.008200977828267675e+00 -1.077070945589777562e+00
1.755187641899355722e+00 -2.398937758585573121e+00 -3.589214467557793942e+00
-3.579858341299900104e+00 3.284848240394869112e+00 -2.358322518178036731e+00
3.001792668538543207e+00 -1.317185850455653506e+00 -3.831903806261686807e+00
-3.161839262890712821e+00 -3.317685683106154748e+00 -2.001393609206791879e+00
-1.912744563881151105e+00 4.083073060796347242e+00 1.565772566852687397e+00
-2.682433528240689480e+00 -1.769686674949953797e+00 -3.374625581429092858e+00
-3.529847494890889226e-01 -2.860297421988804434e+00 9.431013197801502157e-01
-3.954446547307397086e+00 -3.637928992328024691e+00 -3.503635044428167422e+00
-3.074850117054856447e-01 -3.760401908100036827e+00 -2.640324961906011403e+00
3.100937432025844931e+00 3.710537108976301290e+00 3.150190502180497010e+00
2.208541554396454831e+00 3.561914991778230011e+00 1.911979381068992678e+00
-4.012550999292372467e+00 9.164216779286267212e-01 -3.937530554489020673e+00
