8.220706914434900980e+00   8.220706914434900980e+00   8.220706914434900980e+00
500
3.769420399362627627e+00 1.532590460538724608e+00 -1.268512316167670795e+00
-2.075702712389648763e+00 1.804012443019545664e+00 2.337152270899305051e-01
-1.565034242268209530e+00 -2.884385439707701781e+00 2.240144615222042113e+00
-2.800967831602110825e-01 -7.824416844552612993e-01 2.280574085790666228e+00
-1.554452733643600260e+00 -3.400652710524834088e+00 -2.982379099640971809e+00
3.495918995491757109e+00 -1.889310766226743210e+00 -8.577137375654213525e-01
3.712027111740018537e+00 3.572858126782575194e+00 -1.588850244274417234e+00
8.073275602100298265e-01 -3.293508801093283811e+00 4.073144974156380549e+00
3.385113172684709681e+00 2.313857547094201550e+00 -4.031664874156848377e+00
3.891574433371204567e+00 1.667535476947043405e+00 3.497496791725585030e+00
-4.861882127552076271e-01 2.221039819540147953e+00 -1.045087049590601946e+00
2.557734377644539148e+00 2.106204173752398212e+00 2.788154697418550487e+00
-1.133873668690523195e-01 -1.623280280537792830e+00 -8.217490019856885652e-01
1.677671100385057290e+00 2.547863789630494757e+00 2.938741055125230206e-01
-3.308043138167565456e+00 1.952047819776804527e+00 -3.896152634509702395e+00
-9.854969687924909350e-01 -3.786610381947719706e+00 -4.739343402616675860e-01
3.530707417043511542e-01 2.232701212838736904e+00 1.478341170173259389e+00
-3.952911986487656293e+00 -2.264929981573104101e+00 1.960747370583292293e+00
3.207574920960849063e+00 -1.011511139161746176e+00 -2.956504226769041122e+00
-2.646563715050942900e+00 -3.389277398286900223e+00 1.609818424831342076e+00
2.191794721283007341e+00 2.942025051839403549e+00 -1.182630104448023189e+00
-3.524085712461098030e+00 -9.942698872544339928e-01 1.413817882177893726e+00
4.109610021054396212e-01 2.300460637459837976e+00 -1.579976199238652512e+00
-4.083624105697013285e+00 3.070281572680041648e+00 2.598545698965647244e+00
3.072022891636216890e+00 2.892857250679802927e+00 2.393036120797999988e+00
-1.521662262621489514e+00 -2.795380759749620303e+00 -3.976266873030446458e+00
3.854983049718834653e+00 1.500226374473386137e+00 -2.255792853804989839e+00
2.337314438523208082e+00 8.260261664347400279e-01 3.983198593701018364e+00
-1.931164657496596382e+00 7.036748892954095558e-01 -7.560261681414278678e-01
4.695835897696739591e-01 -2.494899272592230766e+00 -3.277974147015318529e+00
-2.536386441943500714e+00 -1.672674456402465371e+00 -2.147136495539255119e+00
3.836652805867201366e+00 1.707624337092071176e+00 5.563222563375261887e-01
2.996552063139116040e+00 6.276586490766471460e-01 -1.132536598846733522e+00
-2.093337563665440104e+00 1.887273524007466285e+00 -1.856237333465843298e+00
3.265814584014377520e+00 -9.694735140524693984e-01 3.499748938352913896e+00
-3.041411339488863330e+00 -8.647983352298524995e-01 -3.911851704785116901e+00
-6.645859115473856660e-01 1.189087663809545781e+00 4.010751288631299261e+00
-3.068570592793262719e+00 4.332318550146012082e-01 -2.945621650828775806e-01
-3.351376108305933244e+00 -4.068787895323759951e-01 -1.734779229662668287e+00
-1.072112377863764454e+00 3.381364149177057965e-01 -2.813740120963593938e+00
-7.634888483837318773e-01 1.623648120555543528e+00 -2.832787259606974750e+00
-3.346046805242063993e+00 -2.365935906399784461e+00 2.703116767358900052e+00
-4.044115797397013878e+00 -3.222469194411780036e-01 -2.521865430806665476e+00
-3.667124054645564346e+00 -2.625603653107891899e-01 4.293678121422855321e-01
1.673368402710234237e+00 -9.876286907474139953e-01 -8.297149403681968183e-01
3.144177242164896136e+00 3.128796323929045720e+00 -3.286913135344422088e+00
2.971245058212061974e+00 -1.395449568375045635e+00 2.562519459875384875e+00
-2.753733112415724271e+00 -2.305199448932939266e+00 1.893328429352675313e+00
-3.915399498370377707e+00 2.744856984090539243e+00 -3.760826321093345026e+00
8.663502122122320737e-01 -9.103099193591709382e-01 4.071161044703340615e+00
-1.601911569763619259e+00 -1.815816047006742595e+00 2.839617658223732466e+00
-2.611192068467152794e+00 -6.458580839025780396e-01 -2.714771552962973455e-01
2.596353831890371833e+00 2.173417782920282537e+00 -1.856295601447152388e-01
1.866056831018090278e+00 -2.011277123601664663e+00 3.701565122394977259e+00
-2.342781937153060934e+00 -2.178058780871035965e-02 -2.126134028923196251e+00
-2.055795587700474769e+00 -3.017997834612342611e+00 -1.839441971933924336e+00
1.375561511603663023e+00 -6.498215106136639996e-01 3.090475673213945118e+00
-3.066041996209766918e+00 1.755831902051267823e+00 7.435133260102160246e-01
1.090411884560559486e+00 -2.818770611045768870e-01 7.858409352141486615e-01
-1.097090575421410197e+00 3.276755661609170645e+00 -3.272655785962749864e+00
-1.315376577464405727e+00 2.836815749674728604e+00 1.728960047032850555e+00
-6.791530014145462646e-01 -9.483081151931268549e-01 3.703417623980261641e+00
-3.333442712417598597e-01 2.927591838894803011e+00 2.477688060640909296e+00
-2.567737491858316012e+00 4.105084715107641280e+00 2.439295867039650734e+00
1.524644254790793463e+00 3.700110963363768768e+00 2.507218439574161906e+00
-2.806245576694299970e+00 3.002700436118180827e-01 -1.244900176977994821e+00
2.290569924625542875e-01 3.725603958545999017e+00 -3.154770984380848464e+00
-3.636382313649033193e+00 4.085148788543831344e+00 2.816315532962933244e+00
2.420974180143355081e+00 2.645387768904420067e+00 -2.808522881576629437e+00
2.888476308409191340e+00 1.172493739691334191e+00 3.145182536015039165e+00
-4.001797244905677675e-01 -3.968287353115764304e+00 4.674768530109131848e-01
-9.841136139023354268e-01 9.457199486266870680e-01 -9.058597194099194949e-01
4.302850231358632538e-01 -6.258626922730059494e-01 -1.460686829527987063e-01
2.889686289774035188e+00 2.431214155098748164e-01 1.245671986802284081e+00
5.958200149696225856e-02 4.080066399266898181e+00 -5.693194718198260063e-01
1.867738356615400219e+00 -2.654342435994674787e+00 2.775489809527226459e+00
-2.284444757152337413e-01 -4.839597164128504603e-01 1.262588943074066439e+00
3.164074006040488385e+00 -2.470485021080043087e+00 -2.591645753125519924e+00
3.709506368228150830e+00 3.919022944852892376e+00 2.358735702490725394e+00
3.218244591533706345e+00 2.468075243583069511e+00 -9.873658282673701825e-01
5.064737416607469900e-01 1.002794552497657143e+00 1.254085379717777560e-01
-2.009650413108682032e-01 3.589728356594431791e+00 -2.267028640324230349e+00
1.536216007543772799e-01 1.145256857507084974e-01 2.859877022665993529e+00
-2.098672073628892409e+00 3.779103316073862739e+00 3.391092860365337192e+00
7.360113059124792079e-01 1.348454345366774332e+00 -3.262460278633270150e+00
9.974611549914672581e-01 -5.260775477881939333e-01 -3.194958060795282773e+00
1.863842559999826509e+00 -1.771717768145156580e+00 -3.082504704946102334e-02
3.007387465949874716e+00 2.229711765112632360e+00 -1.932817887164969273e+00
-1.842147378063442531e+00 -2.399549048028928322e+00 1.430376025158393238e+00
1.825218045721822557e+00 1.188672858948732980e+00 -3.388955580446681104e+00
4.100420191974486706e+00 7.385136807187890895e-01 -2.951377668473768257e+00
-1.001988374377835722e+00 -1.023572331242248223e+00 8.306898508109591406e-01
1.697335420804202855e+00 -3.065601913479711005e+00 3.880712152560766182e+00
7.286642147813990888e-01 1.407837162459016245e+00 -8.033564652802870354e-01
7.317143721764894915e-01 -1.023486304308719674e+00 1.451948980444218495e+00
-1.039448571197337579e+00 2.016279877725724923e+00 1.234755099194102534e+00
-3.334235654368263635e+00 3.947071521039282160e+00 -1.708712387840393587e+00
1.610587600244171913e+00 1.001839560478438584e-01 -1.197551178753248458e+00
3.414894609422247651e+00 -2.591042968050081718e+00 2.480422701341368441e+00
2.201008775430299380e+00 4.015662918058582775e+00 -1.538570192274197446e+00
-7.797767862901711089e-01 4.095391487142312492e+00 3.534475427536868164e+00
2.396011943342519768e+00 3.700332989705040099e+00 -5.042548636543037199e-01
-1.489751279819345076e+00 -6.614945331192572109e-01 -1.967834398422646069e+00
-9.633913121016119963e-01 -3.148323339319557324e+00 2.963519088672887380e-01
1.688098385428969728e+00 2.186542455799360685e+00 -5.825355645789642711e-01
1.326606400521795071e-01 -3.903742822668267554e+00 1.694679904609270427e+00
3.243913377127942699e-01 -3.257848353115418982e-01 -1.238329845186142197e+00
3.874579172724839982e+00 -4.098624567128245744e+00 -2.366981193135063055e+00
-2.520842495260464222e+00 1.630971746286977497e+00 -2.848142291309495810e+00
3.113791164743411777e+00 -3.801070346405436950e+00 -1.658620329787672931e+00
4.870029480237600961e-01 -3.895498666727402970e+00 -1.431454657362383420e+00
2.187058143356380047e+00 -1.004598382444742866e+00 3.738052776997674798e+00
-1.466704764908481229e+00 -1.847671528049568135e+00 -2.234159910449163178e+00
1.902431966570488520e+00 1.338509967589139427e+00 3.226436164656082184e+00
-2.229771615925193462e+00 5.629297027101271000e-01 1.190272092752407307e+00
2.101769755472858492e+00 -2.350504509500603412e+00 -2.577262067594855655e+00
2.689076007724756412e+00 -2.625022137468613348e+00 -5.446508723159008136e-01
2.231996306358788207e+00 -1.287190519254794996e-01 -8.280922067056356584e-03
-3.185923690248850804e+00 2.573519055503730169e+00 -3.146676314809020436e+00
-2.208370885181313970e+00 -1.094513997772772029e+00 -1.336663173785100023e+00
-2.724154489942781865e+00 -5.918730144706625396e-01 1.684344909142630797e+00
-2.097320640285756266e+00 -2.462878079042446267e+00 -2.698422088346381642e+00
-5.577760487498832909e-01 -1.645733590003173097e+00 1.709570848324966086e+00
-2.882981375532646329e+00 -6.895650507662675066e-01 -2.557389841152249765e+00
4.088938101757397803e+00 -3.886114094736201618e-01 3.751308135547314571e+00
1.937070342265818645e+00 -9.465638312348536587e-01 -1.774192036555510388e+00
-2.169407617608510641e+00 3.212230919456971812e+00 2.100763523884180639e+00
1.949781901264019957e-01 2.690889369270374587e+00 -4.510838314444758912e-01
1.339641160437563761e+00 2.505411271263878970e+00 3.595180678552282849e+00
9.886648589585497193e-01 8.815832327478750896e-01 2.853035291034937693e+00
-1.799051055643992036e-01 -1.662290484508005095e+00 2.927012496149283827e+00
3.066033294804265452e+00 -6.256558921650750005e-01 -1.968826528694693101e+00
-1.083032103870027241e+00 2.156383174645843531e-02 -3.741365949958915138e+00
-2.816524318158227125e+00 -1.066455832529489500e+00 3.156958550755300408e+00
-2.344832468386111479e+00 6.587946077770256981e-01 -3.391345828490489822e+00
5.073807515445182270e-01 4.017768232663111228e+00 7.995364176916573973e-01
5.701516252116735073e-01 2.224944930474046068e+00 -2.770853751155474054e+00
1.588799606325015934e-01 8.279732338550381820e-01 3.430684252918257737e+00
2.351520521616851322e+00 -4.530612953857776626e-01 -3.001515510262436681e+00
1.349729024632397634e+00 1.854712178627324626e-01 3.694646864287023380e+00
-3.755938613382494129e+00 -2.790229896888029693e+00 -4.096601293775856689e+00
2.711458247521981724e-01 -2.016400306897359496e+00 1.374669792612008168e+00
1.884203498437322932e-01 -7.977571437582055003e-01 3.222192601456109973e+00
2.650780809255642190e+00 -1.697333292980593100e+00 -1.885865948726729968e+00
1.418197697298432480e+00 2.803802789700674758e+00 1.889527268334438848e+00
1.245074600191419245e+00 -2.741922805858519885e-01 -2.142422993100681072e+00
-1.266702292614130698e+00 3.632167902928573167e+00 2.599834674768559672e+00
-4.038462339333331208e+00 -3.247512434578175178e+00 -1.413786738589932757e-01
1.815248906603251555e+00 -3.366117449312819310e-01 -3.793500125099820153e+00
-1.801780402405547932e+00 7.331622840484325332e-01 3.900425008252264014e+00
-3.383403446357926114e+00 -1.286141695186520773e+00 2.389724342578920524e+00
3.142637236049943272e+00 -4.077060704375235822e+00 -3.127693441332341617e+00
-4.278429655149253996e-01 2.698560318744382069e+00 7.178692474419131608e-01
2.574310774794954959e+00 3.699352325542720976e+00 -4.074325375493083712e+00
1.768729192436302000e+00 -1.395264086185075136e+00 -3.514282983913751046e+00
2.020034625905526404e+00 -1.173444034894943977e+00 1.784900718669069963e+00
7.257934213882322183e-01 -2.692540320196012971e+00 -6.090486830658320416e-01
1.396127417536139476e-02 -1.538117093484911324e+00 3.901580721330239143e+00
-2.015341652287832908e+00 -1.208663427460630047e+00 -2.833348158332718913e+00
-1.899156541960049793e+00 -3.327790154862916072e+00 3.313604360987234543e+00
-3.992430518916290527e+00 1.645632945411454440e+00 1.616965443865799656e+00
-4.878610289062520478e-01 -2.735464739218820718e+00 -7.251850825937817824e-01
-6.133922457100744463e-01 3.532053866254165619e+00 1.286699414822065846e+00
-3.140737825874101663e+00 -3.011119390584758637e+00 3.386464422647340822e+00
3.238172081229721555e-01 -3.274735905929093249e+00 9.949773356692606097e-01
1.241811161127182039e+00 3.588215582936961301e+00 -1.511474487278921197e+00
7.237027556768743652e-01 -2.812532954963223641e+00 1.746180007750139263e+00
3.904265951255693756e-01 6.002018871629739849e-02 3.961966910633418326e+00
2.837776438011873292e+00 -1.970969202467055092e+00 3.394778908861169509e+00
7.996646610895279117e-02 7.841441477288431383e-02 4.829064113148675563e-01
-3.854641964772963725e+00 4.648916039613031903e-01 3.330790084388972172e+00
-2.408072960199268697e-01 2.498880659148995598e+00 -2.300524657294678477e+00
7.967115109300669795e-01 -2.432653625208318182e+00 -2.312848914169407522e+00
3.358379698790435741e-01 3.298541670361151201e+00 -1.260134138141141058e+00
1.596648711254574859e+00 1.142115264370391792e+00 -1.359176595438946977e+00
-3.748796684542067492e+00 3.652270990705155373e+00 3.797257004195067065e+00
2.671216516408569386e-01 3.336129387465007756e+00 1.784356157815010668e+00
-3.909351251028568175e+00 -2.287949270874079843e+00 -1.723219431323192330e+00
1.184461138909790323e+00 1.276791459752333324e+00 3.871926569667867746e+00
-1.083491982065621695e+00 -1.304318187386618533e+00 -1.346546311822759412e+00
1.446926017799739173e+00 4.026883692683084881e+00 -3.244275428192601840e+00
3.189681216664979058e+00 1.310708280423817040e+00 1.174265056737125112e+00
-3.799057903770850952e+00 -4.364402890602637197e-01 -6.668036832221210242e-01
-8.228220545783362372e-01 -2.286221316045239593e+00 2.525217524766538268e+00
4.032292628782533583e+00 -3.511634662694691489e+00 8.220314153966863380e-01
-2.154272497647193862e+00 2.728517886714041829e+00 -3.265438564199001359e+00
1.437121090459135386e+00 -2.030351222236757014e-01 2.088889841399654834e+00
-2.814121251090781595e+00 -4.043396464032191773e+00 9.353554868153605151e-01
-7.959982236636293784e-01 -2.440745613011357840e+00 -2.949552355521505742e+00
2.269105465729163384e+00 2.945705027533250586e+00 9.946272836138565498e-01
9.007136858707500693e-01 -3.672632129430831061e+00 -5.003859794680848294e-03
2.942964704044680690e+00 3.263679486937463903e+00 -2.045757521640936272e+00
-3.854668173571353051e+00 -1.292708855848837990e+00 4.544716824543056921e-01
1.080140117881827899e-01 -3.453021151472340122e+00 3.232816951473896250e+00
-3.163029542199388366e+00 -1.911153703797732195e+00 3.568361446071556919e+00
-3.493846314792938390e+00 1.924637723863378724e+00 -1.241521240442836849e+00
2.406438417266706598e+00 -2.173364881571087981e+00 7.186054165357300683e-01
2.555914883770086021e+00 -2.237381883843741370e+00 2.203911087886632370e+00
1.227911971222149345e+00 -3.524910099312211109e+00 3.156166906591573618e+00
-3.418338784690386323e+00 -2.443966674343049039e+00 1.060188170516063316e-01
5.634425887699166802e-02 -3.140476786234208006e+00 -3.383641788530408756e-02
-1.545282252635210352e+00 -1.560352778145962072e+00 1.832159671114156119e+00
3.890674018286346847e+00 -1.032764006205358243e+00 -3.745442622094957041e+00
-3.929417250179649379e+00 -1.495822954410852113e+00 -5.182128047066832943e-01
9.346032167306504990e-01 1.552435449103919396e+00 -2.044214327931029640e+00
4.044775280125874062e+00 3.741267523804484796e+00 -3.381941065516787415e+00
-3.258461581771979088e+00 1.093270089050976335e+00 2.760913665353367019e+00
-3.636740470979598960e+00 -1.320185190835351463e+00 -2.982032029828894704e+00
-1.925958411896069977e+00 -7.489672694325496538e-01 2.382928707777683730e+00
3.145612270083153472e+00 3.213525954257494543e+00 8.801368578247046326e-01
-1.630436168528856644e+00 3.399726084922808589e+00 -2.441234615817262643e+00
3.310597088817343270e+00 2.543285267903184765e-01 2.655151988285508136e+00
-2.073823117736919297e+00 2.012106657636301144e+00 1.266118019439912867e+00
3.325979517634226390e+00 3.466279668155841431e+00 -6.252724078580501610e-01
1.316820389578391204e+00 1.666724213152135148e+00 9.910363955475244568e-02
2.170780274653062669e+00 3.900889510004480476e-01 2.536358808310040569e+00
-2.297083482957652301e+00 -2.348415976414391260e+00 3.229646101938203007e+00
-3.469300090376258972e+00 -4.003905493623875600e+00 -2.879094519739364255e+00
-3.247053585355593741e-01 -2.109797099152529221e+00 2.465191396435056637e-01
-7.806630998518296338e-02 1.409526850524885466e+00 9.428181640418806797e-01
2.726009988767044701e-01 -1.453303568779827248e+00 -3.370738873244835343e+00
1.901256983260945832e+00 -1.549532970127877496e+00 2.747297369981952286e+00
-3.988659826639739947e+00 3.553023228497324215e+00 9.638227042424941660e-01
4.055548088670608842e-02 3.475577460257489593e-01 -5.393631477869055280e-01
-9.793259946529118132e-01 -1.648748498178638222e+00 -3.604793884974512252e+00
-1.127446719184133972e+00 3.543996239003159410e+00 -1.179934223081408939e+00
-3.068408069575698338e+00 5.889083927896671122e-01 -2.500055615789990693e+00
-2.975912180934737084e+00 -3.916642998951906929e+00 3.532855404250968778e+00
-1.908988665683310604e+00 1.441401036014435810e-01 2.982930530206610698e+00
2.870403022960662742e+00 -3.595015455085315836e-01 -3.775993405335188680e+00
1.306511733032907019e+00 1.239731354225560356e+00 9.659153450837476562e-01
-1.404246953653807584e+00 2.436378839333032342e+00 -2.682305822202541545e+00
-2.623698901667366634e+00 2.620767136941652975e+00 4.039777199671655827e-01
-1.105399080143266488e+00 2.991854996186880555e+00 3.360518448467540331e+00
-1.601083914024270527e+00 1.380631077447285859e+00 -3.485781092440279227e+00
-3.566069390582876419e+00 4.047677472510710750e+00 1.061260120603699786e-01
-1.752979050468691291e+00 3.628138844595096835e+00 -1.754976686319140722e-01
4.048890077372212737e+00 1.850671694108127596e+00 -3.423883159699856460e+00
-2.510348042035332128e+00 -3.048073531125621738e+00 2.584690094966400231e+00
-2.426626228924227302e+00 -2.367926232854069557e+00 -2.575690979889624366e-01
2.575565112909430909e-02 4.108861730050416661e+00 -4.109119206912893674e+00
1.188049677891829803e-01 -2.517800604357085970e+00 3.745084898435040888e+00
-1.933466693198390596e+00 -1.685209088961975021e-01 -3.040220207388916407e+00
7.846351269386843130e-01 -1.721483905090981148e+00 -1.887994478830029577e-01
-2.986597285014706227e+00 -2.523871014561844373e+00 -2.013010644870099508e+00
2.411476000781423323e+00 1.830319197857060542e+00 -1.280888651625487595e+00
-9.295268257722278937e-01 -2.257540226364226132e+00 -1.506195697054931948e+00
3.745988835533006878e+00 3.139896621273223776e+00 1.744457291919921937e+00
1.646566498266899048e+00 -2.856341951437774362e+00 3.345724198625525947e-01
3.885309663470557506e+00 -3.196396051316895637e+00 1.802068975194401901e+00
3.543704091582720483e+00 4.101184690935422594e+00 1.398663057927695963e+00
-3.621547731647410728e+00 -1.783993110696086237e+00 -3.798410397196113841e+00
-9.061029050887319247e-01 -1.238512903984311908e+00 -1.638565783282259769e-01
1.457239886554905439e+00 1.918026422817765919e+00 2.637174787568910883e+00
9.203370970960702557e-01 -1.520020706367238628e+00 3.213867979108117279e+00
6.300305467546124527e-01 5.210965179852803386e-01 1.170963367043896808e+00
3.946132700174536545e+00 -6.182809875790694631e-01 2.763013093500192863e+00
2.274765227257343536e+00 3.709649044189637035e+00 -2.808744064443756905e+00
-1.193314190918234541e+00 -2.194779985159104996e+00 -3.570314053151237288e-01
-1.559066112581806163e+00 1.834312764670980478e+00 3.696350856999368606e+00
-2.170707618532693228e+00 -2.078948073494828741e-01 4.008778069863124571e+00
3.405151796298866884e+00 -1.635503463319994522e+00 9.162539290145809145e-01
7.738177888050178366e-01 3.043467341542394511e+00 2.638446667629774645e+00
-2.270142065447081858e+00 1.662791772600693330e+00 -9.148042117754060509e-01
-2.493870548478756888e+00 3.763689537018187092e+00 -3.306630871146071904e+00
4.035145022470422838e+00 6.797816972126792257e-01 1.619909482664767308e+00
3.903243203443379716e+00 -4.040132832146481889e-01 1.198735253549551016e+00
-2.622206930893446475e-01 -2.994973390866687790e+00 1.937455248809484054e+00
1.177553752360200878e+00 2.585620208610354687e-01 -2.168520824284917159e-01
6.275484605379335612e-01 3.732175334556373958e+00 3.330638542345286002e+00
2.142219797281915916e+00 -3.777834838720256272e+00 -3.857242020478023559e+00
-1.572322554853179843e+00 2.671814087076904709e+00 -1.336951160401861127e+00
1.764050723473901572e+00 2.931675442553959066e+00 -2.159997411104490617e+00
-2.900433212699592200e+00 2.752607891202763502e-01 3.165931844666031836e+00
2.408376697763484398e+00 -5.966717746765496377e-01 2.664604953523531439e+00
1.515543512240499435e+00 2.184409535571591565e+00 -3.025179182039647419e+00
1.664130930195895086e+00 -2.529655958193009369e+00 -7.686993176261499583e-01
-3.129549608480857170e+00 -1.396938232519962853e+00 -1.133322120514291376e+00
2.694189899265909127e-01 2.457541086336521907e+00 3.290554622561831177e+00
6.889263264296877631e-01 3.303831213308308090e+00 -3.960135364462049612e+00
1.155646494820949943e+00 -1.503363377862648065e+00 -2.635007141270971687e+00
-2.954920347167679484e+00 -2.360759772748881158e+00 -1.074551486777743925e+00
-4.012579319360866315e+00 -3.563479880338809469e+00 3.538689164792936381e+00
2.344825151104377725e-01 -2.528383973480026192e+00 2.640307439057159034e+00
1.679643093706074453e+00 -2.307114282637202862e+00 1.524115804788463535e+00
1.443276564853294142e+00 2.177940735103914172e+00 1.216320974321029258e+00
2.700575615516922490e+00 -2.234263957290638647e+00 -3.383535163615230879e+00
-3.193111774012349802e+00 -3.371529794203786068e+00 -1.122139122623555973e+00
3.200815941264996578e+00 -2.487893391115397979e+00 -1.562199306392894949e+00
3.704215318674416224e+00 -1.661344373296264942e+00 -2.221137237386762386e+00
3.553314431724187372e+00 -3.160106160639229333e+00 -8.255488002387667557e-01
3.040577325989624491e+00 -3.406243241852813242e+00 2.055390754112510265e+00
1.946869877477576782e+00 4.477255281279538535e-01 1.128613601261505783e+00
-9.184985344339484659e-01 2.404622621572525543e-01 -2.292434006352926379e-01
-2.417921660254174654e+00 -1.503800650301573505e+00 1.187350503802018231e+00
-1.963000786403860110e-01 3.863390555408353855e+00 2.723435792313322779e+00
2.374787432303131940e+00 2.649235108602243205e+00 3.928274891894101284e+00
2.228264430643142280e+00 -3.618810169176109870e+00 3.219397462687374922e+00
2.316618712011067505e+00 -3.082644571274067768e+00 -3.151432784199813320e+00
1.679730604242613223e+00 -2.070216350127141780e+00 -1.623267232465094745e+00
-1.345349110902125389e+00 1.121929220230648561e+00 2.074522123576960086e-01
-1.853808157303939552e+00 -2.041606527181524466e+00 4.325980198176824221e-01
-4.096451847949471037e-01 4.246392626020114580e-01 1.508699212707267368e+00
-2.848732671254791793e+00 2.422648045433594799e+00 1.784709513245360535e+00
-1.407715451685200292e-01 -4.835266350187844564e-01 -3.575657572040632726e+00
7.192126839318648823e-01 -2.541656297986569779e+00 4.125915229148331420e-01
3.880699844187001979e+00 -1.319331459257603534e+00 1.924249399335731248e+00
2.749017774268375236e-01 1.654878613264707088e+00 3.850395585340566473e+00
-6.976990855766967981e-01 -3.898328431258803572e+00 2.051691853481770078e+00
-3.554099799696579964e+00 3.737722594225748374e+00 1.935835381431990410e+00
-3.942137982183591127e-01 -1.736200582783282709e+00 -2.216534366244290233e+00
4.959353365556916637e-01 2.246635518083613725e+00 4.428128457746737801e-01
-1.411082235111520422e+00 3.660880215593615983e+00 -4.092463536759835208e+00
-4.098114042847170957e+00 -4.035308026520238123e+00 -8.532720713861758899e-01
-1.063080871618248713e+00 -1.976737362505113671e+00 1.019933992781581811e+00
8.865807719062536174e-01 -1.486999997892608727e+00 -1.239655835057225097e+00
3.728146389512611680e+00 -2.306087955352837504e+00 1.290342900366308332e-01
1.986017118652946278e+00 -8.719189188554277159e-01 6.639687674651021387e-01
8.707586120913742844e-01 5.338707544980149100e-01 -1.742084331931283092e+00
-2.247934069559492709e+00 -3.919203114940625898e+00 -2.218158411547148212e+00
2.763333176059689311e+00 1.020321953207744103e+00 2.091657100703682381e+00
-6.568662659154547168e-01 4.001400796045284647e-02 3.565467656845360711e+00
-2.022065849545043648e+00 2.741605551902387194e+00 3.559119710229123879e+00
-3.729364139300693104e+00 2.598234952528005515e+00 1.286253438563209839e+00
3.888167483301896876e+00 2.859404556655742002e+00 -2.580701741530296189e+00
4.435345042750540312e-01 -1.609441335513833726e-01 1.939752193775839961e+00
2.217484420216717211e+00 1.794923440831909467e+00 7.310515761789696532e-01
-2.160672945635274012e+00 3.622697011402862710e+00 -1.109129899393421104e+00
3.718124726597700658e+00 2.095944876077638908e-01 -3.470623488005428192e-01
-1.875269918784339795e+00 3.265773876590164271e+00 9.982139288408551359e-01
2.953047692355380338e+00 1.110598769034136124e+00 -2.983236628670959512e+00
-4.099765332353184633e+00 -3.311829415711773361e+00 -1.665155091824090716e+00
-2.996403768058122807e+00 3.119954644972990909e+00 -3.626558512619882380e-01
-2.682828797628562523e-01 1.296980246913934876e+00 2.769007963089195723e+00
-2.957904476807326599e+00 3.243642977277256811e+00 1.157639341568609259e+00
-1.722037108320304766e+00 2.877703464302464598e-01 1.994427963662071202e+00
2.997823457853031393e+00 -3.129038373374821269e+00 5.543300442342872225e-01
9.747407582480143162e-01 3.079487528394623030e+00 -2.830692029450745828e+00
2.356090128168560671e+00 2.021408824722967346e+00 1.785509000430004933e+00
-2.313824371699463978e+00 2.022399800700413586e+00 -3.888450372557125778e+00
3.205663280776818169e+00 1.335851828678471076e+00 -3.973327872981666786e+00
-4.043911722398382480e+00 2.771048508382354836e+00 3.521419730476955223e+00
2.386275280070050631e+00 4.118772586981718498e-02 -1.774407838827041006e+00
-3.886615669466372491e+00 -1.339166874062926560e+00 3.600368649552868394e+00
-1.938189205061362053e+00 -9.229727860776184567e-01 4.085746181233819718e-01
3.379572535762913610e+00 -2.995011993496909053e+00 -3.411037523208045652e+00
3.393463654389710538e+00 2.078858206681296839e+00 1.970596267184109074e+00
-8.843473239249651785e-01 -8.201648536758279207e-01 -2.880749155920382165e+00
-2.985400577472848926e+00 3.093295846442554176e+00 2.664755220861701801e+00
1.427441153364028992e+00 -3.325994913673289588e+00 2.119984028926367614e+00
1.516445217624554087e-01 1.158940646494815763e+00 -2.475128980379506238e+00
-3.416118488423096622e+00 -2.876277095363317937e-03 1.463773142778004077e+00
3.952210145554698961e+00 -1.806835060624706779e+00 2.823554065769555255e+00
-1.734419315310519627e+00 -8.881873314770974970e-01 3.394910663248308591e+00
1.479951220414487345e+00 3.884143502437965800e+00 3.849087103748050964e+00
-2.279648087252060584e+00 1.234674339827834366e+00 3.114770009495516412e+00
3.280297796062461746e+00 2.069422226367713336e+00 -2.867842978136650345e+00
1.793642154234536434e+00 1.134514275290822383e+00 1.908628648155693330e+00
-2.631267265790136811e+00 2.555882432032799301e+00 -1.171487901008844590e+00
1.351193790335790457e+00 2.332537660987937578e+00 -1.497853189861437340e+00
3.455946239038809598e+00 2.643314322115068560e+00 1.460523381830925171e-01
3.133362795343631824e+00 -2.539957561706940758e+00 1.434149283770115080e+00
-3.483094528320769268e+00 1.631374858891753377e+00 -2.789122753637506058e+00
-8.286186128388051131e-01 3.028152453533659028e+00 -2.948613034302483560e-01
-1.219608049310807463e+00 2.310461013812577402e+00 2.516324208430693155e+00
-4.785319965703615508e-01 -3.763835487315824846e+00 -1.568018805237277880e+00
-6.854782744113919746e-01 1.965846654978901320e+00 3.332046579674531550e+00
4.836491726561089055e-01 1.910171717977117378e+00 2.437731525471662053e+00
3.763756048509264929e+00 1.267171696127028735e+00 2.495278100589525039e+00
3.127277230258167062e+00 9.891782357990498431e-01 -2.103100434492579940e-01
3.276711623366987958e+00 -3.521823867572664302e+00 3.086304286121134943e+00
-3.132245255232349646e+00 2.075237457249191841e+00 3.404635282320629841e+00
-2.949232724438003661e+00 -1.539366486850654026e+00 6.958705990388877605e-03
-3.380014072093192379e+00 -1.923893823346435772e+00 1.071221458670555293e+00
-2.688432827660851565e+00 -2.663850329843248654e-01 5.965009810123171885e-01
-3.897464616439422880e+00 -2.545989522610230704e+00 -7.753229760781981117e-01
4.939171285188465044e-01 -3.625854974765154726e+00 -3.292808064782157373e+00
-8.236245835800068971e-01 3.900540421236072253e-01 2.557004068069608671e+00
-2.696047956001383028e+00 3.164195452032938505e-01 2.196852485541921141e+00
-9.524767241382783300e-01 -3.050652899946755259e+00 -2.057834455493162018e+00
-5.800338672356943753e-02 1.386666698216547422e+00 -1.498266766320822674e+00
-2.252496136930196791e+00 -1.577517253758579985e+00 4.028227673965877109e+00
-3.497766794401863777e+00 -3.444040532452430359e+00 2.133948789897960996e+00
-9.275580572466650686e-01 2.319239251921979772e+00 -3.920996934985066407e+00
-1.360502870552747101e+00 1.922941012787720672e+00 -5.474036927099220629e-01
1.738105778905503440e+00 -3.664738697713629367e+00 -2.264498620797574802e+00
-2.981333256109870877e+00 1.092792491498556506e+00 3.857609137491922358e+00
3.590716105609422559e+00 3.968335670814557403e+00 3.022362967362854369e-01
6.992543806974865772e-01 -4.027538152985879805e+00 2.449336871473659638e+00
2.180375427203951499e+00 9.264013372565760296e-01 9.964277470924987057e-02
-1.609989503925199239e+00 -8.798924060608527276e-01 -3.712730703975927415e+00
1.318314609189982889e+00 -3.098175304360578863e+00 -2.964214814450496949e+00
-1.893596535260566593e+00 1.169742776570677767e-01 1.195732339912605746e-01
1.226052641642400909e+00 -3.469616061964768683e+00 1.164724943541783464e+00
3.304708860248712021e+00 3.387812055275212786e-01 3.711255820885075440e+00
-2.221703292035481780e+00 2.056856103131931235e+00 2.415440268172072358e+00
-4.061219839912586060e+00 1.128214429207047065e+00 -1.616713362139386712e-01
1.763344009206881280e+00 3.146514306266017691e+00 -3.598282198587051006e+00
-3.359787526392717272e+00 -2.906584722743136950e+00 1.062337168715664193e+00
3.913452605116710892e+00 -9.668173389395222639e-01 -1.388945573171791237e+00
-3.127157884062135906e+00 2.247208438727229751e+00 -2.104956401259505672e+00
-9.101342777590235023e-02 1.923414338226307807e+00 -3.499876597786418131e+00
-2.914130593743512243e+00 1.334542583144866290e+00 1.825260287151838856e+00
1.045475494376294501e+00 -1.780545875464171424e+00 2.201000148250793487e+00
3.359604957257254387e+00 -3.872238301619538081e+00 -4.108848150999524940e+00
-4.004985261791241591e+00 -2.568538926844354808e+00 -2.780237460666352245e+00
-3.029915472094641959e+00 -3.750504442300889085e+00 -3.731061737618624807e+00
1.625138098550230614e-01 -2.354964947309890366e+00 -1.510029182714821117e+00
-2.064503940076559907e+00 9.259698725556864130e-01 -2.297721453961508953e+00
2.385254690930961097e+00 -5.683664673107335918e-02 3.532368611500861899e+00
9.768595414254475084e-01 -1.901407315989407154e+00 -4.064960946187897051e+00
-2.289178880800645022e+00 -2.962597455449249129e+00 7.599562945508762102e-01
-2.703602329763107548e+00 -2.640926247338076127e+00 -3.979777260210686229e+00
-1.825581874858217990e+00 -3.645094041227309178e-01 1.188516560070593586e+00
1.867353383056162830e+00 4.761359129993779082e-01 -2.567181849255004700e+00
1.845512628354900819e+00 -3.610520072732947394e+00 -4.500675199942686389e-01
-6.149610854625432443e-01 1.270821909018992724e+00 1.779920585314676895e+00
-1.398429901723949875e-01 3.004287408792053249e+00 3.905424901041748775e+00
-3.487942897704534140e+00 -1.447399794979093990e+00 -2.087637940827026917e+00
-2.982811580908464322e+00 -3.360001946529596939e+00 2.307554948292508679e-01
-1.573401623645299896e+00 1.210737714998207926e+00 1.721689210942458415e+00
-1.857422618238679490e+00 -3.605299190802309539e+00 -2.582590990339365261e-02
-3.796308171169628487e+00 6.378254420877407238e-01 -1.058810216017552541e+00
-2.534640572275199677e+00 9.699042824761295867e-01 3.412306801849899762e-01
1.052658758231560077e+00 4.452706093532177167e-01 -3.507807865757192722e+00
2.756815947772668363e+00 1.181041494603225939e+00 -1.930971420198698052e+00
-1.347231528658900057e+00 1.373117933052288020e+00 2.703410396618578737e+00
-1.553456629571664749e+00 2.329506505006563866e-01 -1.607941175949179957e+00
-3.216939871880243995e+00 1.342294159361208383e-01 -4.058194938892215831e+00
7.971613539631804413e-01 3.997327276787539407e+00 -2.370386196569253201e+00
-1.149217732510174450e+00 -4.456224707968470256e-01 1.823174497671219418e+00
3.769794610874853680e-01 9.079361507260329534e-01 2.061814694508137258e+00
3.633048206336689123e+00 -2.625631036429663112e+00 3.497799510351773389e+00
-7.150967922952209399e-01 6.863507696318453810e-01 -1.949816620350468099e+00
2.871071454567887482e+00 -1.623250742535849778e+00 -1.105465662204730276e-01
3.214295537880944131e+00 1.544110186589311706e-01 -2.713258536381187636e+00
-8.883926025801581750e-01 -2.086248562069138224e+00 3.657254238684426895e+00
-3.188894227913437796e+00 1.868050607190539836e+00 -2.402759134295109344e-01
-3.494558585318101596e+00 8.221646524951817803e-01 7.698788645992062918e-01
2.394169707409507186e+00 1.968477298764694572e+00 -3.689859223260962828e+00
8.740757633476727850e-01 2.339529076523984230e+00 -3.791919289052814168e+00
-1.264517227208497019e+00 -3.137148818894802904e+00 1.282048101812991669e+00
2.285786341157907131e+00 3.546482740378746445e+00 3.142796945781440421e+00
-3.574924410732104096e+00 2.001663862060042653e+00 2.437654350981042661e+00
-2.874986741453187999e+00 4.100499868694084782e+00 -5.763785282844688940e-01
-1.051281467169548761e-01 4.988788534808916708e-01 -3.329548620401830750e+00
-2.286760823584460312e+00 -3.209859067372979879e+00 -8.314406061886617794e-01
-2.977628592790707351e+00 3.023637729833184018e+00 3.958015136366280107e+00
-5.290124870921890654e-01 -6.908439761897615661e-01 -1.975246464867869145e+00
-3.682060920633268619e+00 2.623479473878186585e+00 3.312367469884343607e-01
-3.518379513964033367e-01 1.623723840793217743e+00 -2.284999809064588439e-01
3.247553894952173170e+00 2.562817379512322802e+00 3.288938543207103660e+00
-3.509428873167757867e+00 1.188338164480286840e+00 -1.881296838547272809e+00
3.057222557330326662e+00 -6.012128741797903020e-01 1.830134535457461853e+00
1.153239826167680393e+00 -1.667838228144275847e+00 8.240505934556996426e-01
2.817184278044491119e+00 -3.643612646794477605e+00 -3.179525667804375400e-01
3.806068012155567004e+00 -2.090009399291184802e-02 -3.596754297774781506e+00
-2.520838015204392324e+00 3.222453147502525983e+00 -1.896088172225577129e+00
1.124190028037203248e+00 3.826803323500346021e+00 1.598140727562561203e+00
3.599468297325111976e+00 3.343076862525793391e+00 4.069905314163275278e+00
-1.704785585246948454e+00 -3.817507278433595608e-01 -7.764081831884943607e-01
1.072948215887592260e+00 -2.545249949908412024e+00 3.248795655013460681e+00
-9.477794971124580137e-01 1.909319402120612574e+00 -1.874540607768622857e+00
3.649336829683103467e+00 -2.055754978355639029e+00 -3.855960732497529797e+00
4.010117595213542607e+00 3.895491237847686916e-01 -1.884014050796794404e+00
2.264547394729594654e+00 -2.957938126927322386e+00 -1.825079971922388467e+00
2.271596389629037205e+00 -3.879847539762045106e+00 2.260196066399845716e+00
3.049615900885184416e+00 -6.227402661655142557e-01 5.049812123472589009e-01
-2.990617224438449018e+00 -2.888294796565842759e+00 -2.948190577137436374e+00
2.552135136760992351e-01 -3.212689208487835568e-01 -2.603328003260871437e+00
-1.906335608795704406e+00 -2.214173723483490619e+00 -1.251704106181410925e+00
-5.638322260988243295e-01 -4.933200581337913726e-01 -9.512960130059521235e-01
-9.099054777375764624e-01 -3.263766985464944703e+00 2.956646041577707607e+00
1.907012355538792781e+00 1.645302198925843173e+00 -2.319531278230353433e+00
-1.322567915246797732e+00 -4.070639186824667632e+00 7.769147463204391091e-01
-1.704351752061270764e+00 2.670113758183697783e+00 1.255421682790951732e-01
2.183890300534573559e+00 -4.055895579609474666e+00 1.148408753543190164e+00
-1.074130114591225205e+00 1.034298747282541148e-01 7.049886937276279575e-01
2.761476668643905619e+00 -3.019507809932288733e+00 3.855900309843220075e+00
4.046635881375983956e+00 2.134754203845853127e+00 -4.355367679422506577e-01
-2.014545026758268520e+00 -3.699761085655671078e+00 -4.007167153896102008e+00
-1.523984275632478846e+00 -3.683208776369066850e+00 -1.381055867950717664e+00
1.358766685439362076e+00 3.339313956279023721e+00 -2.984062564284414298e-01
1.846418787319679344e+00 2.807938479206090854e+00 2.757733153398576498e+00
-3.694103613026967214e-01 -3.243779896236552496e+00 -3.892982472256282023e+00
-1.880755596444523059e+00 -1.464679556323969178e+00 -4.152921074465800166e-01
-2.521244028584679331e-01 2.850617473967588023e+00 -3.212054477777167794e+00
-3.893321285839643320e+00 3.041269925851502798e+00 -9.313593504229551456e-01
1.609081412929360688e+00 -2.404637425567001774e+00 -3.599763933836724217e+00
-3.310377214600259244e+00 3.296287616309278246e+00 -2.537470157037221341e+00
2.919794644434286823e+00 -1.432661606386528952e+00 -3.848306943281256221e+00
-3.219021531774066691e+00 -3.410034675341756305e+00 -2.164392388564063019e+00
-1.785603217738591431e+00 -3.914092785531537722e+00 1.566051775934026224e+00
-2.716173096817978472e+00 -1.868866972962882400e+00 -3.227863501598555729e+00
-4.801401904544745358e-01 -2.705336024491078906e+00 1.046384749139329884e+00
-4.050337363237136223e+00 -3.529156886011937999e+00 -3.592569869254525816e+00
-4.646440402314015450e-01 -3.725918573612358564e+00 -2.828267895760247619e+00
3.229775622938271251e+00 3.679894052584135267e+00 3.230062215290022021e+00
2.342455825820268345e+00 3.411073600281064433e+00 2.010733116956465061e+00
4.091718307628057438e+00 9.556270226520952038e-01 -3.995843318737854588e+00
