8.220706914434900980e+00   8.220706914434900980e+00   8.220706914434900980e+00
500
3.797638932138833745e+00 1.480024909257589227e+00 -1.231002871451539527e+00
-2.068000699494196848e+00 1.817957001158414743e+00 2.154112851474590529e-01
-1.625887912203176855e+00 -2.817377193753931142e+00 2.346375071978923366e+00
-2.465513453621615003e-01 -8.894224814041319371e-01 2.244361140589923753e+00
-1.622320150154205720e+00 -3.429652243146238622e+00 -2.910818325477610102e+00
3.584494224561183717e+00 -1.924037181161094789e+00 -9.472007345243547149e-01
3.882946659047493476e+00 3.578405398571071316e+00 -1.662180450278494925e+00
6.541386021022974617e-01 -3.251325996566338361e+00 4.022133111072084155e+00
3.441273461493372210e+00 2.354286153967336315e+00 -4.059307900207344666e+00
3.942769440085307053e+00 1.674293502945678691e+00 3.508901047790678795e+00
-5.027793785030755247e-01 2.261163723259526748e+00 -9.992532435542567093e-01
2.447632068215228607e+00 2.169563940646148659e+00 2.944744256979014985e+00
-1.511041817166847712e-01 -1.918352306659037332e+00 -7.712656116724867505e-01
1.541778561727392471e+00 2.639167236882773437e+00 2.958139147610056030e-01
-3.308043138167565456e+00 1.952047819776804527e+00 -3.896152634509702395e+00
-9.958791892064614570e-01 -3.833161751269001716e+00 -5.036645470703609018e-01
4.054270219797349584e-01 2.064580473678232053e+00 1.522489802260053704e+00
-3.914587061334750651e+00 -2.279204332016152801e+00 1.967234337673637423e+00
3.272560034393963146e+00 -9.527327263142165714e-01 -2.977782678200352251e+00
-2.624211224679307897e+00 -3.330758654411742015e+00 1.639137067018823446e+00
2.351152581053289836e+00 2.906736610787466368e+00 -1.026010239627816789e+00
-3.567630034207682321e+00 -9.595779591450896984e-01 1.383662118616040271e+00
3.434501004018346570e-01 2.248285045317399256e+00 -1.422069577204676749e+00
-4.094443694578608017e+00 2.850646229314015567e+00 2.524564272642152218e+00
3.047096695495667529e+00 2.840599143409348937e+00 2.371896231440403735e+00
-1.749453243912394873e+00 -2.603422083661630193e+00 -3.930093686797757169e+00
3.642805427870997370e+00 1.363085243364851706e+00 -2.276219282628365814e+00
2.341669266381649628e+00 9.225896081098691193e-01 4.022071110277551043e+00
-1.926576846598418769e+00 7.193747827324806776e-01 -7.553708907879151946e-01
4.342795384675458559e-01 -2.496449966794338948e+00 -3.313811993039376791e+00
-2.508364522361134163e+00 -1.622233688960871723e+00 -2.172177168726396879e+00
3.878524104400199235e+00 1.778766550371655875e+00 5.200701966138712162e-01
3.026632187307203736e+00 5.117082368894728672e-01 -1.203498758568480209e+00
-2.021723116394973374e+00 1.952007474230948558e+00 -1.971840477695952387e+00
3.317561231554458701e+00 -9.838494828503925316e-01 3.399741079314887227e+00
-3.101078159740758178e+00 -8.767956408930654977e-01 -3.920809903090202830e+00
-5.245774988715377063e-01 1.086857207257939661e+00 4.102322560316339128e+00
-3.051061274628469100e+00 4.044504772802182679e-01 -3.498677638795982814e-01
-3.415156781981673717e+00 -4.202434891726186117e-01 -1.617986357400952535e+00
-1.146792636499661899e+00 7.237698535526315702e-01 -3.068962786118505814e+00
-7.053656357058546433e-01 1.563765735952022506e+00 -2.882228430057077961e+00
-3.291647715672155527e+00 -2.319046628929930520e+00 2.653069418814621994e+00
-3.796268495907339613e+00 -2.682411581911910980e-01 -2.754134627429415172e+00
-3.696532686644239618e+00 -2.579890830541093916e-01 3.854518885333905187e-01
1.782199472224432313e+00 -8.908605090591433795e-01 -6.445037491951844943e-01
3.133425534970796456e+00 3.171296185917952037e+00 -3.372757638315071471e+00
3.086167741016272448e+00 -1.510257859440657269e+00 2.611294354933657136e+00
-2.851886316913374575e+00 -2.299261834234399338e+00 1.795526736450241856e+00
-3.933336406461859891e+00 2.755935381130143913e+00 -3.727205981818063840e+00
8.679734822828744090e-01 -7.043519616546990436e-01 4.061035009725172173e+00
-1.594678513803685638e+00 -1.740692285241037363e+00 2.874522256265730658e+00
-2.687574374794106102e+00 -6.602487603803431915e-01 -3.501456466785571875e-01
2.454777892240752823e+00 2.241705644227971028e+00 -1.708213127517082819e-01
1.907465736174108750e+00 -2.020573250865830950e+00 3.685479003409942056e+00
-2.386265117229752875e+00 -5.571407589776851410e-02 -2.090854394717237330e+00
-2.077055140120354970e+00 -2.963208211659613678e+00 -1.685337097033942522e+00
1.139249742059467163e+00 -4.629993371190744278e-01 3.089277270849658308e+00
-3.145177260227049132e+00 1.712099609840970871e+00 7.890768811596428067e-01
1.074666596533806029e+00 -3.527828637875838336e-01 8.909101243110750801e-01
-1.071323270198178079e+00 3.230512463039193261e+00 -3.329771352107086635e+00
-1.351679365073049421e+00 2.856331721413079894e+00 1.677887393664066806e+00
-7.417023989699275122e-01 -9.793832760410692284e-01 3.789485937316567465e+00
-3.459954437067490618e-01 2.904657572535417565e+00 2.469839048039108143e+00
-2.604713548270332524e+00 -4.086381047620107232e+00 2.515430581377202213e+00
1.490831335947258918e+00 3.705116725004859557e+00 2.454586773020113633e+00
-2.792726100338105422e+00 1.796620569937273371e-01 -1.221084670881918521e+00
2.866437051682385606e-01 3.637664880518811650e+00 -3.189842377782617255e+00
-3.621125344103244270e+00 -4.060633228549213491e+00 2.882784446679452994e+00
2.387228457937055293e+00 2.705565721640621035e+00 -2.885583184809146218e+00
2.971242357757040153e+00 1.198501158639332376e+00 3.170520641309493737e+00
-4.043191877840311421e-01 -3.922270557805620506e+00 4.651111161638145641e-01
-9.587281856109917122e-01 8.961854558192552389e-01 -9.501911095907075167e-01
6.105466887257041675e-01 -6.145315055073210520e-01 -1.268522723551224751e-01
3.086191710226394047e+00 2.963701686512117961e-01 1.310345898042361235e+00
5.847344645784421924e-02 3.977390419389864817e+00 -4.866004547028731642e-01
1.810740489226761119e+00 -2.706938782753686379e+00 2.757946429756718221e+00
-2.508343659293208461e-01 -4.548080876534443262e-01 1.311614999274337334e+00
3.198487602023494691e+00 -2.386430179426067166e+00 -2.576499838268773157e+00
3.642207683540406915e+00 4.011315692518675924e+00 2.463506087497965957e+00
3.326472325109732786e+00 2.460247054950811751e+00 -9.686258290952507455e-01
5.364768732537286144e-01 9.504891854225799852e-01 1.286965226665611750e-01
-2.386960987031441495e-01 3.581395583748665068e+00 -2.121992168855836969e+00
1.740251863113577990e-01 1.461543561793815504e-01 2.859140355746251583e+00
-2.140240527170097273e+00 3.753159975000908588e+00 3.386392189330572844e+00
7.115302446947932014e-01 1.322984768476915818e+00 -3.459081541388661307e+00
1.082673381442432081e+00 -5.515363337670673438e-01 -3.136824655081544844e+00
1.698898456231040299e+00 -1.719681751629408506e+00 -3.563142032730474973e-02
3.124391990002211017e+00 2.290604961831539388e+00 -1.949954832929289950e+00
-1.842147378063442531e+00 -2.399549048028928322e+00 1.430376025158393238e+00
1.781870508371370398e+00 1.172894410589168546e+00 -3.438654475321293091e+00
-4.033649289805517846e+00 6.981715346940451372e-01 -2.995219501643151983e+00
-8.636477355663226829e-01 -1.022563509568639839e+00 8.092023631434641651e-01
1.538344956292361898e+00 -3.101536466108119061e+00 3.861231280838173241e+00
6.568907257071067152e-01 1.572485366239028348e+00 -6.727808607432230747e-01
5.471683918322233220e-01 -1.135398416090254159e+00 1.299587513677366246e+00
-9.682410005858890223e-01 2.076715618523517382e+00 1.256288421678076306e+00
-3.443260636074900294e+00 3.893269782739815277e+00 -1.471241825749725507e+00
1.695378389199195590e+00 5.637662906766869458e-02 -1.220894691734956128e+00
3.414894609422247651e+00 -2.591042968050081718e+00 2.480422701341368441e+00
2.224171227523124905e+00 4.010526295296744870e+00 -1.636036643396060031e+00
-7.692141634379703330e-01 -4.068956707741459233e+00 3.548058890807098020e+00
2.321066842965460619e+00 3.751494552535737714e+00 -5.659881349267562589e-01
-1.486028545533787604e+00 -5.775445215323431469e-01 -2.014756901665471389e+00
-9.523845969106454756e-01 -3.061222818890578345e+00 2.307011728456148103e-01
1.615705345690261474e+00 1.989211910306279307e+00 -6.882830868660736456e-01
1.899948444912623879e-01 -3.744293394331678737e+00 1.703612498666989383e+00
3.830615999426669194e-01 -3.709728163206300056e-01 -1.382634932247442494e+00
3.826040464925554385e+00 -3.954686570098508547e+00 -2.354513637677974280e+00
-2.543937675834753165e+00 1.647422185528093941e+00 -2.822139915195999382e+00
3.168528779984958632e+00 -3.822851912082984693e+00 -1.655630825492873548e+00
3.310479196858965301e-01 -3.935637011632256321e+00 -1.501413280074479273e+00
2.298916988054896304e+00 -1.085171354915139164e+00 3.556280371054792333e+00
-1.507268146500742256e+00 -1.803161104110338808e+00 -2.309661695635684353e+00
1.957721370121727089e+00 1.293013994538638745e+00 3.155608206246732106e+00
-2.093230461559458799e+00 5.853303217827148242e-01 1.051902106208619569e+00
2.009996786304652616e+00 -2.344561528541662554e+00 -2.596956207532622241e+00
2.725120656128454222e+00 -2.643642582531337215e+00 -4.284306823021052923e-01
2.250989718250135940e+00 1.277772895984482203e-02 -2.287259590824301803e-02
-3.179547248067629894e+00 2.567443634981851908e+00 -3.124396372194654159e+00
-2.278917377486114226e+00 -9.979804475650045914e-01 -1.343378735052449979e+00
-2.711706921052680741e+00 -6.920736805579652540e-01 1.640481326643251636e+00
-2.162026211668797160e+00 -2.538184577497956784e+00 -2.730924212346188984e+00
-5.577760487498832909e-01 -1.645733590003173097e+00 1.709570848324966086e+00
-2.881561884014100183e+00 -7.324837831848056702e-01 -2.475701885007723035e+00
4.008007613242677181e+00 -3.806830970936745384e-01 3.789229114504406581e+00
1.882558237236609644e+00 -9.740073418450093667e-01 -1.766555687042687062e+00
-2.044844379394525902e+00 3.489072560570389392e+00 2.096786469495490302e+00
3.186019669685575817e-01 2.571319390946438244e+00 -4.436559495303181722e-01
1.556746732878955486e+00 2.394377244580432329e+00 3.656762146595884833e+00
1.037568788561404887e+00 8.143597043838801675e-01 2.811417288836634665e+00
-9.739511896794142420e-02 -1.663374680346640266e+00 2.825477254665429427e+00
2.891050136190965070e+00 -6.797257161196721409e-01 -2.052013473097391572e+00
-1.029408139867401317e+00 -5.192258327143576407e-02 -3.781990028395190162e+00
-2.823471260218304746e+00 -9.929909670090136808e-01 3.297990947579749754e+00
-2.234926882936363324e+00 7.581509197268861966e-01 -3.235420624455989991e+00
4.118005986091770598e-01 3.918748633038126705e+00 7.757107951821409220e-01
5.974837534930845795e-01 2.213779125631238465e+00 -2.770803447849353951e+00
1.601142075112944874e-01 9.399617917579673465e-01 3.466443639076730143e+00
2.068068039279242321e+00 -6.019478029373218630e-01 -2.758143785507366275e+00
1.470728910189997407e+00 2.547863562106342239e-01 3.687681344394459604e+00
-3.816732611978804091e+00 -2.670861519340596235e+00 4.081160419017569652e+00
2.671021911566119900e-01 -2.081402952337350509e+00 1.374123328220009821e+00
1.856753677651701295e-01 -8.206877434276400596e-01 3.250277594278467408e+00
2.678319747660681927e+00 -1.689835509265538160e+00 -2.042563752395920584e+00
1.559626614832367419e+00 2.890923418399052203e+00 1.669499347857913429e+00
1.245074600191419245e+00 -2.741922805858519885e-01 -2.142422993100681072e+00
-1.199693312067595441e+00 3.706583442481525825e+00 2.472207288593768482e+00
-4.010017327018313260e+00 -3.255077918875644905e+00 -1.013455453300661224e-01
1.775927666352995926e+00 -2.871471450433491501e-01 -3.778633318061402679e+00
-1.932090247049047527e+00 7.674964781605638775e-01 3.956852502822018280e+00
-3.503450623127084551e+00 -1.256785483463405351e+00 2.403411726111218893e+00
3.150641291170601210e+00 -3.982993707937861227e+00 -3.081948052619464917e+00
-4.263699494189573391e-01 2.571563006057228762e+00 4.879279519099704032e-01
2.608561137788488082e+00 3.752750708621420017e+00 -4.096158414512551360e+00
1.758557684909724417e+00 -1.346427460144459243e+00 -3.479335262354988689e+00
2.056714221808604304e+00 -1.107023036951922945e+00 1.750192628513868476e+00
7.063609637281131892e-01 -2.603499853381686879e+00 -6.324143528555898897e-01
1.493746006399122583e-01 -1.564480276091977151e+00 3.869984853409656367e+00
-2.029971629822976631e+00 -1.072955416754328484e+00 -2.869062547140473374e+00
-1.915130006329716750e+00 -3.469737304416739221e+00 3.334700170550461529e+00
-3.987637261116339982e+00 1.628663218447766736e+00 1.506472017238142502e+00
-4.980040791015932222e-01 -2.913788714505995969e+00 -8.615055171550380919e-01
-6.133922457100744463e-01 3.532053866254165619e+00 1.286699414822065846e+00
-3.140737825874101663e+00 -3.011119390584758637e+00 3.386464422647340822e+00
3.816577799694950701e-01 -3.210362165387696809e+00 9.550150114366866561e-01
1.244619061924079562e+00 3.560735950370541580e+00 -1.484448865732033829e+00
7.252084197840924507e-01 -2.782791322056105798e+00 1.818916469504542777e+00
3.407072044544747214e-01 1.171363444904823803e-01 3.887765351326093022e+00
2.902581289454396529e+00 -2.051907314031133467e+00 3.431459443052180092e+00
2.005145175383968303e-01 8.846485643786007602e-02 4.967448566409597976e-01
-3.946276218194962215e+00 5.383524994188992885e-01 3.293806341465467025e+00
-2.089981407670223890e-01 2.528498251962139509e+00 -2.279633778725756788e+00
7.740743639179477054e-01 -2.405680273738779906e+00 -2.377600521337928985e+00
3.512949124592350536e-01 3.327628979036166168e+00 -1.173571883087579648e+00
1.507011205391588948e+00 1.127658751308308061e+00 -1.265577573567890246e+00
-3.764289323958631694e+00 3.714563115660160619e+00 3.813987754231045191e+00
2.671216516408569386e-01 3.336129387465007756e+00 1.784356157815010668e+00
-3.909351251028568175e+00 -2.287949270874079843e+00 -1.723219431323192330e+00
1.171139260179498764e+00 1.211783084160489521e+00 3.858003808455181982e+00
-1.127096687850935641e+00 -1.290650680670605288e+00 -1.326083165933803487e+00
1.446926017799739173e+00 4.026883692683084881e+00 -3.244275428192601840e+00
3.122367269922376565e+00 1.365900046933817169e+00 1.164056288861976762e+00
-3.693257424680138179e+00 -4.612911736900272563e-01 -6.846128226539121009e-01
-7.886892020719168395e-01 -2.299234292984249972e+00 2.503566924109272840e+00
-4.094491226421202335e+00 -3.556834722425083584e+00 9.164817536359758376e-01
-2.222472748748603788e+00 2.664940247264024009e+00 -3.258762809896721180e+00
1.475203571807581993e+00 -1.752647730724439801e-01 2.115484947714112884e+00
-2.845420984827956801e+00 -4.063230844867826264e+00 1.050364359481794407e+00
-9.287184041406730817e-01 -2.406975743176833493e+00 -2.924004017397770383e+00
2.321223663270671977e+00 2.840850030849710439e+00 8.849063960896553782e-01
9.283287747507885657e-01 -3.871170097387552911e+00 -3.068877121020341381e-02
2.825413884737223214e+00 3.269048723032769832e+00 -2.198335821888688812e+00
-3.693365470490519886e+00 -1.226197336277965233e+00 3.692856945720794370e-01
7.033534771739238800e-02 -3.395604381265861171e+00 3.183577586022403150e+00
-3.210237370305491389e+00 -1.920835772998819246e+00 3.565612142866707579e+00
-3.378853128462276256e+00 1.974622146079075824e+00 -1.176806791968178612e+00
2.404656198856701010e+00 -2.161859583925334505e+00 5.677157906897153383e-01
2.505553494661449943e+00 -2.282133052653116945e+00 2.272703788320295182e+00
1.267242945602874427e+00 -3.510863764325366176e+00 3.069457744463429449e+00
-3.342653457145391194e+00 -2.470952148959395078e+00 1.405480525447922180e-01
5.634425887699166802e-02 -3.140476786234208006e+00 -3.383641788530408756e-02
-1.598845087694446443e+00 -1.622033968551279237e+00 1.928927725003703131e+00
3.951429186915446312e+00 -1.101146391889435305e+00 -3.630715418537431294e+00
-3.844188351577356944e+00 -1.453022904189161135e+00 -5.327637606752662069e-01
8.945949027286405064e-01 1.637657326591792861e+00 -2.027827637281388817e+00
3.957446510543713547e+00 3.712740025617508710e+00 -3.371990774174489225e+00
-3.330240255476015765e+00 1.061037482912523755e+00 2.660794277174501676e+00
-3.497594284751116334e+00 -1.236745381609997585e+00 -2.978266951438721666e+00
-1.945440798315023700e+00 -7.070962527505831874e-01 2.360750361629115002e+00
3.150305229996841483e+00 3.257804216978693823e+00 9.492601390778512283e-01
-1.750140372823699275e+00 3.287518386049269825e+00 -2.393483116430507263e+00
3.255368298680864747e+00 2.568872844300029712e-01 2.660248489222638568e+00
-2.169581810863649984e+00 1.932178029650019280e+00 1.160155619866374277e+00
3.229225972548516843e+00 3.500068135129799973e+00 -5.073472549874139537e-01
1.250136770605923209e+00 1.684037687504739145e+00 1.452369525100854208e-01
2.229108986530833558e+00 4.207117967007142356e-01 2.556348652221665851e+00
-2.348816146408752470e+00 -2.210299647892960628e+00 3.291037587162497502e+00
-3.552198999357793596e+00 -4.065294641828292477e+00 -2.891456797240935295e+00
-3.987677453829395202e-01 -2.150598852872566802e+00 2.681228530316768222e-01
-4.652206221323958169e-02 1.348049926000501664e+00 8.623333641879560307e-01
1.707544698416303686e-01 -1.519566473355399960e+00 -3.352272450501963874e+00
1.901256983260945832e+00 -1.549532970127877496e+00 2.747297369981952286e+00
-3.895363469292679071e+00 3.545401599027437456e+00 9.290796444472576576e-01
3.695099111620747667e-02 3.459768447235479494e-01 -4.795981752759034267e-01
-1.096828974436539150e+00 -1.675854547145030127e+00 -3.578733620480704314e+00
-1.142296580854677668e+00 3.548065453502682320e+00 -1.223922746080034152e+00
-3.020828587827387501e+00 6.890062691202286649e-01 -2.516508383431476759e+00
-2.939831229473943264e+00 -3.968583555153606390e+00 3.600701635558580360e+00
-1.841658682831869065e+00 6.881122841176508242e-02 3.058159857010338101e+00
2.834550470735559546e+00 -3.972148958057652446e-01 -3.750324275889587611e+00
1.253637392744208823e+00 1.221234964290846436e+00 9.834687408370165196e-01
-1.240604254376509452e+00 2.370640374628230074e+00 -2.802672615096588604e+00
-2.658274541786960210e+00 2.608244281210785331e+00 4.865637280011861354e-01
-1.073150342746981956e+00 3.082569802664246073e+00 3.271862679867900692e+00
-1.597154382849002685e+00 1.502859205815174626e+00 -3.485200676557152377e+00
-3.529079445535313830e+00 -4.056973906204044411e+00 2.304513520961390394e-01
-1.685723106271072691e+00 3.719043622924240733e+00 -2.490987951164014280e-01
4.009573718754764649e+00 1.816209909128643218e+00 -3.531713068698278057e+00
-2.578471851248604008e+00 -3.054253905579027428e+00 2.550903475629442863e+00
-2.361775329867795481e+00 -2.429732459633140440e+00 -1.576343132108190548e-01
1.184775684075663471e-01 4.109764069729120450e+00 3.986796653345380026e+00
-1.898003277469683531e-02 -2.579606459080038938e+00 3.901951390840357803e+00
-1.901047973712274741e+00 -1.400352340906304838e-01 -3.040715876214943769e+00
5.528823587923547000e-01 -1.742481015881127693e+00 -1.535501036159992172e-01
-2.906797903567384989e+00 -2.461978203285145828e+00 -2.042812468403690573e+00
2.327212161019232450e+00 1.850575949279420707e+00 -1.397043319808458861e+00
-1.011897205409684197e+00 -2.311946335432026434e+00 -1.408463197763803576e+00
3.758507732473846286e+00 3.118914890364579584e+00 1.730482870096792247e+00
1.604835689583853808e+00 -2.951158811476403798e+00 2.178359717158603048e-01
3.919114404471163660e+00 -3.151726110317316643e+00 1.734569992996462418e+00
3.562543219353549340e+00 4.081569173760176916e+00 1.429362245016302602e+00
-3.573089407582244359e+00 -1.850975308269884545e+00 -3.758985354839639470e+00
-8.783358566019646707e-01 -1.305189044883093841e+00 -1.794586216185639349e-01
1.477621973435376379e+00 1.848734175062781704e+00 2.531381493310112862e+00
8.887499215654770524e-01 -1.498403505543950853e+00 3.190449096883967162e+00
6.732102602605474218e-01 4.776310142607024245e-01 1.253010792999946776e+00
3.968473922444717417e+00 -6.085015429355146166e-01 2.713234700637490171e+00
2.338931887272765575e+00 3.817702692850836854e+00 -2.849616469067761226e+00
-1.165009531090064776e+00 -2.263418159096952653e+00 -3.665721334017030264e-01
-1.491983863591142434e+00 1.577004692871465608e+00 3.638124681925155812e+00
-2.387393562171835626e+00 -1.318657850762167127e-01 -4.034612969963097484e+00
3.669035588655501723e+00 -1.685584287896038758e+00 9.138407488738025108e-01
7.896475905978556087e-01 2.977966670677384187e+00 2.697321069622875989e+00
-2.194049180146961486e+00 1.663072661122458218e+00 -9.073505499040354083e-01
-2.553144141646015886e+00 3.657834757985231722e+00 -3.308535795636326604e+00
-4.090690217835124542e+00 5.963883635753123302e-01 1.555414526085489468e+00
3.823403922425846257e+00 -3.436413340607146760e-01 1.229103679318893416e+00
-3.552170085075609940e-01 -2.991652073929378819e+00 1.975456714249029799e+00
1.272669063622437813e+00 2.629196561376462848e-01 -5.601944841950881604e-02
7.572462440184200005e-01 3.702444386134748910e+00 3.316494671670028538e+00
2.085373955904391785e+00 -3.713698067494425992e+00 -3.833904810302669386e+00
-1.509712839095993520e+00 2.655273536405938550e+00 -1.436886121181639497e+00
1.801024406763370944e+00 2.850074703676401366e+00 -2.110594709778888856e+00
-2.859122072948065529e+00 2.929082179957017695e-01 3.170698989352582764e+00
2.427928024332472567e+00 -6.312016404729978714e-01 2.714529287982534456e+00
1.533179535578154562e+00 2.279424835196718568e+00 -3.106936903175164577e+00
1.727283044293401959e+00 -2.712703982073678244e+00 -8.936108875033931254e-01
-3.104581797456862802e+00 -1.365158484825929275e+00 -1.118275557467965697e+00
1.519813408649966224e-01 2.497931127817845098e+00 3.205590331286199302e+00
7.230381558769451988e-01 3.314552143935551864e+00 -3.980687697495025379e+00
1.170043454212549294e+00 -1.513491442363148476e+00 -2.728811492589053422e+00
-2.981823917218860309e+00 -2.334705906184469271e+00 -1.059027719404770140e+00
-4.048599950746933906e+00 -3.491275419924523060e+00 3.544727201212760637e+00
2.284535368549099055e-01 -2.581188562405450693e+00 2.685297306104386994e+00
1.602613903606401990e+00 -2.369220560041355839e+00 1.411579102086706339e+00
1.480158923555149553e+00 2.144194103855940003e+00 1.164209263742526979e+00
2.648989816233867867e+00 -2.235286740668495309e+00 -3.461714206171712327e+00
-3.137948742415001213e+00 -3.339471763637071433e+00 -1.228136872341682784e+00
3.157047076678596742e+00 -2.532259579241754377e+00 -1.581121999632310260e+00
3.674645708468067262e+00 -1.665544495395773872e+00 -2.281292019648893721e+00
3.537444627950917297e+00 -3.150788815434804935e+00 -8.358562573824123154e-01
3.002890744584175042e+00 -3.467065183597238587e+00 1.997782082578432705e+00
1.888144124558442938e+00 3.428685834768659402e-01 1.104452282090998771e+00
-9.638282696269743210e-01 1.974182885866726245e-01 -1.856225071150178207e-01
-2.426114466112875956e+00 -1.603212341021201581e+00 1.236176084013573373e+00
-7.952199456235628516e-02 3.831585152057556787e+00 2.860099352913767490e+00
2.486028375999614681e+00 2.763279428622468004e+00 3.976652303230708618e+00
2.217771896511039120e+00 -3.467247696928892342e+00 3.259114157197041006e+00
2.385665344087902096e+00 -3.168614676529384333e+00 -3.010669424675808781e+00
1.568924463134736103e+00 -2.058273609544446270e+00 -1.727077825865579230e+00
-9.807696631563883605e-01 1.220766886159656561e+00 6.035169453318730559e-01
-1.747501861609163543e+00 -1.979954210525021630e+00 3.359893708448080107e-01
-4.356442802916866142e-01 4.433328980947371933e-01 1.374335132843480300e+00
-2.933380284419227380e+00 2.306314976110066528e+00 1.665283567081618621e+00
-4.198577600465616677e-02 -4.996027652866293911e-01 -3.497474087399135456e+00
7.623047759376859744e-01 -2.550623479798333815e+00 4.675399777089909170e-01
3.820709934010665609e+00 -1.406802760000809061e+00 1.930037170832266336e+00
2.547663262442548815e-01 1.796108218130290313e+00 3.905971915947145323e+00
-6.319728933234554091e-01 -3.898072446766106314e+00 2.051405439609078840e+00
-3.474662606100396456e+00 3.858441685481524885e+00 1.968697464315187773e+00
-1.939491568802060584e-01 -1.610187336667346480e+00 -2.320337001867330162e+00
4.645062774771002156e-01 2.120252560110440498e+00 3.807145360299502013e-01
-1.472366266684083991e+00 3.623727199521501685e+00 -4.072103237774820528e+00
4.040376416547226235e+00 -4.100202011487713349e+00 -7.050877719003237898e-01
-1.086692189960705379e+00 -2.055101293837896748e+00 9.798288490004759543e-01
8.991113528144650813e-01 -1.539854488356047435e+00 -1.212259494527456960e+00
3.720666339794528099e+00 -2.300394664921348920e+00 4.451433136161583176e-02
1.945823128850344252e+00 -8.859202094993177123e-01 6.844360747120572519e-01
7.883557292496301550e-01 6.426966127535977957e-01 -1.824889763867702408e+00
-2.308645261954622718e+00 -3.946340369036938966e+00 -2.116416597715394143e+00
2.856066913922636452e+00 1.063301109960002044e+00 2.038521422266186267e+00
-6.293163155475169912e-01 1.911567382655260383e-01 3.538299387830236675e+00
-1.988163151407987161e+00 2.735859118530532985e+00 3.617073743323805157e+00
-3.855250523640796789e+00 2.547453769769329579e+00 1.284910259787799491e+00
4.031631238659963756e+00 3.019866483422394499e+00 -2.601679746266209126e+00
3.083514001917986858e-01 -1.034750968997401738e-01 1.999313791389777606e+00
2.271824907318156228e+00 1.762291450992655273e+00 7.954686886447119853e-01
-2.224551708038252862e+00 3.609637800275603325e+00 -1.080172104818649448e+00
3.767397812789138101e+00 2.053595250845045850e-01 -4.095564615589335489e-01
-1.902369233594790598e+00 3.198805885817989303e+00 9.727033094649802925e-01
2.968703381910144046e+00 1.123035117920616610e+00 -2.989965163819397365e+00
-4.058173883230622891e+00 -3.446966305706387956e+00 -1.587911405933283726e+00
-3.083254818451838020e+00 3.188233236787461955e+00 -3.529222302011189027e-01
-3.760932844268770059e-01 1.332461350254710020e+00 2.701883463395246210e+00
-2.899849422688514977e+00 3.237642180139606918e+00 1.254557403154809014e+00
-1.664645990360632322e+00 3.017865813195140801e-01 1.961474627775595669e+00
3.060110069178587189e+00 -3.119211102185313500e+00 5.773422742516010064e-01
1.018699329258343944e+00 3.125438004933439817e+00 -2.778372702725237620e+00
2.273212826586835433e+00 2.100225282769748070e+00 1.835080913093620758e+00
-2.355579128416856793e+00 1.884028841745759353e+00 4.096359368681133262e+00
3.205663280776818169e+00 1.335851828678471076e+00 -3.973327872981666786e+00
-3.890867234621059101e+00 2.684834808918689752e+00 3.491317385555326336e+00
2.491786324310893974e+00 1.634372986542288742e-01 -1.887322095085089968e+00
-3.972518129263304498e+00 -1.370133763207804334e+00 3.613034944573476626e+00
-1.993269920386669725e+00 -1.057699299073211030e+00 4.982099888711293834e-01
3.332557573510438242e+00 -2.999069678086112134e+00 -3.383562421586403079e+00
3.414954160895185442e+00 2.124362528059150268e+00 1.877135165841787856e+00
-9.495940121365152864e-01 -7.863492266721996415e-01 -2.943430330841040998e+00
-3.038307141937034217e+00 3.082400268644263974e+00 2.595032119754074440e+00
1.560762174983302719e+00 -3.273167132236477705e+00 1.928283754270975869e+00
1.415280631932924194e-01 1.193968573177677239e+00 -2.555066338256567704e+00
-3.253702321594324154e+00 6.304933637295859206e-02 1.316793981547046410e+00
4.043028970880187423e+00 -1.895994355076986215e+00 2.793031968509082308e+00
-1.695836956111542060e+00 -8.564803365914355204e-01 3.471163347197655291e+00
1.479951220414487345e+00 3.884143502437965800e+00 3.849087103748050964e+00
-2.317227487540285846e+00 1.360981302401244264e+00 3.094271029850673482e+00
3.253469471667203461e+00 2.114058255388088892e+00 -2.989693337426277076e+00
1.708655312281386118e+00 1.015482317208604712e+00 1.926177637672374043e+00
-2.607472315282689745e+00 2.635177539631651911e+00 -1.113752092927554838e+00
1.323738291955260049e+00 2.355623941022046530e+00 -1.469840513238498403e+00
3.383311937402698533e+00 2.589263875288101868e+00 1.668613379057515556e-01
3.056840248159518048e+00 -2.491663165583502870e+00 1.366960260182488174e+00
-3.561185686517993609e+00 1.632075932516856787e+00 -2.737383157377238252e+00
-7.335628645299798745e-01 3.114166040255020196e+00 -3.751723510060057665e-01
-1.228855278466596257e+00 2.323060126364450362e+00 2.510861284624597012e+00
-6.156834638227151046e-01 -3.822665211551296238e+00 -1.505434220406278500e+00
-6.738755097023354512e-01 1.973024495588522109e+00 3.440456318399069513e+00
4.764888065445403997e-01 1.891531157559023901e+00 2.461543993734079283e+00
3.750317321272598203e+00 1.369023129449159271e+00 2.601543380911297998e+00
2.971997386573398625e+00 1.008971390576169247e+00 -2.150509187819699131e-01
3.292301294083785468e+00 -3.523778028391359118e+00 3.021119709813569809e+00
-3.187414538558774435e+00 2.010991161631078050e+00 3.335198553693352608e+00
-2.858948609447149902e+00 -1.579930339201776723e+00 4.206320200918781116e-02
-3.529858398947383957e+00 -1.960878257398945168e+00 1.072976963309811405e+00
-2.691265330784631704e+00 -1.899918430502339772e-01 6.055389129978315799e-01
-3.847547271006974245e+00 -2.598210993915904155e+00 -7.586158601976080718e-01
5.370647912545002400e-01 -3.701111716267321050e+00 -3.323340920487886319e+00
-8.900262736992462509e-01 4.856871348916934616e-01 2.669106978120004303e+00
-2.675349974670678144e+00 1.479883637845354205e-01 2.193328147594329813e+00
-9.099832999910132392e-01 -2.987802940309696620e+00 -2.140563796729234802e+00
-4.827616429726677705e-02 1.350398073868306570e+00 -1.412414921749552965e+00
-2.287819374916063353e+00 -1.577685416442623278e+00 4.054947826337856220e+00
-3.511336685801462743e+00 -3.400142073523675368e+00 2.141562308580506890e+00
-1.003661138990616042e+00 2.192149726546074540e+00 -3.827340012868976071e+00
-1.349266460273552903e+00 2.020997087165630202e+00 -5.096223135607163002e-01
1.646388410700191374e+00 -3.593156211863393068e+00 -2.271558207683811226e+00
-2.989583745982774321e+00 1.026634660196048765e+00 3.996278075243586692e+00
3.466231582487455221e+00 4.075047097041302635e+00 3.130625063828856858e-01
7.482180598703593866e-01 -3.973606675498672303e+00 2.429466485250999508e+00
1.933808994066073872e+00 9.859831701344563548e-01 2.032208392007991971e-01
-1.612180712911050584e+00 -8.559423666830872079e-01 -3.782515081798313972e+00
1.175347492743563871e+00 -3.034459351725964815e+00 -2.956632146041938025e+00
-1.973811709501356981e+00 1.360903936520397595e-01 4.693637632345445260e-02
1.167099623974359179e+00 -3.638722901752071248e+00 1.145834440899513362e+00
3.364495153807359529e+00 3.266653314632438354e-01 3.832811648685562123e+00
-2.221762591569125256e+00 2.163099320979817275e+00 2.357152479206710893e+00
-3.946118627665195611e+00 1.236012997111775924e+00 -2.506657910232988895e-01
1.790562744362575787e+00 3.205523519099957142e+00 -3.613551587347629823e+00
-3.366131150472532418e+00 -2.936694652673069950e+00 1.018656604132973875e+00
3.864451762416095004e+00 -9.644072603327269455e-01 -1.392976790027207645e+00
-3.104990147446566873e+00 2.351487457373422796e+00 -2.076492036866245172e+00
-6.317359277732129130e-02 1.940641359561322998e+00 -3.486700568855408022e+00
-2.824870652709931651e+00 1.253624629007499269e+00 1.776313667574834998e+00
1.187187501418144331e+00 -1.663264803484216348e+00 2.078016638185959497e+00
3.436901569287034164e+00 -3.896889873220144906e+00 4.040089655913857491e+00
-4.056243053899944329e+00 -2.554082023914783672e+00 -2.860271088304670695e+00
-3.107235360602243368e+00 -3.652483997734774945e+00 -3.659356151340672270e+00
8.655249653478720717e-02 -2.303591091133651236e+00 -1.594971696137680972e+00
-1.880502031088017834e+00 8.776316779325420425e-01 -2.215665725112397677e+00
2.432446643665921560e+00 2.246002011507568230e-02 3.507102328866051444e+00
9.386957031801648199e-01 -1.942934304912390830e+00 -4.105967951357343715e+00
-2.339141469100831205e+00 -2.940943385575831126e+00 7.674607668749527933e-01
-2.721253352061849817e+00 -2.769571356342805046e+00 -3.915207803967929223e+00
-1.793101840738497099e+00 -4.068562322429497558e-01 1.210959001478908226e+00
1.735996678020581108e+00 5.801116790680801438e-01 -2.550238909145490673e+00
1.880132649161503355e+00 -3.610085117296355506e+00 -4.245707538404636661e-01
-6.149610854625432443e-01 1.270821909018992724e+00 1.779920585314676895e+00
-2.079678243861783904e-01 3.125683499873697535e+00 3.883073501130896776e+00
-3.571164914236091725e+00 -1.410822134551448004e+00 -2.021678267636319859e+00
-2.833749535897721827e+00 -3.393285162957368595e+00 1.480927576718869820e-01
-1.620192757829737928e+00 1.285298391214487301e+00 1.660664423495484154e+00
-1.829388455239007616e+00 -3.532792132868521673e+00 1.374680279983464537e-01
-3.684861805363298437e+00 6.792188425178871114e-01 -1.022864314491860105e+00
-2.591721753184965227e+00 9.991602083982171756e-01 3.483879900260339335e-01
1.017631460470705296e+00 4.589731296193677590e-01 -3.599166536085046886e+00
2.686387757709668200e+00 1.108040786096346597e+00 -2.009550163783974774e+00
-1.378075153191550273e+00 1.331041455420669761e+00 2.640862699835645699e+00
-1.433155907204935353e+00 2.977157757679597117e-01 -1.620778875123155549e+00
-3.467887572365834892e+00 9.478135005347589070e-02 -4.084623218264572309e+00
7.840747590051012628e-01 4.057533662602475388e+00 -2.429548812516366674e+00
-1.074546546954892268e+00 -5.406981895524612947e-01 1.934064489171296364e+00
4.052782205188844578e-01 1.089454333331686398e+00 1.960687569300178401e+00
3.715185737792503051e+00 -2.601958372019055776e+00 3.438621699170635981e+00
-7.066948615541376322e-01 8.863989639654821229e-01 -2.069061927015276581e+00
2.850668974749692275e+00 -1.618999471434488191e+00 -1.703174600547348871e-01
3.171189958227209171e+00 1.966246053380775738e-01 -2.747984870695381332e+00
-8.883926025801581750e-01 -2.086248562069138224e+00 3.657254238684426895e+00
-3.096404125800270357e+00 1.814205313924940555e+00 -1.828468651459379812e-01
-3.550106511540726206e+00 7.641981767948354820e-01 5.042185748058849448e-01
2.388868953595951083e+00 1.939568959397474313e+00 -3.540354941352463314e+00
8.399381913850493264e-01 2.313822289041162161e+00 -3.742735809923732671e+00
-1.216883195691837338e+00 -3.187696787708470314e+00 1.280964055989926020e+00
2.258352648601114510e+00 3.717667136751755752e+00 3.132136920244977141e+00
-3.506742225680800740e+00 1.965126153602571701e+00 2.366015446112449627e+00
-2.867661674508354519e+00 4.099862229313485429e+00 -5.256750938865044631e-01
-3.747270917035284282e-02 5.481123222681862917e-01 -3.443504344349457735e+00
-2.303470120218914730e+00 -3.305461877614955579e+00 -7.061680480364757040e-01
-2.946814461008783859e+00 3.073459932707389264e+00 3.912707395582887937e+00
-4.699753072386862462e-01 -6.843488965532565915e-01 -1.964379096454244911e+00
-3.659939424899003590e+00 2.685001537686373840e+00 3.219782496137074679e-01
-3.828925585294876699e-01 1.656936803652675927e+00 -1.488524652424661199e-01
3.265059037139651288e+00 2.641368822648102022e+00 3.273318712414504450e+00
-3.508443125103176019e+00 1.221395892258907656e+00 -1.798808061821914661e+00
3.115667831415318112e+00 -5.501588560845056541e-01 1.914804480785263996e+00
1.240264362101819007e+00 -1.634157744882537289e+00 8.931847218240103192e-01
2.925000076566528495e+00 -3.641783370405537124e+00 -3.013842773960225818e-01
3.832505441940065705e+00 -1.069302078072657813e-02 -3.551980718300470574e+00
-2.635617541584942103e+00 3.264921580533101331e+00 -1.871356212093166160e+00
1.067878034554356592e+00 3.687983318570681401e+00 1.555626651952396688e+00
3.549271140132561619e+00 3.276133745115064944e+00 4.067739300552440262e+00
-1.738545737145445136e+00 -2.884809281308746698e-01 -8.638032546656346788e-01
1.010669338216966251e+00 -2.502783368773105366e+00 3.223289431998223709e+00
-9.477794971124580137e-01 1.909319402120612574e+00 -1.874540607768622857e+00
3.679089056737435914e+00 -2.072602879512701612e+00 -3.910002311678694831e+00
3.965825198967028786e+00 4.011065151527822281e-01 -1.912864876349563259e+00
2.352255432798061374e+00 -2.988854718497966356e+00 -1.804093004776955000e+00
2.196136212146676758e+00 -3.872501435423285177e+00 2.234676132231002033e+00
3.099549147376502223e+00 -6.673062426168082650e-01 4.061196393990952336e-01
-3.037954058994244200e+00 -2.731716894826795805e+00 -2.970003933327830747e+00
3.254102924020374488e-01 -4.669238964844051321e-01 -2.559648911426464224e+00
-1.946047663701382602e+00 -2.225740244957290948e+00 -1.019520889515513895e+00
-6.156656528306023723e-01 -5.203926365173680013e-01 -8.611356009344961482e-01
-9.339611179668945162e-01 -3.221355533070665356e+00 3.005289421516644577e+00
1.893969764551528545e+00 1.702622324482042870e+00 -2.378761967247282172e+00
-1.314787133077395476e+00 4.078502106253964143e+00 8.099238190198961851e-01
-1.639904419709741212e+00 2.742212885893418495e+00 7.496505811544304509e-02
2.098784668303398160e+00 3.889808804838752909e+00 1.171877916846601364e+00
-1.194150176696159749e+00 2.180604332081272079e-01 7.908940662573079594e-01
2.734855431848781215e+00 -3.099227594730730395e+00 -4.097844626764281628e+00
-4.030950390995707622e+00 2.205980171134024115e+00 -4.479513215073332999e-01
-2.054569464995158690e+00 -3.742132846812894265e+00 -3.961751073127660838e+00
-1.592086906069387631e+00 -3.707271285131723548e+00 -1.322209328824570207e+00
1.370763941102966399e+00 3.404351705763422498e+00 -2.537792445261790042e-01
1.786869441291435656e+00 2.762075778096227729e+00 2.659190993005741355e+00
-4.700636325996810916e-01 -3.148311132887681829e+00 -3.638585183302167625e+00
-1.803756738397569670e+00 -1.409091789555035223e+00 -4.775025497737357960e-01
-1.629952672823636317e-01 2.850656107099884817e+00 -3.312122123085149639e+00
-3.731664175720058818e+00 2.884877363091595814e+00 -1.081062169489821700e+00
1.658930827161299693e+00 -2.428281093793903889e+00 -3.536311765673821217e+00
-3.235004672436794237e+00 3.351960457845999386e+00 -2.599629920157169316e+00
2.947353454566983721e+00 -1.400345325348766767e+00 -3.851380780778523860e+00
-3.188808564029109061e+00 -3.425993807445268935e+00 -2.212089385918238893e+00
-1.797990657938661307e+00 -3.875455985142522763e+00 1.613523477791393157e+00
-2.712634181444735670e+00 -1.820247182006972331e+00 -3.294693844089573442e+00
-3.916760793214762448e-01 -2.694586217423609487e+00 1.060895833368672658e+00
-4.026241262338814408e+00 -3.470346023433317217e+00 -3.559228806464838968e+00
-3.490014619799614026e-01 -3.732572362763186380e+00 -2.665107101641356557e+00
3.189755362971431030e+00 3.705873276473995670e+00 3.308861009524420194e+00
2.338806570964179876e+00 3.427926692300213851e+00 2.062755188430058340e+00
-3.995682134856512135e+00 9.905438821444734199e-01 -3.965436594588759078e+00
