8.220706914434900980e+00   8.220706914434900980e+00   8.220706914434900980e+00
500
-2.342697638389929615e+00 3.653026533209080551e+00 -1.470857846469105779e+00
1.793696524622740318e+00 -1.909972412450267054e+00 1.521564880388015739e+00
-3.380811711956948962e+00 -3.290745495611926419e+00 2.858728747361602540e+00
-2.283171955433203060e-01 2.481100056870880533e+00 1.253988586512888137e+00
1.917987767774641084e+00 -6.586923927675031321e-01 -1.100126389191449672e+00
3.126541126561673156e+00 -3.777875313868504836e+00 1.472680410125061456e+00
-2.763519170281583115e+00 3.995133657208203015e+00 3.190752282306782206e+00
4.004691420745257524e+00 -1.516926444014162101e+00 3.149564200922226220e+00
1.138309306348102679e+00 -3.564617229737832460e+00 -2.672344356284962696e+00
-2.166599765191687510e+00 2.255033252127507826e+00 -2.944322439563209493e+00
3.052883191526333473e+00 4.034487591224286684e-01 -3.896647184600295077e-02
-1.688980740184216289e+00 1.127861911436010889e+00 9.635608340094905522e-01
-1.840955190503299033e+00 -2.861827830867023081e-01 2.611759962103842092e+00
2.649465922954723940e+00 -5.053684368071091615e-02 -8.155430559603079610e-01
3.772331161951928413e-01 2.754163198218521291e+00 -1.077112565008851996e+00
5.434150872114489050e-02 -1.159569349325316079e+00 3.074895574962001277e+00
-1.380132818740740230e+00 -3.151144453533517353e+00 -3.687997616392289846e+00
-2.351595575115727144e+00 2.220050402428712655e+00 3.482522572658343751e+00
-2.262663900441866383e-01 3.917786063436356159e+00 -7.887201481475147880e-01
2.129671911651191074e+00 3.861496770838545700e+00 1.438480122806295114e+00
-6.595135957066818877e-01 -3.427292518622563566e+00 3.869296048447369074e+00
1.657299738897479280e+00 -5.709166379627057530e-01 2.361430960481917474e+00
-2.756680564647717269e+00 -1.370198227646926892e+00 -3.426784206736731342e+00
-1.427610158300983700e+00 3.079185668775624940e+00 -2.935378026389889428e+00
1.091638797353258056e-01 -2.005880827395617683e+00 -2.348261946765348274e+00
-3.753444202595929813e+00 -3.023985056036529340e+00 6.651314939298168527e-01
1.412117302485013992e+00 -3.594137348733879911e+00 3.227986464235257813e+00
7.615366440464135245e-01 -2.060705779453120279e+00 -1.402676062297747217e+00
-6.031423040995389506e-01 1.571812889756817100e+00 4.052860861698159844e+00
-3.766487831212823600e-01 3.325968403912363591e+00 -3.190181974060446901e+00
-1.861306853420130913e+00 -1.194697836467753377e-01 -2.822874043827278356e+00
-4.079463752274459232e+00 -2.799724469286688500e+00 3.622156260659184834e+00
-1.904449080306131803e+00 4.094369980551017640e+00 -2.727572075133014362e+00
-2.136759243628843841e+00 -5.701104272949357732e-01 1.728683798509559333e+00
-4.000773030688330678e+00 -2.526732326134537132e+00 -1.056578594882949584e+00
3.284124942143717085e+00 -2.490518909221968169e+00 -2.412229169929063222e+00
1.557622691051697483e+00 -3.582008985485278796e+00 1.028166940279144459e+00
4.147694108594397466e-01 1.682380614535391894e+00 1.276966802242488264e+00
-2.583773116383950352e+00 1.345584546974574636e+00 -3.504796310901222789e+00
2.437825942070195762e+00 1.725300418414288828e+00 4.099418809093514859e+00
2.705676327026319328e+00 2.096224322604994583e+00 -1.560913481316882123e+00
6.176475334152089491e-01 2.880743054865295250e+00 -3.102834268769438353e+00
3.283787990108099075e-01 2.520172772705210118e+00 2.201342084987356618e+00
1.117007544474402758e+00 2.076653149996056769e+00 -1.325039961184380388e+00
-9.806643083786400483e-01 1.158884872455728354e+00 -3.106530897794939072e+00
1.887685376284553351e+00 -2.202512969420647782e+00 -3.632867871766335632e+00
2.287291872941442428e+00 -3.419242500958911357e+00 1.909816767026351059e+00
2.410817976955715203e+00 -2.420803915538536355e+00 -1.690018665349052762e+00
1.481084290585013230e+00 -9.380908654335665675e-01 1.215379544437894532e+00
-9.503191088770571726e-01 -9.395489989132678188e-01 -1.182207011202420777e+00
-2.965696843859810361e+00 -4.061870914314489767e+00 -3.871715734233891482e+00
1.101566681859511787e+00 -2.814041279957861796e+00 1.602019177624603774e+00
4.668761531206343518e-01 -3.776475738957437045e+00 3.872245531755698966e+00
3.853388120758753921e+00 -4.078783559427607841e+00 -3.318796033299798776e+00
-5.099306068705050654e-01 -1.141084905141131589e+00 -2.217812532824616212e-01
5.151535803033304717e-01 -2.111813566952735144e+00 2.691977147602152343e+00
-3.801283783272877859e+00 4.025303116099057554e+00 3.757302652322212388e+00
2.284048244765229718e+00 -2.490095638558012858e+00 -6.301524724041049907e-01
1.066422951045979506e+00 -3.659699671417841582e+00 -4.166107111980744682e-01
3.320869380939593718e+00 -9.552630000728253856e-01 -7.455361111052994927e-01
-1.479008966567473271e+00 -1.148090964404551162e+00 3.252291602441008678e+00
7.455901105878820490e-01 5.782245094535436447e-01 -2.930794805208306375e+00
-3.203635616408599507e+00 5.016303764573039059e-01 -1.881791199278958882e+00
-1.985364943500662838e+00 2.257632861380525768e-01 6.384348517938680523e-01
-3.243613713081081595e+00 -3.362953443378375873e-01 1.731941761925409884e-01
2.147341157093507480e+00 9.870303005779901273e-01 -2.913406149409857981e+00
-1.769728184540204863e+00 1.276649751383852893e-01 3.490191491045208760e+00
6.891407422969193508e-01 6.249531359764397553e-01 -3.996062062424684758e+00
4.840920365329525188e-01 3.328215748301103005e+00 -1.027147779983872966e-01
-3.444978880133887866e+00 -2.245400296860264877e+00 1.111449630738410299e+00
4.668915815585548135e-01 2.527556972592865048e+00 -2.070540465860754686e+00
2.404715680235041120e-01 1.618688767641208948e+00 -1.426880497152423155e+00
4.451302187161744750e-01 -4.106252522719339382e+00 -3.187111844681801642e+00
2.027586853619147256e+00 1.124975651161733481e+00 1.858091649129627543e+00
-2.269401907770619009e-01 -2.888991864397334908e+00 3.051485961650783896e+00
2.749409498481366398e+00 6.666619834611509088e-01 1.124018588283181463e+00
2.787285698364332820e+00 2.520631608182716032e+00 2.289884528788159290e+00
3.534475269718862389e+00 2.412317325740444218e+00 -1.650765258342669906e-01
-2.210556566907004861e+00 -4.009910907041853712e+00 2.077843601420640424e-02
3.890876754618785682e+00 -4.049117473641571929e-01 -2.808620213739855043e+00
-3.267846170182618248e+00 -3.973466455941622399e+00 1.007657219405011517e+00
3.048323211272497169e+00 -3.315988799257617359e+00 -6.771811126358247002e-01
-1.840191806473983060e+00 -1.619841130256240547e+00 8.516319168515820159e-01
-3.612398158530619519e+00 -3.559423744656762700e+00 -1.017669497625138364e+00
-6.767385892114918811e-01 -2.869705427193138814e+00 -2.986146643327059369e+00
-3.871753613420489959e+00 3.900128975851730129e+00 3.127691415199555514e-01
-1.950968390123287488e+00 4.011137828870881883e+00 2.231249308920152163e+00
1.087697449301953528e-01 -3.027053971937555321e+00 1.657514366153894692e+00
2.424341916287066301e+00 -1.170122077641397862e+00 1.678984721827802229e+00
-3.636474131921687003e-01 3.862722058167435968e+00 3.473605704904514369e+00
-3.591243689361834690e+00 -2.949765414750492365e+00 1.880062976631702076e+00
8.670757331814115121e-01 2.567307132496118527e+00 4.001778950356956521e+00
-2.277734187867065163e+00 -1.866497530250378123e+00 3.648675255847310783e+00
2.884339297571092864e+00 -2.619778275022924263e-01 3.978318832083715506e+00
-3.384926439575777657e+00 3.220275741513948908e+00 -3.863710424580869329e+00
3.737750189181874738e+00 5.665078361266897566e-01 2.503254364469695847e+00
2.715833292766396401e+00 3.029758638806519855e+00 -4.098789077806201497e+00
5.083685991031188234e-01 -2.166820328108578053e+00 -3.781750198001272434e-01
-3.959403193953392908e+00 3.773136928277409208e+00 -6.526278381760153291e-01
-1.500242588882606531e+00 -1.608120570272262739e+00 -6.914487680497739541e-01
-1.512790497126915046e+00 -2.527616303023937583e+00 3.743237023730215718e+00
2.852919372804885612e+00 -1.095988377182826934e+00 -3.475765095133089400e+00
8.036528929806138200e-01 3.633806356803410686e+00 -2.356230679538037442e+00
1.212233947374305121e+00 1.099706069996729596e+00 -2.411078013271055753e-01
-2.629603510356038232e+00 -2.442794356163718650e+00 2.966000925776798969e+00
3.581418488175015735e+00 1.399349190732879000e+00 -2.501498035615916105e-01
2.332173217085146966e-01 -3.061181751369640214e+00 -2.392379358681264723e+00
2.100222490514800366e+00 3.823457571236724917e+00 -6.274338808627120123e-01
-4.170277437992062769e-02 -4.736445589783887522e-01 2.559825649865233865e-01
-3.764807536235208474e+00 2.079111185191808708e+00 -8.056200905403924084e-01
-1.594899817244089135e+00 1.014302162021039733e+00 -1.311937641945665423e+00
-1.537387261459783439e+00 -1.490404586425478684e+00 -2.002121412856581184e+00
1.603839442221920875e+00 -2.011687002875419239e+00 -1.984630704575518489e+00
1.518480125744239295e-01 -1.122900261324844884e+00 4.103620540092088653e+00
3.776789736847075307e+00 4.781675419955929152e-01 3.545705396955995514e+00
1.422328795737072049e+00 3.542597391967284293e-01 3.623124465745161782e+00
2.774566424790724017e+00 3.535753612255403855e+00 2.443314984154087988e+00
1.693074550613705709e+00 -1.698012232229514584e+00 2.602004861832531990e+00
-8.864340568737711923e-01 4.134685590106331743e-01 9.504241182463311066e-01
-8.177236639035662114e-01 1.516003421651522354e+00 9.459141756306529980e-02
3.803919149838386193e+00 8.929935967709242695e-01 1.038535865720867424e+00
2.904286262817872277e+00 -2.672803532637827217e+00 -4.031570085477425458e+00
2.846795837737857493e+00 3.074821295288557632e+00 -6.052287485902925201e-01
8.981748856847205920e-01 6.951467053012254649e-01 -1.083548223761829243e+00
-2.591515474191903756e+00 2.647479264494069451e+00 -1.250599492374224297e+00
-2.813032278327443070e+00 1.372257901765234545e+00 -2.505007690242581742e+00
1.888721473503029324e+00 1.756588052538261779e+00 -2.056068671477231824e+00
-2.137086025898807584e+00 -2.262362007373969419e+00 -9.865000999879405263e-01
-2.542408784394217580e+00 -3.655300870354341036e+00 -1.045224782445451472e+00
-3.941339403403184338e+00 2.360424145480677360e+00 2.451190215360522284e+00
1.036040576224433130e+00 -1.635865577558877071e+00 2.405710041532057308e-01
3.937529052810805119e+00 2.063361201935070444e+00 -2.930566365469452705e+00
1.066280221091369107e+00 -1.591247653931010086e+00 3.456012512368566991e+00
-5.626436052442602698e-01 2.862730436945807977e+00 -2.221849445490550412e+00
1.338700539559911640e+00 3.022665611297096877e+00 -1.605172315842510855e+00
1.644806204564315033e+00 -1.689355085753654562e+00 -8.810884522269437635e-01
3.086421556136536015e+00 3.327710094852517564e+00 1.501134783841805653e+00
-3.561873052648022675e+00 -3.527679057952862962e+00 -2.806779808408121024e+00
1.785206694490188539e+00 2.072237687952231955e+00 2.372681141191554044e+00
-6.137619046649837040e-01 1.522188914140828464e+00 -9.774576865416205740e-01
3.735708048530676173e+00 -8.819335106229219123e-01 2.356297848218690483e+00
7.999541817737134686e-01 3.696303685297845476e+00 -1.030377432288443584e+00
-1.855905057865546992e-01 -1.701484785654739262e+00 -1.274876675936903681e+00
-2.549509235615625258e+00 -3.354602954677392557e+00 -3.280417921177865015e+00
-3.098030809767209348e+00 -8.476129543747324968e-01 2.203881482711838480e+00
1.371262579234233447e+00 -3.856876511339417390e-02 -4.564415931017199446e-01
-2.786062285769201452e+00 -1.390121092433570960e+00 1.303283264617651760e+00
-7.219335336517522794e-01 -3.342692857762327829e+00 -1.085363249272943920e+00
3.040166948282687631e+00 5.665540697456608044e-01 -1.701042928595771775e+00
-1.332933474917297190e+00 -3.925808962905834587e+00 4.222797896839789455e-01
3.470040305215396081e+00 2.253007432725405490e+00 -3.902117322946059730e+00
-4.175463690500610947e-01 3.266049939482007503e+00 2.673871571374472289e+00
3.803320396802420067e+00 -1.418929654052077938e+00 -1.591792928884539826e+00
2.157203371110502366e-01 8.793082044748863346e-01 -4.433163197641270536e-01
-7.983504863896534465e-01 4.483057759951631499e-02 -1.370983895881648040e+00
-3.960844740946132703e+00 -1.518057339983867049e+00 -2.659319002961543443e+00
-2.468467706964477593e+00 6.429072534393343030e-01 -1.007147986898340841e+00
3.476035325637556905e+00 -1.039967574526909910e+00 1.279669576472299841e+00
-1.191266527108153284e+00 -4.049539091944946989e+00 1.498361485352751599e+00
7.968271230748698031e-01 -1.244943529599282339e+00 2.249762760512015625e+00
3.000303989002560900e+00 -1.889489902886823947e+00 -4.548556860568547799e-01
-2.568274558402907193e+00 -1.609761380353961435e+00 -2.287258681516065817e+00
4.505530836973834496e-01 -1.683777758108067069e-01 -8.042129483483687613e-01
2.061196935842793287e+00 1.938568984865781664e+00 1.102538778027054578e+00
-3.795700882447443636e+00 -1.175731440982326292e+00 -4.033154851986056499e+00
2.009153810755741620e+00 -2.076618365914000286e+00 2.871710922377266328e-01
-3.672001008892351592e-01 -3.755542437910578180e+00 2.183184754514631842e-01
7.929331189769697752e-02 -1.624334144976621097e+00 4.716147216919893692e-01
2.392898331284357916e+00 5.931579614764943553e-01 -4.010765460143044692e+00
3.165621391464983780e+00 3.073158929157597363e+00 -1.863317619114243984e+00
7.506345661917396273e-01 -4.771676171273689926e-01 1.645689593925880434e+00
6.591715954657875187e-01 1.899763794029417863e+00 -5.269657597599333165e-01
-1.046659877222294144e+00 4.031937901661288848e+00 2.497766360834241528e+00
-5.138000716361523779e-01 2.195184264169991906e+00 -3.154876268942386375e+00
-3.095751773010066432e-01 -4.040328727558961219e+00 -2.420934390769398981e+00
2.044366366053113282e+00 -2.899778515527991374e+00 -2.932769810511620889e+00
-1.947062871212987600e+00 -5.082468611201326203e-01 -3.909662943839432803e+00
4.031434381206863371e+00 3.422943987682283584e+00 -2.034787049659033897e+00
3.985871225863705902e+00 -2.408938050746614934e+00 2.624408331718887766e+00
7.830170734015857725e-01 -1.896036388431289188e+00 1.345777590760718789e+00
3.747484121462003159e+00 -1.619522516795967926e+00 3.269744910168215224e-01
2.454643689734115508e+00 -2.298098613928953871e+00 2.234659805537707822e+00
1.459544774133379352e+00 2.748496476399100885e+00 -2.666321230766955264e+00
-1.808484105730964853e+00 -1.504692039202329745e+00 -3.033672794727040323e+00
1.961258815245951054e-02 -2.744620554649943145e+00 5.989905329599719552e-01
-3.237531524735288713e+00 2.471312858114385946e+00 -2.681480786628880342e+00
3.178314195488080252e+00 -2.396100735982271690e+00 3.197908489240749219e+00
-6.444306135596197804e-02 -3.816154585303979996e+00 2.565452241952742352e+00
1.973232702944427652e+00 -3.481012304301865257e+00 -9.924630176748472365e-01
1.484041230254961929e+00 -4.083268739039948692e+00 -1.628250377526214931e+00
2.798553919032972903e+00 -3.325182724163249670e+00 -2.002348564046505075e+00
1.600042477879176084e-01 -3.117460173579956528e+00 -4.401102973102375415e-01
-3.932039437031528806e+00 -3.311107701050610252e+00 -3.767840230935267876e+00
3.081299780216554485e+00 1.209232957158422828e+00 1.968730769232069466e+00
-3.171974724080130148e+00 3.190821392364213693e+00 2.128709538182404604e+00
4.391332150446172200e-01 -3.659542185414500715e+00 -1.561431651491110850e+00
2.909583417978251152e+00 1.456147939759240506e+00 5.799497894299071588e-01
3.271208530182581509e+00 -2.888079729706507059e+00 2.013501416866934957e+00
1.251792251779829807e-02 6.859760329619419839e-01 -1.545919176454016108e+00
1.363229353213076367e+00 -3.679671439969841362e+00 2.031939020263302531e+00
1.809873220287961715e+00 3.486314999965704153e+00 -3.351929236237507492e+00
-3.587856652919928280e+00 1.338788456782840974e+00 7.113534709360727626e-02
2.219761090184300567e+00 3.429052062886956520e+00 -1.663907629213377648e+00
6.830096009466879448e-01 -3.164253385850559930e+00 2.664406403687281433e+00
3.902015769962172254e+00 -2.574177505851448444e+00 -9.043596034925477367e-02
1.479101698207488047e+00 -8.663666159249524545e-01 -2.006133287679193522e+00
-1.356498445507868356e+00 1.013048894923574528e+00 3.732658066444586975e+00
-1.529069740673745459e+00 3.395145528058343576e+00 -8.326136736477002254e-01
-3.959318936657689747e+00 -1.503151956376558518e+00 1.710081042106768479e+00
8.996928522740716971e-01 -1.755703606081542523e+00 -2.787100945140326580e+00
-2.298762058953746745e+00 3.166087457409749284e+00 3.803132445698887310e+00
-1.736350303614365265e+00 -2.286092170207888685e+00 5.978985626378760521e-02
2.148353008796092922e+00 -2.785943030945579602e-01 3.228464590239128906e+00
-1.124888541852485879e+00 -8.360828758762769430e-01 -2.791344081606151661e+00
-2.588343051695329855e+00 3.232339313424694272e+00 -2.501010640956214282e+00
3.723853946730589115e+00 4.806486604130482121e-01 -3.625244004496606998e+00
-3.454323479553968568e+00 3.591832650626617163e+00 -2.903867378082698902e+00
-1.592756325886085511e+00 -2.332513983193605256e+00 2.814404797613627274e+00
-2.572755850032898639e+00 -2.673556872197870860e+00 1.507404627582351386e+00
-9.351399452098839715e-01 -3.932038805875265108e+00 -3.213665055505137147e+00
2.709910783850899563e+00 3.942903176247794406e+00 -3.465326064497325831e+00
-8.851276609678025986e-01 -2.219178959006452789e+00 -1.925730540303336236e+00
1.473071890703366582e-01 -2.201009148235515966e-01 -3.666663364769771505e+00
1.156140314415942782e+00 -1.351735356101326335e+00 -3.670252614305958616e+00
2.855005916265451749e+00 -2.082257101123151877e+00 -3.242916433039790380e+00
-4.987719449585883424e-01 4.654466158208794280e-01 3.831215699313498035e+00
-2.565116631509181122e+00 -1.524647728972323035e+00 -1.509386293909332211e-01
-4.016742815557236668e+00 2.398737216183841614e+00 3.476062977224079198e+00
-3.346466139882140034e+00 2.258434362186492628e+00 1.567511645378108387e+00
8.971887539242846543e-01 -2.699217882154690606e+00 -3.218402670684007649e+00
-2.890684651110035475e+00 2.236573480613309739e-01 -3.500611634269461536e+00
-2.181714563873799584e+00 -2.244146200511579980e+00 -3.552599295476858821e+00
3.840941305382573057e-01 1.944263693626414602e+00 -3.502458865133117438e+00
-2.106552432195927693e+00 -2.480870712416763713e+00 -1.977556125219539718e+00
-1.007630654097286138e+00 7.069254992687541428e-01 2.809544335163979056e+00
3.788760858784950281e-01 3.188020033300227762e+00 3.395922666537592782e+00
2.707391875476647503e+00 -1.417839671820744663e+00 -1.470191955108660853e+00
-1.955911663897828223e+00 -3.893451778214258141e+00 4.080317518427827750e+00
2.228818583263905584e+00 -1.634045753569050574e-01 1.836830062394027574e-01
6.955935638298467172e-01 -3.740220997046684648e+00 5.283485208039682135e-01
2.227849898700985598e+00 2.376624062044454533e+00 3.368624342857722720e+00
2.474101880874386872e+00 6.846065146546953528e-02 2.168678757632437115e+00
3.300094100374890260e+00 -2.297878041365121415e+00 -1.380017141309102913e+00
-6.746960078090882273e-01 1.423686111278117394e+00 1.147162615742597147e+00
7.504670031919689066e-01 3.561664664610880937e+00 -3.931090522355321415e+00
-8.134814433253754196e-01 -1.667231426150156404e-02 -3.467218262413024554e+00
-5.275120340219530135e-01 7.638632929349145062e-01 1.880143691807923290e+00
-8.012555516549775270e-01 -1.883636182776409207e+00 -2.893181856593096679e+00
1.395170283720503779e+00 -3.007642853572132235e+00 -4.004217847230209237e+00
-1.284470767160209137e+00 2.609767903951670576e+00 -3.926206049890678784e+00
-2.608130995361636617e-01 -4.741227898132155394e-01 1.281846099757209645e+00
-4.017204079831268260e+00 -3.974299590033612439e+00 1.790482587412948190e+00
-7.639260761073690675e-01 -2.875692432739973547e+00 2.149089242409233602e+00
2.474441383734885758e+00 1.977049774812343008e+00 -2.937279299779695929e+00
-2.246703841304561688e+00 3.553448022580333543e+00 -3.456126400331547721e+00
3.262707543012938860e+00 4.001323127659711432e+00 -2.530720467289595987e+00
-3.189363598079092643e+00 -1.589808068930634422e+00 3.243192107049392092e+00
5.572639005524224753e-01 -2.797810886323549795e+00 3.818184727476459983e+00
-3.176196315105664247e+00 -1.994581347019630302e+00 2.246218904055591103e+00
9.674665467293707133e-01 -5.158559112539368163e-01 -2.907966959915531113e+00
-1.621056103232369372e+00 -1.032344605480151944e+00 8.515614084136220729e-02
-3.718159064628640653e+00 1.965961181273120140e+00 -3.853375571255777121e+00
1.420711511031017782e+00 3.649610320275579411e+00 6.816557767864279693e-01
1.115091681759184716e+00 -5.588818259722242443e-01 3.983665218815551246e+00
-1.937720125359358558e+00 2.004130896990313548e+00 -6.882817352668837430e-01
-3.308029503544061001e+00 -2.227834423352855087e+00 -3.951885844844008844e+00
1.295809938335514166e+00 2.029780965486859490e+00 2.575748764780012579e-01
3.758190607297608565e+00 -1.948019207633959970e+00 4.085151261985558335e+00
2.119463385431717750e+00 -4.005172432304703989e+00 -2.456118860970919027e+00
2.315043764938753856e+00 -2.787861926343950358e+00 1.062421414233593930e+00
8.016147521969929635e-01 3.646810693497025913e+00 2.525821172928368163e+00
-3.773499404787463707e+00 3.834742732427356415e+00 2.729828107197706633e+00
-1.210749644267742786e+00 2.508381285613228151e+00 -1.334044896160248683e+00
-2.684845583645387723e+00 7.352473702965738322e-01 1.137778472921252781e+00
3.509939453618964755e+00 3.731384785945100369e+00 3.203353501077659704e+00
3.613878148173241378e+00 1.780575403939023582e+00 -1.207848085367020818e+00
4.713875448492345077e-01 4.556253991667320036e-01 1.631296391355844921e+00
-3.600413554264044080e+00 7.153973294291130491e-01 1.809770723740542930e+00
3.949354362776162919e+00 7.784492584162607809e-01 -1.967225444513452270e+00
3.516620190840171301e+00 1.803769339623131129e+00 2.791249672172214868e+00
2.013425584438493843e+00 -2.634675471073464337e+00 3.552466241592052931e+00
2.888782430515405952e+00 -2.762979367901550187e+00 2.458380464841219415e-01
1.915427263556611415e+00 -4.200341049614554345e-01 -3.227043730718912595e+00
-1.782936307757507555e+00 5.143646379126127766e-01 -3.662513613031332493e+00
-3.489732438044523821e+00 -1.940644448953876999e+00 -4.083602092931319649e-02
2.942934442707162201e+00 2.455132384627527475e+00 8.202098087060673004e-01
-6.034604625799455668e-02 3.441996780677589740e+00 -1.606775349640061190e+00
1.777238696793233208e+00 3.154230280339993531e-01 -2.301430240586743725e+00
-7.615527004272143463e-01 -3.135288201998692514e+00 1.102128262860615049e+00
-3.293300281405983299e+00 3.023897250404544046e+00 3.250630499630832393e+00
4.854162193031301697e-01 1.513412989899378669e+00 3.797377713499651808e+00
4.075265186802239370e+00 3.980027324621444595e-01 -1.916010537390935298e-01
-2.717435268299170037e+00 -3.389979529892208632e+00 -2.111112826956414779e+00
-3.607779021565990174e+00 3.341754795283280899e+00 1.237658299402952577e+00
-1.426728285406111407e+00 3.198233086237164624e+00 1.844401691650060293e+00
4.041811043461885689e+00 -5.953294937801069109e-01 -6.430344848084654230e-02
3.769177741919789160e+00 3.285912533180687767e+00 2.274869946463639270e+00
1.745789278365415198e+00 -3.108201714915987512e+00 -1.993343990594288018e+00
-3.875151242230838178e-01 -8.947328908039635653e-01 -2.014445074986431550e+00
-1.251308448519902417e+00 3.825553701304495124e+00 -1.746845844277498561e+00
3.803669444459089721e+00 5.633765621245955674e-02 -1.024189506280440920e+00
-6.581797163792975081e-01 -2.413191628796313548e+00 -3.958337063663158517e+00
2.001381317515917857e+00 -3.282575552769999572e+00 2.264288369682104091e-03
-2.522680349535624256e+00 -5.575804621009288198e-01 -2.142508379658052853e+00
-3.972079828209976071e+00 1.321339354643269237e+00 3.240871236337144357e+00
8.426286892730376898e-01 1.295583292715461576e+00 2.186313535053046486e+00
1.968690760702912268e+00 2.977928822499600781e+00 1.822614537681517266e+00
3.243071626350854775e+00 -3.292184523779602134e+00 -3.166787268919809328e+00
1.313758169562616374e+00 -2.688030359766690580e+00 -6.214466982704659470e-01
1.405365754105166509e+00 2.485819088267532950e-01 6.411216589881253425e-01
1.484618875349477563e+00 -4.020229878839661097e+00 -4.023670042495900212e+00
-5.337481596858058008e-01 -1.868508923151742662e+00 2.612777200743667372e+00
2.336244734350344743e+00 -3.440406393281597808e+00 -3.801538389165411314e+00
1.902013226278378433e+00 1.813105795402582876e+00 -8.461417694119655053e-01
2.208524315260133708e+00 -2.077325344567851340e-01 1.268880513503228391e+00
3.203336745831955934e+00 -1.817525678307212011e+00 1.877349258259159770e+00
-1.257698516525417531e+00 -3.363043563191999485e+00 2.982912318649844963e+00
-3.991471842222514610e+00 -2.653364503847279288e+00 -2.102104766930423807e+00
-1.958470072786455685e+00 1.141112364302728999e+00 2.807047192023242932e+00
1.776775446965106031e+00 3.209804320327843019e+00 3.833814815629466910e+00
-2.890979995733438113e+00 3.413062075982847610e+00 5.266309182435533476e-01
3.163441410303710288e+00 1.305141332689493394e+00 -3.286415441024994166e+00
-2.239786147751395617e+00 6.134552377273104762e-01 -2.132258149895636556e+00
-1.200316605638479306e+00 6.091240893000067214e-01 -2.193160054549841753e+00
3.730496911007723515e+00 3.142454246573839427e+00 6.266194867602103979e-01
5.298358558778228922e-01 -1.213208132850065013e+00 -1.957128697283297081e+00
3.804470614104582094e+00 -4.625166244789635783e-01 3.363918066303158039e+00
-4.207853436775946254e-01 2.554324186831592236e+00 -5.423303988681787979e-01
-1.251744692475728060e+00 -1.374330584096976615e+00 -3.968216453729311421e+00
-1.630385451568885813e+00 1.423769364505831803e+00 1.952359756380757094e+00
-3.143481565785791965e+00 -3.553923725064788819e+00 8.060316702333997219e-02
-1.298719573412449035e+00 2.941195591173105139e+00 3.216505752048045341e+00
-1.190231917364152459e+00 -2.561425852118141666e+00 -8.679208687502713016e-01
-5.017131216876143940e-01 3.196749034265061518e+00 2.288923193181194859e-01
7.760410058485048834e-01 2.019847036468741308e+00 2.968050938125737392e+00
2.718986920700242838e+00 1.096254162391939069e+00 -8.951676479217087756e-01
-2.221492575759362875e+00 -3.360120163677060567e+00 2.891316681101897768e+00
3.847579377839102754e+00 2.927445322986558018e+00 -1.113369081221058154e+00
-3.096073176710893105e+00 1.040346833802822335e+00 2.813043486952396588e+00
1.260961480329877427e+00 1.193510293499639996e+00 1.061486953052647619e+00
2.394445261102734479e-01 7.789738586540109200e-01 2.860321850386835063e+00
-8.183328719516781424e-01 -3.519072569059458200e-01 2.854589224766481692e+00
2.665606180886001209e+00 -3.305923903862108659e+00 2.976027515826078940e+00
-7.361325354652454855e-01 5.691279722266604502e-01 -4.743720438705659181e-01
4.554537361095049586e-01 3.228988113875183696e+00 1.131566189719142468e+00
6.154510195615836565e-01 -1.576873948467698294e-01 -1.957187329163095457e+00
4.039082986359723293e+00 1.556074697575354548e+00 1.839781449425479831e+00
-6.662198588537435184e-02 -1.976955394439255720e+00 3.567444740973867656e+00
-1.769550528966716385e+00 1.840964934475588066e+00 3.245648896232249392e-01
1.485155452560164846e-02 -2.663496940909174437e+00 -1.276736953076169634e+00
-7.902546431772542457e-01 -1.404105022517510015e+00 9.555216037130315199e-01
-3.535622080968885861e+00 -1.249662477612537126e+00 6.668739280101293465e-01
2.611769076366029729e+00 4.006456601934720752e+00 3.698197091609941811e+00
1.454734170627537682e-01 -1.931582558257336268e+00 -3.453082203959226604e+00
2.587715581548962529e+00 -3.918097175467416093e+00 5.499201821514193567e-01
1.793496102395295555e+00 8.231057921341827788e-01 2.722829692880245567e+00
-1.542262982490465895e+00 2.307877526214005659e+00 2.421345300368360043e+00
-2.401858256599545882e+00 -4.929440093949110091e-01 -4.017000585735110985e-01
3.274806280795666158e+00 4.021271863314030526e+00 -1.470099210746813601e+00
2.169482019955322194e+00 8.998365177184884933e-01 3.580929093904502980e-02
2.627646020377647051e+00 1.397524775090877913e+00 2.905149504374199498e+00
1.492004813837754185e+00 2.623599934698594982e-01 1.676818154587347287e+00
1.366674274070298845e+00 2.896956135791233677e+00 2.976309141258709712e+00
-2.831252656752290875e+00 4.012566143812651420e-02 3.603139115540828108e+00
-1.301866389190450279e+00 3.296421765393415360e+00 8.704966581229768297e-01
1.679003270290773786e+00 -9.940045632207379356e-01 -1.532210473392415506e-01
-2.089819246422206067e+00 2.766851279876606284e+00 6.778466562288506525e-01
-1.610870384500488361e+00 1.337073250021537651e-01 -6.283228548340814568e-01
-2.683710406871400167e+00 2.350868072378165863e+00 -3.814157802296604505e+00
-1.831488357392912381e+00 -1.479805885128988863e-01 -1.548454897673895436e+00
-1.797076204155502177e+00 2.697097188173376292e+00 -2.058203116855637393e+00
-2.981940792242063321e+00 -2.760681353860885867e+00 -7.492419779279086978e-01
-1.752694704794679259e+00 1.421158999413414614e+00 -2.600442018584439019e+00
-4.024673210869172735e+00 -4.138083407502622935e-01 8.979159638622596917e-01
1.400456920738176736e+00 2.829851810057602446e+00 -5.126422689428836721e-01
-3.342990626245554875e+00 1.363364611652545522e-01 -8.514869231310042696e-01
-2.781926062046853332e+00 1.527475585109883349e+00 -6.135933673350234541e-01
-1.722668214078864057e+00 -3.139162311242083891e+00 -2.637229021275661722e+00
-2.255678969821951707e+00 1.766473743797782214e+00 -1.608493611226933462e+00
-3.503815774301212382e+00 1.474989935408653086e+00 1.025269493633196305e+00
1.923633291760382003e+00 2.477613575334472351e+00 -3.619274351505043175e+00
-1.631514211098541445e+00 3.921342582127313126e+00 3.201469400818416577e+00
9.560699042697869965e-01 -5.422609988835650485e-01 4.784265513224222888e-01
-1.354638255015095938e+00 -3.853291051784965671e+00 -5.526679870685932139e-01
2.658734898432941751e+00 -1.075573487279732232e+00 -1.607966007293321758e-02
-2.745675929170490193e+00 1.957872057025302759e+00 4.064490931552789399e-01
1.994450408621564197e+00 -1.554959306246376904e+00 -2.764113059576245757e+00
-2.268565317516118451e+00 3.088500691997777103e+00 -3.372150891989581512e-01
3.275998176328725364e+00 1.273973540297378415e+00 3.828714353274323301e+00
-1.454356526640130154e+00 -2.151656927314274714e+00 1.794501928448952510e+00
2.970314728582382990e+00 2.918094629120067118e-01 -2.624239807504709088e+00
9.821716106778474731e-02 -3.171337939108753168e-01 2.381755087223662137e+00
-6.762830537175473777e-01 -5.637958192666702173e-01 3.794368869479820106e+00
-2.857104865529646265e+00 2.290834796328418577e+00 2.519727501432654115e+00
-3.254873645215221600e+00 2.835932077282431241e+00 -2.773857422448846588e-01
-3.385070594553805101e-01 2.268691100682930895e+00 3.128033733981911091e+00
1.661308395041735997e+00 1.582925390748675554e+00 3.426366831263202073e+00
-3.726358494070729943e+00 3.787503241305672369e-02 2.910251778460225314e+00
-5.616001998799376171e-02 -3.340803187366593985e+00 -3.575049414266951331e+00
-2.383522488583984966e+00 -1.236036076477668555e+00 -1.238785458463281586e+00
-1.376087719894407924e+00 1.951930953756340514e+00 3.359071261596685343e+00
-2.224845072700059045e+00 -3.821129299773564192e+00 1.020377546362064569e+00
-2.672508470261997449e+00 -2.529481039781393381e+00 3.762185679316792930e-01
3.505472802371143004e+00 -3.778152322118016659e+00 2.591306907728099684e+00
3.388159556344775059e+00 -3.622375349018895463e+00 3.965238308015542668e+00
-2.695098682598482398e+00 7.107000443138519197e-01 3.228014029306838090e-02
2.862653741287293219e+00 4.975807852382893581e-01 3.075422926960168724e+00
-3.492352520641153646e+00 9.702127997313013674e-01 4.084501245204998909e+00
1.204609771979475719e+00 -2.670897914245470961e+00 4.330756144125046947e-01
-2.272426182198141742e+00 2.286998398650277764e+00 1.597987578149841603e+00
3.846714183894934358e+00 3.200223204788400277e+00 -4.018126232122619435e+00
-1.092317492517908883e+00 3.539200178900080651e+00 -4.036899576526312927e+00
-3.777053254495301715e+00 -7.149821767809783069e-02 4.094422207594352159e+00
3.202388150771949604e+00 2.748035898407764854e+00 3.169649322812197578e+00
1.226802048783655730e+00 2.488624793125213674e+00 1.146647840061177703e+00
-9.869037074906890084e-01 -2.447213899267189907e-01 1.462013285539669194e-01
2.407580838267026735e+00 -6.597395796649297983e-01 -2.033753749925413246e+00
3.288663435028399640e+00 1.587663844397810387e+00 -2.198939879223239746e+00
3.623511521789862577e+00 -3.538455743496035755e+00 4.558330952869406039e-01
3.171918192431155248e+00 -1.220085843496119038e+00 3.638502615085924763e+00
-1.719459130546580949e+00 -3.125966584246251401e+00 2.033246238630910252e+00
-5.020738684897475546e-01 -2.162319215798365502e+00 -2.960398874192345930e-01
-3.311914696421131232e+00 3.981543768908477610e+00 -1.918171403247311169e+00
2.330780518551074376e+00 3.284023358068159926e+00 4.491493853339675879e-01
1.084729486445628943e+00 1.007774887824141707e+00 -2.028944387531586901e+00
3.990766843336773562e+00 -2.512752627255860016e+00 -3.221175942040535034e+00
-2.547128339018927545e-01 3.874256535207935670e+00 9.845515358441537801e-01
-3.772529427639382593e+00 -2.556396299780773762e-01 1.900076681878113849e+00
-1.045994198754609972e+00 -1.213820089828953619e-01 1.913692944508614158e+00
1.832551702270204474e+00 8.226647734575345261e-01 -1.248772215624483373e+00
-2.217167103420933039e+00 -1.708333170783009392e+00 2.308960246771754932e+00
-3.655680151960886803e+00 2.582855491419835836e+00 6.231528255516385340e-01
-1.895194207222511196e+00 4.057649349435772934e-01 1.765771832591095825e+00
3.950910873008731894e+00 2.360486508290559726e+00 -1.936584616099567446e+00
2.438099379694859348e+00 2.994133076457734965e+00 -2.665708837721900260e+00
-2.979494032343735554e+00 -3.181607321281190615e+00 3.846336060017513603e+00
-5.255027155480199719e-01 3.346717148219763960e+00 1.748701527293333502e+00
5.886733946838150489e-02 8.241574718701907276e-01 5.791570237379841668e-01
-1.234297538921543813e-01 -1.377928829285840706e+00 1.770394932441046620e+00
5.444828379478139357e-01 -1.229967360335910254e+00 -7.128634654206702503e-01
3.701913884913748287e+00 2.500486614203643931e+00 1.512848512526144162e+00
1.048957021393445377e+00 2.212358239009356020e-01 2.579068605166606964e+00
3.150772037039481166e+00 -2.967870216806657302e-01 6.781815070149233016e-01
3.861961234282357935e+00 1.907175417736050704e+00 7.969799685911685971e-01
-2.006947957869799737e+00 -3.155178554527472645e+00 -4.042420093341655973e-01
-1.409592884505005861e+00 -5.070300330454016180e-01 1.106374232375152644e+00
3.254973457624630306e+00 3.953666389661224745e+00 -2.118646796154352030e-01
-2.818605072524816624e+00 1.017364027580819758e-01 2.351263431896792433e+00
-2.206871752556086363e+00 3.100625466783663242e+00 2.708992985617650007e+00
-1.673192150183749227e+00 -3.376605959396645318e+00 -1.566107329847195917e+00
1.508073212727710111e+00 1.474369196309546215e+00 -3.893655838612183562e+00
-1.650945790720221407e+00 1.523387433689418868e+00 -3.686754962280508252e+00
-1.668472534742988289e+00 9.659661985867349365e-01 -1.445082038237257560e-01
-3.397472856505250771e+00 -1.838513470465524824e+00 -1.574906739516523935e+00
-7.881163718502947058e-01 -3.191743914533824444e+00 -2.050352165565824336e+00
-1.842004314897518258e+00 -2.809006172953472547e+00 9.532774069048038923e-01
-3.020624222432215955e+00 -2.509131158138854900e+00 -2.821025826245635582e+00
3.322542934554572613e-01 -1.707688488904750002e-01 3.474609769850004692e+00
1.965394592693259890e+00 3.879205416950910923e+00 2.879503116438642429e+00
-2.464473738962624783e+00 -7.638739266005133421e-01 3.189494798422711330e+00
3.219203320837348947e+00 -1.452803734644947387e+00 -2.481211745347276842e+00
-2.792363802698012876e+00 -3.643093914605555650e+00 1.902782791146672592e+00
-3.359469102846377453e+00 -9.580295396966840293e-01 -8.751928267003851181e-01
-2.362391278792686400e+00 3.355210021854674096e+00 1.453360734342755034e+00
-2.622723314742842482e-01 2.780511007840030580e+00 -4.040974279919839596e+00
3.394034080725304214e+00 -4.026227884528202350e-02 1.707140996220119167e+00
-1.232216573827051187e+00 2.302247724826637310e+00 1.240202227214823205e+00
2.006454352806624986e+00 -1.055230196636204099e+00 4.041836957016335496e+00
2.282687720325226266e+00 2.354567732617159237e+00 8.265822269949538170e-02
-1.688273069289811940e-02 -9.690353083140765822e-01 -3.003340250791045385e+00
-3.839974201349258820e+00 1.181640850202078985e+00 -3.018908481326719073e+00
2.693873040209333158e+00 -1.664538699120174714e+00 8.694924168748302540e-01
-3.015787086714428522e+00 3.763680151352794212e+00 -6.811941915989757623e-01
3.516456075018827399e+00 2.988611226554216405e+00 -2.964858679597820679e+00
1.548556590159188451e+00 4.903946912887217069e-01 -3.524161390609374056e+00
-1.287607599122984281e+00 2.669924295345768694e+00 -1.773294769225056411e-01
1.766265990979114076e+00 -2.888386069180845617e+00 2.645963538124602277e+00
4.024793215015819159e-02 2.259423677936000185e+00 2.853316429367980800e-01
4.594796194728817396e-01 4.106191173009240636e+00 1.698012370473497068e+00
-3.878306226971439674e+00 -5.415355367388773322e-01 -1.699985195463535881e+00
-3.398538581873138842e+00 2.934768322115017813e+00 -1.796482641268310809e+00
9.666686654418780167e-01 1.831854328739283888e+00 -2.642794140813611303e+00
-1.101960033629900026e+00 -1.126969922811963176e+00 1.912552564995275262e+00
3.585798979114090290e+00 -2.392100336238787595e+00 1.094130772313705924e+00
2.352202058994187883e+00 -1.756546801231906318e+00 3.367512816306176049e+00
-2.042755370234620449e-01 1.172830187895911758e+00 -2.442952044406867973e+00
2.699012103872243884e+00 -1.056396704036604461e+00 2.629916548112676278e+00
-3.039988261250726076e+00 -2.659567300260462508e-01 1.283828648216949864e+00
-3.593339442438888920e+00 4.865384432629933920e-01 6.380382471847395598e-01
-2.725919030478760163e+00 1.417049421426097133e+00 1.915289045240109456e+00
-3.424282084233079004e+00 1.669027195874051905e+00 -1.740185067373550165e+00
-1.045935767893038104e+00 1.775226356609560074e+00 -1.995224157416715549e+00
-2.322497748358961278e+00 -6.869781414648062912e-01 6.459618137366126556e-01
-9.531314144487910145e-01 -2.981176937953647244e+00 3.469924375021812141e-02
3.921519493934362277e+00 -3.700537891613917996e+00 -2.127164396805742985e+00
-2.438177244534443615e-03 1.050121939415739503e+00 -3.405575399579503060e+00
-2.458512634779476791e+00 1.126019774727973877e+00 3.675431044186113549e+00
-3.857664981113318348e+00 9.550208981661171270e-01 -1.075035127663411805e+00
-4.331434428355042665e-01 1.209412000525626057e-02 -2.454457695184641519e+00
3.314133566093587113e+00 -5.366434686509459207e-01 -1.731841801482511434e+00
