8.220706914434900980e+00   8.220706914434900980e+00   8.220706914434900980e+00
500
3.629384292958501401e+00 1.591110178304913747e+00 -1.270913928426733897e+00
-2.014533820498193073e+00 1.807730442308137953e+00 2.045646326464445330e-01
-1.523234063191655885e+00 -2.957970272601887274e+00 2.286636484796969349e+00
-1.747606499788580681e-01 -5.769849859649502921e-01 2.317358500501626395e+00
-1.398657502162487631e+00 -3.372987525184671931e+00 -3.043225282896422801e+00
3.335499802814881232e+00 -1.777391879537135289e+00 -8.388738996058323627e-01
3.768584084959301084e+00 3.476753746429111391e+00 -1.519499189190827160e+00
6.965007258138546931e-01 -3.228655211318036233e+00 4.043905476099506124e+00
3.420405019198385688e+00 2.284668085053670250e+00 -3.998816103239420272e+00
3.933373628284322798e+00 1.620699678620533435e+00 3.406347769789393798e+00
-5.255493963047579431e-01 2.298701732989692381e+00 -1.115792400202061385e+00
2.620175689707709754e+00 1.993207332154723455e+00 2.721696061392684385e+00
-2.718695511926430552e-01 -1.628618579093994434e+00 -7.343409416789297151e-01
1.694483305498660775e+00 2.583234330134477563e+00 2.483048127257422855e-01
-3.415546095974077101e+00 1.958824730936816305e+00 -4.042430512022310296e+00
-9.824393919983821499e-01 -3.727797137255954407e+00 -5.884402285323346860e-01
2.597145515049590347e-01 2.354925682366812989e+00 1.417881876564053512e+00
-3.878224631870096584e+00 -2.151785298278126035e+00 1.819945614680772428e+00
3.145557503389393439e+00 -9.940260847808946032e-01 -2.868041899119687432e+00
-2.501778802404185598e+00 -3.283740390515820451e+00 1.598726776574802333e+00
2.121304317750812629e+00 2.903701126310449965e+00 -1.226223398387860541e+00
-3.527231121750588283e+00 -1.102589985590541888e+00 1.533857293603335226e+00
4.894380275937710856e-01 2.435948516530968444e+00 -1.597227978641128532e+00
4.089275772167198397e+00 3.051514916991776349e+00 2.605581785004274842e+00
2.968212436912046392e+00 2.913289373035063967e+00 2.396796319592733759e+00
-1.506010728201857329e+00 -2.719284422694530079e+00 -3.969424638568368024e+00
3.845824278905825011e+00 1.493129299076429550e+00 -2.260437074531955304e+00
2.223194992929760527e+00 7.539326372053696268e-01 4.053931778366651528e+00
-1.903251237308373867e+00 7.093446137975166765e-01 -6.274537486203113357e-01
2.780493213819987819e-01 -2.575195248697235151e+00 -3.260252452671334122e+00
-2.410951138170123631e+00 -1.595482300225470329e+00 -2.093751588859761092e+00
3.926986741066391673e+00 1.813012769650677480e+00 6.138161684532064122e-01
3.047167663435611740e+00 6.177761557340817333e-01 -1.064340778776479812e+00
-2.129237311858664494e+00 1.928485985442656370e+00 -1.732911197244567658e+00
3.249160762218342047e+00 -8.222852583547446415e-01 3.475763161911872956e+00
-3.091190876085867512e+00 -9.680753900496732456e-01 -3.836459183777213955e+00
-7.371370834600690092e-01 1.229444146075523880e+00 4.056243573414723969e+00
-3.078910093666583414e+00 4.160435987785496281e-01 -3.365472933895694019e-01
-3.393584086158003998e+00 -3.609837369525983886e-01 -1.674356880563739658e+00
-9.773992648664028282e-01 5.948156404728073277e-01 -2.802546315193748860e+00
-8.926376382683257615e-01 1.642717475890580925e+00 -2.686933567812071377e+00
-3.558570816066462417e+00 -2.302496443752946043e+00 2.783379562726862932e+00
-4.101964888124577158e+00 -3.389388319074186917e-01 -2.620226167122516436e+00
-3.732869229893985175e+00 -1.695817324535472403e-01 3.121877208073313148e-01
1.759852089738020542e+00 -9.297544965470618816e-01 -7.115148194889737709e-01
3.144278581904997871e+00 3.157412155853831504e+00 -3.261684171595480297e+00
2.879118733079652603e+00 -1.380914873469894832e+00 2.593388263331148913e+00
-2.766438144718925241e+00 -2.307385092270443749e+00 1.934969669779039947e+00
-3.930838708489723388e+00 2.813171388224524616e+00 -3.763937405680439330e+00
1.057775910471759007e+00 -8.595411319986721033e-01 -4.072679510951361159e+00
-1.522792204578210296e+00 -1.694478244514565857e+00 2.813263214215113717e+00
-2.593872110022611199e+00 -5.148429883405236662e-01 -4.118131441562750683e-01
2.567647189413709174e+00 1.919469411883127918e+00 -1.472265473255482959e-01
1.847068339624512667e+00 -2.030397619904899642e+00 3.683489529063089130e+00
-2.426119657397917351e+00 -7.852730362299004119e-02 -2.101917420229807654e+00
-1.926460797085229881e+00 -2.927980091565492771e+00 -2.062873603996777216e+00
1.350549979442235538e+00 -5.533145254911673305e-01 2.903090200541931676e+00
-3.146613088337973263e+00 1.840683910909570953e+00 9.206474090061445015e-01
1.121601447056056911e+00 -2.985651769371819864e-01 7.694281284389988818e-01
-1.100850778624570481e+00 3.243141131119717357e+00 -3.229396381876551203e+00
-1.365438055315404853e+00 2.922240838634117654e+00 1.590075307294457563e+00
-6.218946812115545564e-01 -7.792483983565541283e-01 3.942527539203668496e+00
-2.758048684296572350e-01 2.747921464677313796e+00 2.441413261770025933e+00
-2.559028627593926686e+00 4.101600795564114499e+00 2.509281850365552735e+00
1.449481086813023678e+00 3.853811155003891376e+00 2.484189682964884405e+00
-2.704331540431868408e+00 4.051333200959310599e-01 -1.284787022830566672e+00
2.271664882675094033e-01 3.569578590234051330e+00 -3.151562215069922068e+00
-3.537496469449849634e+00 4.083264030102522035e+00 2.829649704834960477e+00
2.482703719336530224e+00 2.614678540141365470e+00 -2.732833745058778074e+00
2.984329253657935332e+00 1.134673183434982580e+00 3.229012993646743546e+00
-2.760676681057583903e-01 -4.081387132318785582e+00 5.159252942035860157e-01
-9.460536180598151379e-01 9.594494917267712975e-01 -1.040555133106613628e+00
1.412730318673706131e-01 -7.816614232137005791e-01 1.564121353666416137e-01
3.030984992473146011e+00 2.313221654398036065e-01 1.258528949019595666e+00
3.445634956623270240e-01 3.972213287393518755e+00 -3.311900327256251941e-01
2.146099377939210129e+00 -2.712493593269247771e+00 2.898248622778737627e+00
-8.812283267511362983e-02 -6.722174060791289429e-01 1.190240725300179436e+00
3.176834228150609896e+00 -2.559092175280837989e+00 -2.531244059143609615e+00
3.818088444432476969e+00 4.045002947922596626e+00 2.228974194421325272e+00
3.218780474068836384e+00 2.612901919067530443e+00 -8.607475820899962438e-01
4.776447837838415644e-01 8.904205590181762942e-01 8.777244228887579047e-02
-1.950446430869672843e-01 3.581313408028326428e+00 -2.137546799724761915e+00
2.404082522745918382e-01 2.162921217115746642e-01 2.737877167222636743e+00
-2.016319422244372994e+00 3.715025338428957991e+00 3.257968191853749751e+00
6.863965818348763959e-01 1.303474761564296536e+00 -3.220010471735326174e+00
1.160668768383638527e+00 -5.413270552775912847e-01 -3.137130438973105839e+00
1.930068001915137721e+00 -1.770898696181165244e+00 -1.345107613265884294e-01
3.206833364330890390e+00 2.161122278098993377e+00 -1.968257351835715818e+00
-1.880872706424801422e+00 -2.411472745770390169e+00 1.419698071794077254e+00
1.736237598695669959e+00 1.227812932030172277e+00 -3.381169395598131455e+00
4.102607865670338860e+00 7.495835082826050044e-01 -2.954777377535120486e+00
-1.096775147377839321e+00 -8.777355765345119520e-01 9.490140721202060536e-01
1.732939868544891349e+00 -3.118449473875354094e+00 3.912960257171944178e+00
5.600857077500904779e-01 1.348365471784839009e+00 -7.813777004241276858e-01
7.501091060558667811e-01 -1.017479943785011054e+00 1.590844799959246991e+00
-9.525367584663210208e-01 1.983517358659416585e+00 1.086030938686789016e+00
-3.286636208455324670e+00 3.937643866266535397e+00 -1.625131911185627498e+00
1.720705020972363997e+00 1.693764317528715646e-01 -1.056383934309752748e+00
3.517842121007048739e+00 -2.563652123389281723e+00 2.422994660037207204e+00
2.240903641670660917e+00 4.106373277392934895e+00 -1.358952577239973980e+00
-8.649382902266050666e-01 3.983312710055029626e+00 3.484544152587189636e+00
2.373612702761626725e+00 3.433586736105493920e+00 -2.556191265300740700e-01
-1.415151279205300261e+00 -7.350766060785000056e-01 -2.054311161947159015e+00
-1.120513448875938955e+00 -3.054322771596405417e+00 3.050119199438579565e-01
1.675822892492816019e+00 2.085730798263444097e+00 -7.010359283353015947e-01
7.232168096837533755e-02 -4.057942467257614538e+00 1.636995963474235483e+00
6.621190988712275516e-01 -2.998168423482411304e-01 -1.260572484621093281e+00
3.888068613747917013e+00 4.107980990199258997e+00 -2.557780685928839226e+00
-2.364814795582418583e+00 1.847518088514062740e+00 -2.960050919133672576e+00
3.127710711009772382e+00 -3.832267376972619655e+00 -1.892575626748380646e+00
4.782647209349801254e-01 -3.708927148712573008e+00 -1.444089870393618913e+00
2.207571420569771181e+00 -1.090510395572192204e+00 3.683441016482781993e+00
-1.414415469232656264e+00 -1.794182827113395051e+00 -2.246834498629449506e+00
1.948016821346921112e+00 1.333936340765028206e+00 3.231040818342622245e+00
-2.206553450255569260e+00 6.976298441731039190e-01 1.155966805636775785e+00
1.953030499070432358e+00 -2.306506556421392240e+00 -2.510862726476883910e+00
2.682612143993300613e+00 -2.596705951580092098e+00 -4.936735802019362462e-01
2.261089817882195874e+00 -1.003672429240342889e-01 -1.645227119145548922e-01
-3.098958597268501869e+00 2.484935771484125144e+00 -3.192126214063898182e+00
-2.147565791653182288e+00 -8.724570218959997181e-01 -1.355566101899614351e+00
-2.675287006852614002e+00 -6.759219827375576584e-01 1.765860401019848203e+00
-1.997546884382382926e+00 -2.276303606957625902e+00 -2.875746800705041739e+00
-5.197913695385530941e-01 -1.415209930259613946e+00 1.722247173165407430e+00
-2.922071708569054849e+00 -7.058173185645952863e-01 -2.596786597871377555e+00
4.088787606609398217e+00 -3.707021968267024126e-01 3.688823581401206475e+00
1.938857975510303255e+00 -9.275056138172933506e-01 -1.786222311957260889e+00
-2.264766170054714589e+00 3.221610996983791608e+00 1.952024084523574565e+00
2.865397968933003914e-01 2.721838466695311709e+00 -5.390224575814906993e-01
1.326386385791865408e+00 2.507283759190672257e+00 3.680125873498821143e+00
1.100222218418843712e+00 8.296337356616704239e-01 2.684891696722519150e+00
-3.242286866569964454e-01 -1.596938943346652762e+00 2.908776784859109288e+00
3.252079405311695925e+00 -7.414278754752632317e-01 -1.886211521479366438e+00
-1.101231108072984410e+00 6.009441722660283786e-02 -3.698022467564790361e+00
-2.770742154665855494e+00 -9.403570372962941626e-01 3.245574306275812226e+00
-2.345685900499233867e+00 7.676673181344210173e-01 -3.403703548720298677e+00
6.833064498788536945e-01 3.626794555798681596e+00 6.545852103319431681e-01
4.000603277100039934e-01 2.171426557084294107e+00 -2.691936851843899969e+00
1.666116555149235456e-01 8.336980313236107554e-01 3.554461907736004456e+00
2.135871277759457953e+00 -5.461298063156976301e-01 -2.732080035421206698e+00
1.406757922059360233e+00 2.181554002002749904e-01 3.580114405359160035e+00
-3.759329112753867719e+00 -2.758032921582155517e+00 -4.067826937447459379e+00
1.307258650095790009e-01 -1.893753634434589994e+00 1.210911788639416953e+00
2.534824765097942745e-01 -7.071398144705385302e-01 3.255047088922910170e+00
2.630214500690470469e+00 -1.736801946696812315e+00 -1.851410620961607689e+00
1.493836736028689938e+00 2.897870872932057473e+00 1.749069678417312534e+00
1.197856787362579389e+00 -1.932293616645984202e-01 -2.145138535793358781e+00
-1.320467073400550806e+00 3.610322513673417610e+00 2.545402802670468922e+00
-3.960436386537951048e+00 -3.240542007597203789e+00 -8.082196545172463942e-02
1.897523064545487470e+00 -3.101617278965070335e-01 -3.849777259690571274e+00
-1.719937964782867423e+00 7.951749200786986105e-01 3.862039434097805479e+00
-3.371995716157592415e+00 -1.283242437853579609e+00 2.517562527995963251e+00
2.998551149297588481e+00 -4.015863622489600715e+00 -3.101391451374205577e+00
-5.947997560869909828e-01 2.776103042632750650e+00 4.363883434464842503e-01
2.729664688120597926e+00 3.571874202261196007e+00 4.064574294176973801e+00
1.818775185699167629e+00 -1.236193065292370719e+00 -3.572644990079143934e+00
2.126910620463918544e+00 -1.217777584886165609e+00 1.804499604176035277e+00
7.675310630740065365e-01 -2.876311011207561386e+00 -6.924335619707040479e-01
9.133775973642004053e-02 -1.508591425725847257e+00 3.956482277251648139e+00
-1.946171581395326866e+00 -1.221369134548759838e+00 -2.839719533995457290e+00
-2.054337759316957168e+00 -3.433890000117682195e+00 3.332523411565762483e+00
-4.036107988312439332e+00 1.475604158208070338e+00 1.541486781024607566e+00
-4.448095634715201752e-01 -2.818038948991449466e+00 -7.694068289610210831e-01
-6.117913520071919242e-01 3.472219402051136772e+00 1.361936623170912242e+00
-3.132532643713927367e+00 -3.010350861292800939e+00 3.401336229661061417e+00
4.216335620318178434e-01 -3.345002353474130885e+00 1.007355907141483264e+00
1.185457651576964144e+00 3.582686010917599972e+00 -1.337113578399989233e+00
6.815018830507190151e-01 -2.697782090745809658e+00 1.701676305136671230e+00
5.057630143435861703e-01 9.638207049479111110e-02 4.039188059907458772e+00
2.881053869101327436e+00 -1.882901664982188805e+00 3.505272238577557431e+00
-1.058435657685435211e-01 1.841647318564383351e-01 4.827195077401296719e-01
-3.915905802482970266e+00 4.603487753255051107e-01 3.206553815546346886e+00
-4.176288536106670946e-01 2.556428386114840023e+00 -2.226955493514701345e+00
7.748745880552501131e-01 -2.274604150062593089e+00 -2.398903740932304185e+00
1.414142455290007816e-01 3.425024194389675980e+00 -1.212155993747237037e+00
1.787361254207617378e+00 1.132102001764621058e+00 -1.363310684395348638e+00
-3.806371012231611228e+00 3.783241770825491290e+00 3.805969012104463367e+00
3.759224587853378652e-01 3.276779733218274426e+00 1.694116467503377077e+00
-3.903095829635200964e+00 -2.365855653693790028e+00 -1.763999151822443601e+00
1.227415361997949761e+00 1.207324587996657428e+00 3.914516086460777089e+00
-1.123081514800498226e+00 -1.272129326956196849e+00 -1.290173779022271816e+00
1.363290839544565758e+00 -4.090864827455147790e+00 -3.276071247329682468e+00
3.140300227469846384e+00 1.388748301377046079e+00 1.157856952120754013e+00
-3.626657708330794261e+00 -4.798408027126110920e-01 -6.507940683983399754e-01
-8.472436994296530521e-01 -2.214876145778740923e+00 2.293113496512581229e+00
4.033290629394971738e+00 -3.624016244485224636e+00 8.584586241236710213e-01
-2.182782360801342580e+00 2.757465049263354562e+00 -3.408289380859762741e+00
1.632536966629660080e+00 1.051256521276779099e-03 1.947257160558769407e+00
-2.923152776525446139e+00 -4.038005816893785571e+00 9.040526312767577233e-01
-8.787186215912419218e-01 -2.477385823402925347e+00 -3.005471367035282615e+00
2.128672838172358972e+00 3.022106264478350290e+00 1.038354864058378180e+00
9.741828635366386324e-01 -3.559217079725842670e+00 6.460804110520088073e-02
2.743628606586838714e+00 3.396719852925305982e+00 -1.951580677458088164e+00
-3.931302514449522612e+00 -1.154560957300730273e+00 4.999222071152186198e-01
3.621632995829597579e-02 -3.435982309162305626e+00 3.194248798891111463e+00
-3.040633983879315050e+00 -1.996368605415733244e+00 3.636548401504638317e+00
-3.617929722971833240e+00 2.032847837214971420e+00 -1.455397696389835627e+00
2.545419768336501409e+00 -2.148335609919491240e+00 6.416477533756314022e-01
2.597461769669081821e+00 -2.237926078438051469e+00 2.051677934324805275e+00
1.249560111452101330e+00 -3.557433059905533934e+00 3.138693052367941494e+00
-3.455839238094028154e+00 -2.416479725744285822e+00 6.007546423079375419e-02
3.027569454332966828e-02 -3.232937276608052635e+00 -1.860746530970359275e-02
-1.557546248568574265e+00 -1.395940674143270055e+00 1.782834656516071981e+00
3.993320230450863040e+00 -9.592485277045461611e-01 -3.697185864095912766e+00
-3.955591172075156425e+00 -1.614526487077129646e+00 -4.162023764672018178e-01
1.136204396048527299e+00 1.436359006172815977e+00 -2.121464455004269389e+00
-4.104320686272695085e+00 3.667640900486511590e+00 -3.408394086918208998e+00
-3.324591914915409951e+00 1.031026729123261543e+00 2.719259973479986048e+00
-3.753561282555335055e+00 -1.198259493876075332e+00 -2.868922156697440329e+00
-1.974970203772794974e+00 -7.914690629109703002e-01 2.504366057532788403e+00
3.026704006475018804e+00 3.295763991296560835e+00 8.852156740418892777e-01
-1.471860964036290742e+00 3.552831542091123840e+00 -2.312690825436325426e+00
3.422429729567354695e+00 2.572872445981719269e-01 2.719448066689955645e+00
-2.095447054953377908e+00 2.120299156743139513e+00 1.378886209797061779e+00
3.331690286629785280e+00 3.506170748427514638e+00 -5.976378131266869564e-01
1.158661652580563528e+00 1.658509033136771560e+00 9.086083488542572723e-03
2.098477917306261098e+00 4.880741699359864572e-01 2.596195098984579452e+00
-2.153334881478390361e+00 -2.301246922440511877e+00 3.164810237639093415e+00
-3.258026379875577749e+00 -4.022845118039350965e+00 -2.803595683413070194e+00
-2.088601582353434571e-01 -2.158145260784710473e+00 2.082899855970773706e-01
-5.941397239652587009e-02 1.362910784304286915e+00 9.723065463179551005e-01
3.241521071887200622e-01 -1.277456847008935581e+00 -3.168481982413027698e+00
1.872534061673534644e+00 -1.582363369441301071e+00 2.755351661893438386e+00
-3.954505775042216342e+00 3.544620438188927025e+00 9.611925635768404641e-01
-3.374503655845976363e-02 4.774264847603112427e-01 -7.972131972667750865e-01
-9.385490956197123369e-01 -1.690590436333214264e+00 -3.612301852038541483e+00
-1.087147011504480121e+00 3.591574235066394838e+00 -1.298047396239831341e+00
-3.194310940204851068e+00 3.039304040289416142e-01 -2.569586245930270962e+00
-2.845892732079406962e+00 4.092831816411877988e+00 3.593855724363113069e+00
-1.739376835795737097e+00 1.230254494500090945e-01 3.042080237542799548e+00
2.846993876955276281e+00 -4.113949350223871093e-01 -3.663243672198779333e+00
1.403231969874176199e+00 1.147201927489992945e+00 9.112470750188674806e-01
-1.552469651229244185e+00 2.436087731399015688e+00 -2.397412797432549425e+00
-2.634102311442517941e+00 2.596813819762377129e+00 4.471467497387863199e-01
-1.011082596643774423e+00 2.941245380177218038e+00 3.312165488011815206e+00
-1.511610577680632561e+00 1.250621377798073919e+00 -3.428939303697918106e+00
-3.666752467763935375e+00 3.977441855477276356e+00 6.069644917789699529e-02
-1.795200410673616798e+00 3.603963015605535780e+00 -1.945437534600919505e-01
4.051369610175295399e+00 1.770704306868095435e+00 -3.411771154462307720e+00
-2.508357069843577758e+00 -2.992099011154346400e+00 2.573777345407390893e+00
-2.428663433767720647e+00 -2.427219868434538075e+00 -2.612589128715703257e-01
-1.783590707380751025e-02 4.002764334117809852e+00 -4.047963800315574012e+00
7.432392769374109032e-02 -2.516998652185580720e+00 3.803593789243873147e+00
-1.857539166247955231e+00 -2.050046891646644942e-01 -3.073786102777001705e+00
7.816703584244959480e-01 -1.651934719549899677e+00 9.426582569112031129e-03
-2.862370648935003370e+00 -2.485334991845737029e+00 -2.090133225211216139e+00
2.498811621388652870e+00 1.845407611694225958e+00 -1.322956173067632912e+00
-9.281794535499133803e-01 -2.292712014274393972e+00 -1.477083008750094795e+00
3.666658704578484418e+00 3.034371200426314363e+00 1.639235012328028818e+00
1.796595621954012234e+00 -2.769261292041994782e+00 2.554540840559690884e-01
3.979593550766855170e+00 -3.231795968354403303e+00 1.745195374234109753e+00
3.286602747102013389e+00 -3.957771926065202450e+00 1.331988176097363086e+00
-3.647979956428037074e+00 -1.821984331940147417e+00 -3.734874843532006938e+00
-9.763899014608262705e-01 -1.183567394526666039e+00 -1.132276315264945377e-01
1.328295697617932758e+00 1.954751979462340694e+00 2.560976931544683310e+00
1.040735885427813034e+00 -1.539192277225512218e+00 3.289531716333402134e+00
5.879500132675848922e-01 5.753842584583129804e-01 1.022418801521015386e+00
3.948294090959081348e+00 -6.342288204034015608e-01 2.606415786284562053e+00
2.191253089151848243e+00 3.743028113151558145e+00 -2.740780756446767441e+00
-1.246813680436597238e+00 -2.166070914446672546e+00 -3.618142158630114347e-01
-1.527661089500957914e+00 1.841505548443712392e+00 3.638064116163646222e+00
-2.365832536563662547e+00 -2.824986268723931881e-01 4.088963699380988359e+00
3.293519905887381860e+00 -1.481411882593104412e+00 9.018382876358207456e-01
6.932848786055209045e-01 3.020312371607648760e+00 2.635414648404691196e+00
-2.249635985447182129e+00 1.688129978947128018e+00 -7.853527621459462926e-01
-2.419984593888954372e+00 3.734258812062186017e+00 -3.290696313329506406e+00
-4.042854672379679215e+00 5.135469154316696372e-01 1.852657990690456113e+00
3.886946813013641755e+00 -4.380579547974130517e-01 1.188491558704254381e+00
-3.046223966375600778e-01 -3.032921731285301625e+00 1.943913543222402840e+00
9.792706630047309790e-01 9.748289780691851703e-02 -1.144405922092901762e-01
5.768667692885134368e-01 3.875168552560847246e+00 3.367918943902207030e+00
2.215088152300534574e+00 -3.870457808963410962e+00 -3.820631175237634292e+00
-1.576395202178662469e+00 2.737884820346748516e+00 -1.225660045686239652e+00
1.623322005327255901e+00 3.073112533192066564e+00 -2.158677599369690281e+00
-2.750994982520032828e+00 2.471620344728440999e-01 3.259179753273739433e+00
2.365334648893956171e+00 -5.173073694375296405e-01 2.577574969081160461e+00
1.436970374845069953e+00 2.084190572788947371e+00 -2.996035338820931315e+00
1.679247870146383770e+00 -2.622156404057050860e+00 -9.054814862754385629e-01
-3.069145916388488438e+00 -1.253469611196475597e+00 -1.068911306165817088e+00
3.521508183362860311e-01 2.314813782019407906e+00 3.279682519919523198e+00
7.535562918270681809e-01 3.244494253658927629e+00 -4.064585866278870974e+00
1.245651548310344303e+00 -1.363282695835318803e+00 -2.509387504820351111e+00
-2.889177632468466594e+00 -2.356745475434658399e+00 -1.094539957322710366e+00
-4.026448641224864566e+00 -3.531488600510868103e+00 3.528499788674986259e+00
1.914619489050933543e-01 -2.611610965567207288e+00 2.658799400228927023e+00
1.824005874406863237e+00 -2.488591340181865341e+00 1.345014920504604250e+00
1.224679701141444310e+00 1.975889137102692983e+00 1.429171562028250353e+00
2.633787858219426958e+00 -2.142580119437476061e+00 -3.348855491233388104e+00
-3.359041836014327487e+00 -3.349489207335454299e+00 -1.020521819478397818e+00
3.268903337964546907e+00 -2.512845717856276639e+00 -1.496011728876756264e+00
3.726066367719067074e+00 -1.573021473552323801e+00 -2.171720921989206854e+00
3.461950883699842940e+00 -3.167525345691559302e+00 -8.352534913290027285e-01
2.982956942914332110e+00 -3.255759069327505362e+00 1.835781000813583752e+00
2.138494248381935581e+00 4.049798870644875093e-01 9.463898394412895154e-01
-8.612546935495988265e-01 3.287138343485822012e-01 -1.728683627048223370e-01
-2.407579013448818639e+00 -1.562015815031096988e+00 1.177590040376620628e+00
-2.611047727044951694e-01 3.717438804116841577e+00 2.542084600723797383e+00
2.415023249265070948e+00 2.626095520729733845e+00 3.772042703703804900e+00
2.332584143239721186e+00 -3.729992026874936251e+00 3.322037244498262876e+00
2.398312154625389159e+00 -3.259050889189784694e+00 -2.916124296286239037e+00
1.363479944033802127e+00 -1.981766725737133861e+00 -1.638277354310743839e+00
-1.227975058542645881e+00 1.046278963094341208e+00 4.544186496715512114e-01
-1.858697009173005066e+00 -1.985668450405434049e+00 4.213296355650037461e-01
-3.885927285338343640e-01 3.425802771221614917e-01 1.425417725250082368e+00
-2.961870056731065404e+00 2.279734401223366014e+00 1.882742645680348215e+00
-1.284039576383030901e-01 -3.962319658673920109e-01 -3.474013026407847260e+00
6.991768886935677552e-01 -2.477542937519249922e+00 5.870137984785402940e-01
3.668635084974743776e+00 -1.406034801420503522e+00 1.789516576075428134e+00
3.422210450350129940e-01 1.635581492595571840e+00 3.983143690255741554e+00
-8.691595473922992809e-01 -3.823081541011696061e+00 2.076369395556638242e+00
-3.567513732556581552e+00 3.657450510827611190e+00 1.841286060548776859e+00
-2.606014032708733330e-01 -1.779926836163846726e+00 -2.414709791452447796e+00
4.762411638937024128e-01 2.284885254574112512e+00 4.837282415489641552e-01
-1.585641681663159774e+00 3.638239685646937449e+00 -4.037988334643998201e+00
4.053318324601605127e+00 -4.050941050544492938e+00 -7.337726084203258781e-01
-1.065432851444681805e+00 -1.893913988969898154e+00 1.036714081103590646e+00
7.085977427272305285e-01 -1.288221849216370618e+00 -1.306498668298323507e+00
3.606916638308742318e+00 -2.398326012372325788e+00 2.583519394950112985e-02
2.115000842698563588e+00 -9.109345395371062359e-01 8.216679046590499302e-01
7.095034189078232023e-01 6.605034532318843077e-01 -1.603100535753546829e+00
-2.254814007372522244e+00 -3.946269520885998361e+00 -2.196002141878542258e+00
2.882628179246164102e+00 1.221157383698235011e+00 2.118385123654924929e+00
-6.833003772815727794e-01 3.092222541714008122e-01 3.530288018440424835e+00
-2.063904191201931582e+00 2.733589283265323466e+00 3.719093090529528745e+00
-3.735420260042097151e+00 2.525729357843551792e+00 1.393563514648318291e+00
3.708236912932837637e+00 2.842816668729199137e+00 -2.550606696320366407e+00
7.021798517142952001e-01 -1.052944599526183661e-02 1.828683895328832465e+00
2.213103719920549217e+00 1.729779125683388763e+00 7.573551413967130053e-01
-2.239444615847668185e+00 3.619430477553358561e+00 -1.097070366538762221e+00
3.754331718932449213e+00 1.701916137224194353e-02 -4.971924149322926589e-01
-2.076208444453364610e+00 3.418622283133222250e+00 7.582223816293760521e-01
2.696649512311362518e+00 1.030498117306930306e+00 -3.077636723034211652e+00
3.990934735588488991e+00 -3.338018894095888811e+00 -1.748338102331174593e+00
-2.995605999219855597e+00 3.125805278609596893e+00 -3.341789077576281519e-01
-2.884692769982764582e-01 1.259086771976315688e+00 2.723902717679136387e+00
-3.011839880888541376e+00 3.170725335840373749e+00 1.176169106814964671e+00
-1.826909941628338085e+00 4.437649016252984691e-01 2.111761080810239832e+00
2.869179583368697717e+00 -3.164722845491408698e+00 4.754850828457743983e-01
9.187637672710957659e-01 3.053645477460117608e+00 -2.748139641750682927e+00
2.251179330149543301e+00 2.153432779879631109e+00 1.699557947676505698e+00
-2.406036903428755203e+00 1.876570698013488636e+00 -3.978507284869861937e+00
3.093546334987152591e+00 1.321231534850194844e+00 -3.958948433541657153e+00
-3.903637240108307704e+00 2.661574942776140151e+00 3.516413286389566739e+00
2.473923507925051002e+00 2.674318119825714324e-01 -1.864586113718111671e+00
-3.880829846505048142e+00 -1.318500528083687673e+00 3.573209600919097895e+00
-1.944164770042498658e+00 -9.412978072014632769e-01 3.613178181999086025e-01
3.346619442453989013e+00 -3.006575170890185333e+00 -3.408277909952694085e+00
3.438980979555347872e+00 2.090785534547144664e+00 2.032700088673466077e+00
-8.404489372952116399e-01 -6.878118004073935365e-01 -2.885226225119352783e+00
-3.049229050745192016e+00 3.057676802593555898e+00 2.937548935188110555e+00
1.447379074328922988e+00 -3.286412670504032185e+00 2.139372574551073214e+00
2.684714217312037313e-02 1.161648544024280749e+00 -2.531721354276825764e+00
-3.351014038997643496e+00 -8.787729447532305338e-02 1.343876426843017891e+00
3.848672636806931724e+00 -1.743263744323100495e+00 2.802413400708035685e+00
-1.681464739121387497e+00 -8.584344192216589731e-01 3.448115923591329679e+00
1.483698198901326926e+00 3.986000395600945545e+00 3.882410631378307997e+00
-2.347688503667733961e+00 1.136121709046685746e+00 3.043721998792406236e+00
3.202240827687704794e+00 1.953597055038755359e+00 -2.962252137124193663e+00
1.700887007923716165e+00 1.237773901880481642e+00 1.940635253783906222e+00
-2.760656619247493726e+00 2.561158591549735242e+00 -1.168199541118909446e+00
1.481960860605626484e+00 2.173353483070718184e+00 -1.587301077552127015e+00
3.435940615231499962e+00 2.579171099691318414e+00 1.883256928044299838e-01
3.403087900798539955e+00 -2.471461689780542592e+00 1.299532756392268507e+00
-3.446698155886843029e+00 1.657337349039721630e+00 -2.780559291696359292e+00
-8.764938070494759925e-01 3.128596509954383986e+00 -4.763572378661335982e-01
-1.206718628981128472e+00 2.293851501740783672e+00 2.405802618021515737e+00
-4.893054636970333160e-01 -3.815507067980045353e+00 -1.504252824533198085e+00
-6.649309068396319633e-01 1.990850060481509587e+00 3.282143463961887164e+00
2.531274994249251842e-01 1.910934222883212685e+00 2.283265600345746105e+00
3.827263261768037772e+00 1.230891033962278280e+00 2.518849032665124277e+00
3.129112073018992302e+00 8.441872281601482397e-01 -5.221726190152808922e-02
3.237933009231868553e+00 -3.535598573001375922e+00 2.831005460786811589e+00
-3.205049505513608565e+00 2.011217980586007315e+00 3.167699834171108897e+00
-2.985636587203766013e+00 -1.509561902774385178e+00 -1.146484685086156252e-02
-3.256020137113852631e+00 -2.046050356656405889e+00 1.031024376574231960e+00
-2.846568289118078798e+00 -4.781313933899324353e-01 6.894797122427941405e-01
-3.962611988869001678e+00 -2.569527002889435252e+00 -7.733244548438941157e-01
4.412755472153986336e-01 -3.643263860933103615e+00 -3.327299508420071827e+00
-7.772924198388297956e-01 3.965222926594809127e-01 2.458246632298189294e+00
-2.863023980104888455e+00 2.130534203087414979e-01 2.163281682791160954e+00
-9.720993946881868464e-01 -3.146365406360938533e+00 -2.137198115642694241e+00
-1.077047663996667515e-01 1.335671118223660025e+00 -1.489340630717939984e+00
-2.015133096774710975e+00 -1.806989420332687946e+00 4.014155639373155893e+00
-3.398109887664605200e+00 -3.241754750761916437e+00 2.284232622989593509e+00
-1.006350829691930571e+00 2.361338979983744757e+00 -3.911865903735052719e+00
-1.262621188652899074e+00 1.959793123388380298e+00 -5.035448698545895718e-01
1.658312508730446000e+00 -3.558632581984300547e+00 -2.169461143128530889e+00
-3.015464684214558932e+00 1.066654992387207956e+00 3.804420172272003242e+00
3.557493558123308475e+00 3.973405403881764997e+00 2.301078025468205335e-01
6.096215829124685959e-01 -3.807895330236452658e+00 2.401322142784867886e+00
1.869611553290715822e+00 8.502831477832274443e-01 -5.308192447882997128e-02
-1.661569873682666509e+00 -9.703500714598964905e-01 -3.746545466575847971e+00
1.231736533503363207e+00 -3.094114719864228480e+00 -2.927435669266511553e+00
-1.910572529740168557e+00 8.817803528032704119e-02 2.522654037553685447e-01
1.468114213791728462e+00 -3.418688753283486204e+00 1.009157560889791805e+00
3.291281384870734517e+00 3.741009673777118683e-01 3.836551117667232003e+00
-2.234146658129954055e+00 2.296103862740777490e+00 2.591685059212499809e+00
-3.977593960994120437e+00 1.066737053616489517e+00 -7.811819054597082812e-02
1.826740570116959672e+00 3.147375030147397279e+00 -3.653600588549017036e+00
-3.470397406791767558e+00 -2.937638678354443478e+00 1.175471794613021759e+00
-4.098624070417799636e+00 -1.190991875899565011e+00 -1.322319021433119968e+00
-2.924003065718020711e+00 2.363543590835862851e+00 -2.169335470821713407e+00
-1.617328641404431888e-01 1.731317026606868925e+00 -3.481078506254159599e+00
-3.006875782101097627e+00 1.227059976323914725e+00 1.744985574033309561e+00
1.098689241659739357e+00 -1.938265462750186519e+00 2.113570648070400182e+00
3.288240051881743398e+00 -3.801746049638288216e+00 -4.091972976849825194e+00
-4.046872411569957251e+00 -2.667661499809459436e+00 -2.843314209217234545e+00
-2.956964432312465085e+00 -3.625375491960209917e+00 -3.803776560502583948e+00
1.579473234178984664e-01 -2.276850409449704404e+00 -1.555325061697126365e+00
-1.949414651979038293e+00 9.756610753145832371e-01 -2.449652126624181303e+00
2.442092437058501986e+00 -9.348941030146304398e-02 3.540658396018113052e+00
9.155501892679879239e-01 -1.824266471468217965e+00 -3.847397153697013295e+00
-2.308567302261083753e+00 -2.882290800310495893e+00 6.217884061322319633e-01
-2.590759649100654816e+00 -2.668827071095800196e+00 -3.961896470698903716e+00
-1.925942870833888154e+00 -3.876753055836355544e-01 1.222364917384976213e+00
1.783980606331219798e+00 4.753408253655586613e-01 -2.717274544984908946e+00
1.763336186500495728e+00 -3.788090662947397824e+00 -6.158295699750044871e-01
-6.163387432466470583e-01 1.303851211876345007e+00 1.793794561354102646e+00
-2.173412305567975211e-01 3.085505399781172997e+00 3.840346459023053605e+00
-3.399398679779613630e+00 -1.508524287759302140e+00 -1.995292543992739587e+00
-2.983518005570401588e+00 -3.312981861821802987e+00 1.451796511935028733e-01
-1.626090209269230646e+00 1.373517885314342157e+00 1.782928093564141836e+00
-1.963266765880932185e+00 -3.611268681428557059e+00 -1.261653720049099245e-02
-3.787675906178377350e+00 6.457309278949022735e-01 -1.038303676107804829e+00
-2.693602311360241863e+00 1.079287833348129722e+00 2.785169062556969166e-01
1.133264082114003202e+00 4.179371163545619328e-01 -3.486621928412393601e+00
2.936724813766946163e+00 1.149188701713550698e+00 -1.992467349713569646e+00
-1.350114729329947583e+00 1.362431556057172699e+00 2.751710834222956148e+00
-1.704976715286455002e+00 3.829273797451848704e-01 -1.600507834018206399e+00
-3.383377713505246742e+00 1.801275785623839831e-01 -3.836426964270211126e+00
8.461275625751103480e-01 -4.088245463313523231e+00 -2.323206435238083234e+00
-1.219299231954008134e+00 -3.568073054523153154e-01 1.944148774097216537e+00
4.402512051753483258e-01 9.573984075725272547e-01 2.020464443923755571e+00
3.647243529246233074e+00 -2.616077083264224612e+00 3.439678597017445050e+00
-5.582519918950508142e-01 4.346459812419848912e-01 -1.894042251751889339e+00
2.881619659347686824e+00 -1.363559947181393728e+00 7.822830666779176378e-03
3.153143737040558392e+00 2.361981533735119099e-01 -2.672357290665428042e+00
-9.971655705401341052e-01 -2.177354610377716160e+00 3.616552786828989063e+00
-3.208026814879612498e+00 1.904541587571408678e+00 -2.404868523795249957e-01
-3.455262076096313528e+00 8.460427402073344982e-01 8.358844829034043356e-01
2.399969220489559962e+00 1.885691799388626633e+00 -3.631464900563027953e+00
7.833761368705348671e-01 2.321702838494994037e+00 -3.651734195858733489e+00
-1.286799476226822447e+00 -3.144462929941895357e+00 1.247661719241063283e+00
2.055148948585650448e+00 3.535970250060938458e+00 3.255760771010516308e+00
-3.815849255469204948e+00 2.080006798119817368e+00 2.399610640767488423e+00
-2.795947465829946132e+00 -4.080396349898018471e+00 -4.664013070628402202e-01
-1.427447300597008140e-01 7.330782563131105212e-01 -3.518650475335073580e+00
-2.342539990853559573e+00 -3.374525463335764641e+00 -1.074734773176579061e+00
-3.046710857514229875e+00 3.146311018393908476e+00 4.003141987709254224e+00
-1.757574312092786695e-01 -6.805515754298518960e-01 -1.877764920901122236e+00
-3.681605178512965093e+00 2.722628141865295781e+00 3.770040318874782748e-01
-3.552176795811398669e-01 1.422382818619292388e+00 -1.692966811296475749e-01
3.322510745764251983e+00 2.556752648585296495e+00 3.204191240651267591e+00
-3.487556471640774092e+00 1.076373549363400794e+00 -1.977281567464053369e+00
3.069132702380588107e+00 -6.000722560190687727e-01 1.842238483578241492e+00
1.380650756321492922e+00 -1.568722234954440076e+00 9.792533865667208959e-01
2.764451055675954727e+00 -3.840446170837749751e+00 -3.172187467936910532e-01
3.785271407665604659e+00 6.752147020297892543e-02 -3.546982597174153096e+00
-2.548641026502964202e+00 3.241247267386366815e+00 -2.004031133904894180e+00
1.164662045474711860e+00 3.893809305465300241e+00 1.558548497020646240e+00
3.606297393266977735e+00 3.287842699548388481e+00 3.978171265331618578e+00
-1.479972361426629135e+00 -2.993997901216501334e-01 -7.195846721620539066e-01
9.858930901705976746e-01 -2.540423872865950727e+00 3.280746441210354636e+00
-1.173552709633349789e+00 1.802316879428840668e+00 -1.749328218753821496e+00
3.644065643866678528e+00 -2.101532076675637573e+00 -3.849633360352656464e+00
3.774099652155397777e+00 4.964523677796424672e-01 -1.842555332169031335e+00
2.336740167733891482e+00 -3.063358469089117797e+00 -1.564744367448823503e+00
2.282458419299178587e+00 -3.811548086570776039e+00 2.314290296451852136e+00
3.190760088174903419e+00 -5.313372244844778436e-01 4.582076038777474492e-01
-2.830329787494572535e+00 -2.931983079530779079e+00 -2.962372199877636891e+00
3.424459922033364356e-01 -1.545471032512828469e-01 -2.646139131479872564e+00
-1.893771749568138762e+00 -2.287474095336846425e+00 -1.195041715495494428e+00
-5.143251549480112317e-01 -4.786576088417803243e-01 -8.038427242696902786e-01
-8.003360722432023566e-01 -3.078374645097866846e+00 2.928336653579422855e+00
2.197273189577301888e+00 1.666705308426188470e+00 -2.371287440801151725e+00
-1.342148389754088678e+00 -4.093988532268948433e+00 6.798511815384744583e-01
-1.615811848786961269e+00 2.662125549731247709e+00 1.097956091613891405e-01
2.261126787505550961e+00 -4.015625728314059728e+00 1.244726101089386860e+00
-1.096384872447297765e+00 1.065391319958614580e-01 8.176381170763538098e-01
2.838631788020276492e+00 -2.814310125750782987e+00 4.060980395104727414e+00
4.025539648011834615e+00 2.115778643118399138e+00 -4.970015068780710976e-01
-1.935812902525679835e+00 -3.590428229884977007e+00 -3.864239622516149275e+00
-1.493516680742801084e+00 -3.691172780684487176e+00 -1.465010523553252009e+00
1.139121238442403206e+00 3.308574139633773559e+00 -2.619093134815331791e-01
1.840276082701659544e+00 2.805506557598416606e+00 2.739305560682684160e+00
-4.287512714290827032e-01 -3.314629243391459479e+00 -3.859003285855683085e+00
-2.115900010703490430e+00 -1.514106259836776713e+00 -5.823980665751139485e-01
-1.929393174377829756e-01 2.683860611533560814e+00 -3.307647884851758313e+00
-3.771287872429301746e+00 2.956990096082177999e+00 -9.583172214825389501e-01
1.664817757025750744e+00 -2.454847112820693233e+00 -3.559696340135454218e+00
-3.585421850564288970e+00 3.196132896034722837e+00 -2.353700889538205221e+00
3.002226253404691736e+00 -1.311572859173279815e+00 -3.859669679450109303e+00
-3.202051086463017615e+00 -3.480556389505107262e+00 -2.049698119869241442e+00
-1.930606185063805658e+00 -4.100237454827091454e+00 1.481049211116785225e+00
-2.734797993508600644e+00 -1.735572033843402417e+00 -3.306435100879232092e+00
-4.398492127971336818e-01 -2.728994495003830956e+00 1.059850685149269944e+00
-3.982786876614619498e+00 -3.584027354866056836e+00 -3.540800365616209699e+00
-3.885532111969517421e-01 -3.734990193399319036e+00 -2.754118174357776727e+00
3.028162363337380647e+00 3.656883033158161656e+00 3.035232022653505890e+00
2.311018759954781565e+00 3.498582942583165156e+00 1.966959866908303267e+00
-3.971184136780914198e+00 1.009223698470087971e+00 -4.066592811550213682e+00
