8.220706914434900980e+00   8.220706914434900980e+00   8.220706914434900980e+00
500
3.362385958955682153e+00 1.695874768998404392e+00 -9.535053260748296289e-01
-2.088754254698061086e+00 1.868984039282845844e+00 5.821999651436293721e-01
-1.906639797869160491e+00 -2.337831664046684299e+00 1.667365517443592848e+00
-3.097704794056361788e-01 -8.441411256362761906e-01 2.188864275815297855e+00
-2.196879460048265287e+00 -3.178626167019092730e+00 -3.056145942610315025e+00
3.840787644718606231e+00 -2.137393923007774532e+00 -1.142272892588792832e+00
3.921551706734394571e+00 3.611288856326062113e+00 -1.399992770222963978e+00
6.783509874217725777e-01 -3.413037755684662056e+00 4.065251000015521754e+00
3.394912843687616366e+00 2.559184052656978903e+00 4.050313833668244712e+00
3.699018327612327184e+00 2.082908056297394950e+00 3.742731876789226586e+00
-4.055346387844302458e-01 2.085148050059954627e+00 -1.317374717684868912e+00
2.192889378366373876e+00 2.126725555314781690e+00 2.674143699843821942e+00
-2.234044453063375735e-01 -2.079182769417440735e+00 -3.159321148612957431e-01
1.504444218135525979e+00 2.380817652880412805e+00 6.923773307878222649e-01
-3.499564075099959037e+00 1.817278782722816288e+00 -3.927782635727172789e+00
-1.281709970614548277e+00 -3.558453980719499032e+00 -4.643706430322440681e-01
4.319522559245588811e-01 1.750551255592197597e+00 1.393259889340746627e+00
-3.928021847929864308e+00 -2.340695176864803440e+00 2.143475007158468060e+00
3.320554260245926148e+00 -1.287539314854847738e+00 -2.916667952174427203e+00
-2.230564420215987553e+00 -2.880853905744064303e+00 1.785188656578152511e+00
2.229393551291054543e+00 2.841754576779275787e+00 -1.499681240311571351e+00
-3.550509245690857352e+00 -1.586154662836428697e+00 1.182740362526599753e+00
5.462160003455487356e-01 2.313827504330720153e+00 -1.531512965242568303e+00
3.948295188522784827e+00 2.521570098969668994e+00 2.925916541722165309e+00
2.812567838147314259e+00 2.814178255631829106e+00 2.504660432376420776e+00
-1.661922999670457202e+00 -1.757242842563126572e+00 -3.762881961510314621e+00
3.974381751708578214e+00 1.086935557972384947e+00 -2.354253258733877363e+00
2.740553448557224048e+00 9.693170411999677549e-01 3.686514548076314401e+00
-2.105867703085593678e+00 7.078149802980540084e-01 -3.440471657747490863e-01
1.001625021530233806e+00 -2.056930497901041655e+00 -3.272908160040637782e+00
-2.797231243339235451e+00 -1.926468249220111506e+00 -2.008280955616509100e+00
3.658421361337587996e+00 1.861930601081949188e+00 6.846904163232768736e-01
3.084871992694794507e+00 4.880015441616194494e-01 -1.084130496880479244e+00
-1.883949285325679623e+00 2.138473754516250658e+00 -1.839369043406638315e+00
3.216976827246262438e+00 -1.112888552746106541e+00 3.796336860648865663e+00
-3.019914544985425664e+00 -1.094717017639204482e+00 -3.687307209785794182e+00
-3.193316038278692925e-01 1.025460193340806958e+00 4.061786772300844284e+00
-3.282779459332929584e+00 6.346406569128054675e-01 -4.555821875425613010e-01
-3.279849710004525409e+00 -9.184229086614202897e-01 -1.871240170125270552e+00
-1.598382566012284567e+00 9.401964378719144255e-01 -2.835165934399576759e+00
-6.689500556022631717e-01 1.851021082755597513e+00 -3.200280311289608548e+00
-3.357827577331057078e+00 -2.564708479322023393e+00 2.656320939366499712e+00
-3.725938812596690131e+00 -5.952552519233388351e-01 -2.863014488732122054e+00
-3.434732685689969589e+00 -7.983572839438030089e-02 6.726752064747306692e-01
1.845065068710825651e+00 -1.223110111033085534e+00 -2.045295947757460875e-01
2.992173118489591666e+00 2.965805458462972055e+00 -3.538591750970596195e+00
3.318815821190541637e+00 -1.500594942713094460e+00 2.353051084328939169e+00
-2.797956511438299376e+00 -2.542752649005154186e+00 1.534041265813070654e+00
3.939055460520525465e+00 2.727281835408704058e+00 -3.736368668940516002e+00
8.299378491638474964e-01 -1.068546590148421016e+00 -3.885804530050476657e+00
-1.554845925228631076e+00 -1.809152093767662617e+00 2.621374666814357379e+00
-2.653490601975683649e+00 -3.733161559666201557e-01 -4.856269129449453104e-01
2.452663694695822016e+00 2.329291980574205390e+00 -3.393450973510412361e-01
1.892856609459035999e+00 -2.269957641771755075e+00 3.859355464499104826e+00
-2.633627318919288474e+00 -1.828911463320955777e-01 -2.108452619270808182e+00
-2.070862448768055586e+00 -2.476184552864874711e+00 -1.647215445517731247e+00
1.567645439373191785e+00 -6.812525309980776989e-01 3.573641975076617516e+00
-2.945497809936711064e+00 1.548812588879224794e+00 8.455134437723171859e-01
6.172685974202832826e-01 -2.408806943154782193e-02 8.117339131919227846e-01
-1.495790586950564327e+00 3.081438024302628698e+00 -3.603680006404384795e+00
-1.597093721430860036e+00 2.625928515210958825e+00 1.867742374962785723e+00
-9.385210248672847255e-01 -7.386700556047245403e-01 3.584106165470976713e+00
-1.680561670183366996e-01 2.749846402528663081e+00 2.690776823213277602e+00
-2.666970045051952454e+00 -3.941968380916627712e+00 2.620617977626782391e+00
1.194951737292486493e+00 3.232168679923280052e+00 2.882443003123396519e+00
-3.159074259611094782e+00 -3.401598080820023573e-01 -1.573732168800023201e+00
5.142103471148775640e-01 3.723346604486938549e+00 -3.183350983911537924e+00
-3.795307207996240884e+00 -4.059567848138636137e+00 3.031480225173843746e+00
2.358304443258716354e+00 2.710938640845654390e+00 -2.886924193318594956e+00
3.185727286300620520e+00 1.348794482473469891e+00 3.481446259702544399e+00
-6.514615878190948006e-01 -3.510425748601263773e+00 5.655260192401244668e-01
-9.643801284912807414e-01 1.089468583855059292e+00 -6.022176643571808263e-01
5.814432058603389297e-01 -3.834377994260041445e-01 5.042810740672148961e-02
3.076328177116092188e+00 3.194376706257148202e-01 1.776460529856298098e+00
6.196861662009287564e-01 3.822492967351216908e+00 -4.287688833191218851e-01
1.755050907685611783e+00 -2.705539856487516825e+00 2.818571021128675635e+00
1.758459672712754662e-01 -2.268510923480841768e-01 1.186158656169660652e+00
3.567554360428307536e+00 -2.738336828496349185e+00 -1.827583810911361129e+00
3.810734012180179153e+00 3.735104889116157345e+00 2.819985662563260664e+00
3.535333440294146978e+00 2.765662462792645382e+00 -7.988814614796714286e-01
3.439701486986811441e-01 9.157640557162405326e-01 3.142422401957730704e-01
-9.449249084584138147e-01 2.958814701012333792e+00 -2.083456065490609799e+00
3.768884192443364145e-01 1.665816811687573784e-01 3.033159987788491385e+00
-2.200379042536613206e+00 3.651476873243759247e+00 3.745546425063431162e+00
8.589626952844926500e-01 1.342573343224541915e+00 -3.759720966332353420e+00
1.018593764091857867e+00 -7.581409824824532073e-01 -3.301961759688494702e+00
1.663179109393082111e+00 -1.481612289597323162e+00 -3.471727718415434927e-02
2.940620006328020786e+00 2.650532541153121535e+00 -2.069888339129362098e+00
-1.860024881150392551e+00 -2.569247229859179527e+00 8.899900732729904007e-01
1.207762454269301955e+00 1.222075323157257420e+00 -3.777446505255606546e+00
-3.852754160045932963e+00 8.222499867955063158e-01 -2.988872903704302697e+00
-9.312727814135730586e-01 -1.502185591471480564e+00 8.907356047208261351e-01
1.371227748685242220e+00 -3.402823534398107252e+00 3.849149346498085045e+00
5.625972870343510790e-01 1.680195614125352677e+00 -5.226969066936633102e-01
6.250933534525912050e-01 -6.372415897783229033e-01 1.017312696300272323e+00
-7.308316372691798790e-01 1.836289011110084912e+00 1.074039304305316689e+00
-3.382950415373912723e+00 3.619393564460532176e+00 -1.386957894017853521e+00
1.784262450838367986e+00 5.265040472805956329e-01 -1.185678860993495842e+00
3.429298170684779379e+00 -2.653817299519051431e+00 2.545403488477530729e+00
2.139634404941293866e+00 3.773144577173172198e+00 -1.831227200441671421e+00
-3.914022961060422134e-01 3.960828007375056803e+00 3.611214376499217060e+00
2.195403623128348247e+00 -3.958759033922734094e+00 -6.094869087567544863e-01
-1.754745290162191163e+00 -6.060277503032277524e-01 -1.883204537852814831e+00
-1.118319707676786123e+00 -2.977813636711118761e+00 3.478302479203225772e-01
1.261279024949319316e+00 1.968440482069655051e+00 -7.698648547919481056e-01
-1.719635501168148214e-02 -3.648314537163202864e+00 1.797368367026795699e+00
-1.863177254735854937e-01 2.277202177797776061e-01 -6.626080586130969063e-01
-3.828403857470072502e+00 -3.747017800502495888e+00 -2.235781515130027319e+00
-2.289446494362419759e+00 1.501459694520169696e+00 -2.618252800846424311e+00
3.158913876307269497e+00 3.906365877338138670e+00 -1.663421137716647902e+00
3.489183415085893580e-01 3.681449226381177997e+00 -1.508821842341723896e+00
2.382567384583354819e+00 -8.253405125813660925e-01 3.904643258997624766e+00
-1.689151880335894029e+00 -1.682086344276603196e+00 -1.729119340990672438e+00
1.960571777880778521e+00 9.602776988754575527e-01 3.559784544627234926e+00
-1.986441181213966622e+00 6.214030182818670589e-01 1.156738620327603329e+00
2.133680187276135065e+00 -2.676811326342286357e+00 -2.743108177501210498e+00
3.060986020373101191e+00 -2.282062489382328696e+00 -5.619577015407355158e-02
2.011256047722524087e+00 5.259268919276021137e-01 4.251688732942389415e-02
-3.475965033790976655e+00 2.623722837572330491e+00 -3.356508657180934829e+00
-2.218565726722212084e+00 -1.189000177195548513e+00 -1.294002040266891251e+00
-3.116196277401271253e+00 -9.519611022743583728e-01 1.714400151597075039e+00
-2.467988922836602761e+00 -2.625803383173423988e+00 -2.713679783195513284e+00
-6.722701042768213231e-01 -2.037609016101537662e+00 1.766079414850345586e+00
-3.086740238089661581e+00 -8.745928720362998732e-01 -2.491698118807057050e+00
3.951625001063571840e+00 -2.441464878141135497e-01 3.982157040971683770e+00
1.949761474401980443e+00 -1.647951347693530133e+00 -1.545151162172750947e+00
-1.677937872220236049e+00 3.930135302427303579e+00 1.920789425362055658e+00
3.541471583235435427e-01 2.409225051464298772e+00 -5.725144989651281824e-01
1.671192603951022537e+00 2.762599722649702105e+00 3.696408099136688996e+00
8.674694686431323465e-01 6.145825870928581791e-01 2.876872251228027810e+00
6.287177594477391662e-02 -1.874613292705966883e+00 2.944337118741148007e+00
2.976705868973052116e+00 -9.097062910229141153e-01 -2.612408689531154682e+00
-8.947672000615463084e-01 3.128623715346228185e-01 -3.376382051261756612e+00
-2.873288591332643360e+00 -7.879627895098735291e-01 3.491759240599944025e+00
-2.330362945687165066e+00 6.574794333305150618e-01 -3.149234294015676561e+00
2.629872333940059814e-01 -4.007819668161959115e+00 8.793583538050845361e-01
5.729726514250761404e-01 2.316443761128324841e+00 -2.821918236321198314e+00
4.494241850038507291e-01 1.116092435122336024e+00 3.404752830237856909e+00
2.109614160677332428e+00 -5.534226335493404036e-01 -2.544238588199037920e+00
1.202844871568023777e+00 7.992300599638645364e-01 3.493835397260345310e+00
-3.625527903751385672e+00 -2.601620021489249979e+00 -3.896378007913352981e+00
1.503744408163504853e-01 -2.553182536428955984e+00 1.353827820895809886e+00
3.407871140764776596e-01 -7.058251831434936285e-01 3.570575351220629745e+00
2.734382837395349153e+00 -1.679955336398808674e+00 -2.094668137241724626e+00
1.782617949163878723e+00 2.618036506492517734e+00 1.855624398132413422e+00
1.095135787260237636e+00 -1.356296975668249971e-01 -1.960736768261934548e+00
-1.163142183247313666e+00 3.184440541825061199e+00 2.538468434003971375e+00
-3.628063594690586591e+00 -3.000579933579294423e+00 -2.208863591142228300e-01
1.684937869714071557e+00 -1.685899133840826347e-01 4.059371698712111787e+00
-1.985271091230537355e+00 6.231039710270367404e-01 3.971080250333568262e+00
-3.536986178392971247e+00 -1.691978063949651556e+00 1.951749998864368285e+00
2.810694457871246499e+00 -3.814831730788804887e+00 -3.333057401513266793e+00
-2.687478282998502777e-01 2.455257925591666002e+00 5.632619167286180284e-01
2.383875517588379900e+00 3.752077216324522180e+00 -3.855787976290593555e+00
1.235471245339144097e+00 -7.903639858508411109e-01 -4.038184546155433097e+00
1.990289108437605314e+00 -1.333403496688650547e+00 1.388017934113475738e+00
4.691799346818554262e-01 -2.845463498391133772e+00 -6.367408096528213157e-01
4.074558836536791850e-01 -1.643035656345918305e+00 3.680888217966101994e+00
-2.390263892347004759e+00 -5.628004732407941857e-01 -2.928953810285716663e+00
-2.042807500313964297e+00 -3.306581068769174347e+00 3.322833306175530410e+00
3.861840787378014284e+00 1.582243069293745252e+00 1.479299069466206040e+00
-5.621147450071427576e-01 -2.487657635449752380e+00 -4.653342021532123063e-01
-2.125886449735330808e-01 2.914881583897619866e+00 9.164579044675270625e-01
-3.027551717675799559e+00 -2.683542294255878868e+00 3.409299565034209056e+00
1.806452447751049628e-01 -3.130045742416532217e+00 1.409914916255535111e+00
1.409923107231235040e+00 3.023243514915476826e+00 -1.430307464308676835e+00
6.893600830274029256e-01 -2.696299832708723532e+00 1.754540460275527236e+00
4.451897883634816089e-01 2.999421326280572453e-01 3.716785965224639554e+00
2.608055266083872059e+00 -1.967875213809352708e+00 3.945712491049609305e+00
1.015464157055353395e-01 2.275577611397723854e-01 5.366962104781761722e-01
-4.010539949485702138e+00 3.946886958747567453e-01 3.628506597676643963e+00
-8.630761905212992746e-02 2.155386746356334982e+00 -2.519404709407218057e+00
3.718680075047529621e-01 -2.690928225968503895e+00 -2.135977652285519390e+00
5.437503156213316924e-01 3.054250578580682607e+00 -1.430414983720925459e+00
1.327830186946023394e+00 1.334681003176658720e+00 -1.385631005774343949e+00
-4.039531383708705015e+00 3.495234834959919823e+00 3.620722605222733481e+00
4.182826186776186228e-01 3.491105935758502365e+00 2.284849919517240924e+00
-3.700731137795680858e+00 -2.008023106746644526e+00 -1.411819479659798038e+00
1.065987213186893268e+00 1.402776975024375705e+00 4.051059783307636053e+00
-1.547747024336876276e+00 -1.513381231893520029e+00 -1.208250768471488268e+00
1.849677087985146740e+00 4.060760754926088012e+00 -3.508004695824198382e+00
3.014727874941142804e+00 1.668544059059075879e+00 1.221106165112965103e+00
-3.820064280074235707e+00 -3.531645621646579691e-01 -2.587037034178927275e-01
-5.563864203760924276e-01 -1.822487131875359712e+00 2.442060705035460355e+00
-3.959592854698901654e+00 -3.946238441954815990e+00 1.076977522041102198e+00
-2.389779683293438595e+00 2.383557221432162532e+00 -2.976043662075883667e+00
1.196542712508395390e+00 3.154751189871965456e-02 2.192127434068792180e+00
-2.992553336101611450e+00 -3.633382968459355489e+00 9.864653284135802558e-01
-1.046967477538019775e+00 -2.011808545754277144e+00 -3.260712067150951299e+00
2.221501133899225433e+00 2.396257013197369279e+00 1.476206320420810680e+00
1.275426981910778412e+00 -3.585098412621768649e+00 -1.064906531439372417e-01
2.429263943476631660e+00 2.990440688031877237e+00 -1.980099259660730526e+00
-3.711447396490537898e+00 -1.410903397832905526e+00 3.236555892059090334e-01
3.128504372035087466e-01 -3.690129231498681328e+00 2.966421556371506174e+00
-3.465813644332753185e+00 -2.138328435221601431e+00 3.615313352087863308e+00
-3.110774680934985437e+00 2.276093810286828223e+00 -1.149120094298367922e+00
2.118626744065631229e+00 -2.526330427601934048e+00 2.567496021529565575e-01
2.134839436588098494e+00 -2.064260572208799438e+00 2.110684722558609394e+00
1.324578729068518257e+00 -3.684871162308835046e+00 2.764597118815003807e+00
-3.267412522622496596e+00 -2.497034555647220877e+00 1.504429797789390011e-01
5.999790934791422725e-02 -3.200723647979093478e+00 2.851606166859061986e-01
-2.118209205471525358e+00 -1.687891985197947919e+00 1.730109869873468709e+00
-4.098246000839403713e+00 -1.653545227013371921e+00 -3.578358590802391603e+00
-3.654415270235053192e+00 -1.478411043206035558e+00 -4.501256546310431483e-01
9.260352428309591710e-01 2.099675129128519835e+00 -2.192136336167796351e+00
3.713131737846235403e+00 4.004817985019923476e+00 -3.217207322726022500e+00
-3.070427124135004959e+00 9.605217630405881168e-01 2.826493208489849085e+00
-3.672918444928843229e+00 -1.344744534367008582e+00 -2.702744037951859024e+00
-1.738687471246534777e+00 6.258851844390461716e-02 2.931163838573751512e+00
2.779627762688965387e+00 3.231378473875980539e+00 7.676469860959349578e-01
-1.368603399209999072e+00 2.878783211521548147e+00 -2.261530467981334169e+00
3.235828367903962999e+00 7.852362827726545591e-01 2.416547009569872451e+00
-1.987209937973532625e+00 1.970741995294269300e+00 1.355310086627389277e+00
3.637486953995037187e+00 3.806758895579760438e+00 -5.010349085143783743e-01
1.008399527115414696e+00 1.814660125932088031e+00 4.294093270526248562e-01
2.214608202535708337e+00 4.480640106020639113e-01 2.872441466535625487e+00
-2.285542733497744283e+00 -2.424725343384388498e+00 3.167631543086226742e+00
-3.304525799135825004e+00 -3.797025601107113957e+00 -2.976904741567638624e+00
-3.322427266869298346e-01 -2.291999205408879359e+00 3.318256387154352449e-01
6.385313295046048110e-02 1.107628479289995527e+00 1.252108702884127345e+00
3.119403331399137058e-01 -1.548899846492771681e+00 -3.581669443052299950e+00
2.422203464889858271e+00 -1.579079241295851865e+00 2.559170346366498983e+00
-3.819396502431930074e+00 3.756381807125795280e+00 4.307524928098316885e-01
-2.417767699694055028e-01 3.140942468200282334e-01 -3.538522766007587417e-02
-1.263097085389496943e+00 -1.246881633278293267e+00 -3.868889899964766954e+00
-1.312190592875148942e+00 3.872328155309435527e+00 -1.078053873873725754e+00
-3.306457742006620570e+00 2.175043695729787507e-01 -2.954573995379425444e+00
-3.064705549745903035e+00 3.689096558107663792e+00 3.982626923414146258e+00
-1.558334392376126809e+00 -1.535789486381515800e-01 3.745373042465054869e+00
3.105110594731421703e+00 -4.455731072340837207e-01 -3.828349976597269055e+00
9.623956972744451832e-01 1.223787556269616328e+00 8.953764539541548828e-01
-1.312286373174993637e+00 2.538961909824838603e+00 -3.028767854502940615e+00
-2.773132025580314242e+00 2.757930247806221313e+00 4.060335593612989236e-01
-9.055995365689079035e-01 2.827375284838203218e+00 3.247279043063161286e+00
-2.145582719055384224e+00 1.499255056691216614e+00 -3.729589476316539809e+00
-3.621292358348315865e+00 -4.056403208735877008e+00 -1.050246178808622588e-02
-1.877721043650512067e+00 -4.087485235646963311e+00 -3.606657159895954590e-01
3.934903417456240504e+00 1.643952858293850294e+00 -3.849413054053348215e+00
-2.830733631174813247e+00 -2.849333694409148965e+00 2.850687222683029098e+00
-2.372400930134212604e+00 -2.604732825920710759e+00 -4.311324145403121477e-01
3.045968658868073442e-01 -3.881736483576762264e+00 3.574656337565291775e+00
6.948029398394293121e-01 -2.498120323074603633e+00 -4.001270896224546902e+00
-2.108823917211843035e+00 7.406880517434699662e-02 -3.433156913798177001e+00
4.256737536020103185e-01 -1.705235701690723138e+00 3.689133801547656022e-01
-2.865819278866949649e+00 -2.515761197909672564e+00 -1.645131298814529686e+00
2.449201153768704842e+00 2.043005025037870848e+00 -1.195771082975734645e+00
-1.288579993606738583e+00 -2.025328926997389978e+00 -1.342845864984125059e+00
3.592921501827121666e+00 3.178056258828272806e+00 1.973548073899681565e+00
1.591940655623395928e+00 -3.210372420111738290e+00 1.501383561667794520e-01
-3.955537811122866287e+00 -3.167840646506797420e+00 1.502482068987516906e+00
3.665039679642615678e+00 4.047401957181624432e+00 1.564079742860448929e+00
-3.599650924321037504e+00 -1.816845707780697206e+00 -3.852993108353897966e+00
-8.461667626661142361e-01 -1.355489669712151457e+00 -8.174627767382594556e-02
2.026569560017138727e+00 1.965717993880589098e+00 2.152448354670988273e+00
7.805463840042013990e-01 -1.699507764100852247e+00 2.765731463147456992e+00
4.800611167967733239e-01 6.310807865714299636e-01 9.662873702874786863e-01
3.456587575974654936e+00 -2.859234755748473189e-01 2.668008323324103426e+00
2.230964313872242588e+00 -4.078841452096509279e+00 -2.817225931349476742e+00
-1.025589083853509331e+00 -2.545557941523527656e+00 -7.739720452867334677e-01
-1.511151749898346219e+00 2.044163015501669900e+00 3.532289758124180779e+00
-1.766267540989507001e+00 -9.201553988787672389e-02 -4.062843093831743246e+00
3.686275285095479859e+00 -1.848794968305849995e+00 9.398133399414250189e-01
5.309448141540840105e-01 3.248358860358098177e+00 2.905016908030936484e+00
-2.005938355678615004e+00 1.757492193052592411e+00 -9.340524809858314903e-01
-2.619342824263600544e+00 3.300695294703434257e+00 -3.446080944808739499e+00
-4.003137091144955306e+00 9.510824800514476873e-01 1.488332379740228806e+00
-4.057014436837828697e+00 -4.013252492924923587e-01 1.153848139019344909e+00
-3.298128614607692688e-01 -3.089675940477278893e+00 1.622237312215913940e+00
1.250531950310944218e+00 1.967999903133225426e-01 -1.535156565735830148e-01
4.214384097865274126e-01 3.656205953369272343e+00 3.488764053840734736e+00
1.893572225674039489e+00 -3.466618100589724083e+00 -3.849179304906746868e+00
-1.341196023323994790e+00 2.844025615210463265e+00 -1.688981657875337383e+00
1.735628254959554306e+00 2.836912896754879121e+00 -2.221783810105280033e+00
-2.561649260248231919e+00 7.207794740710175840e-02 3.611471069727794969e+00
2.720557003372869875e+00 -6.496409154076577819e-01 2.896051912948285345e+00
1.561793857896923488e+00 2.614149460700593064e+00 -3.280724227909506130e+00
1.941925254472883555e+00 -2.898322569586512021e+00 -8.654670860882093253e-01
-3.312896060061226056e+00 -1.414062943472913725e+00 -9.428039989424135126e-01
2.672535857260096015e-01 2.476963631442981928e+00 3.070778310390731125e+00
6.189378888144640989e-01 3.465171009883073250e+00 4.057961544773460716e+00
1.109862694008172834e+00 -1.514129693185328529e+00 -2.947734813492957517e+00
-2.984496081067043782e+00 -2.037883035442912494e+00 -1.024269449961652478e+00
4.037181544143821021e+00 -3.741171613751709923e+00 3.831119096111041067e+00
3.240349750199463252e-01 -2.817271632130130321e+00 2.896458812272535432e+00
1.462656296342987883e+00 -2.205638897109009289e+00 1.802215042372246723e+00
1.276813321502743070e+00 1.863232118297414974e+00 1.402055680503851764e+00
2.702964064175283898e+00 -2.387133400881422229e+00 -3.557399031933724309e+00
-2.672046809205097517e+00 -3.267131458863225202e+00 -1.372895971639298329e+00
3.438565885681146739e+00 -2.294253169638494239e+00 -1.509998533249952812e+00
-4.034298397225791533e+00 -1.219159713994994121e+00 -2.679725864166166982e+00
3.600877703530827034e+00 -3.135599290549992979e+00 -1.114420559712619996e+00
2.845771107756932761e+00 -3.320781265903411494e+00 2.141770801143910941e+00
1.430853782627843351e+00 5.489295668642194537e-01 1.319076295263725607e+00
-7.394977291866580149e-01 1.869181712245665261e-01 3.607264450822821045e-02
-2.202038793838570374e+00 -1.733551226919677113e+00 1.497563981788062382e+00
-1.625219531208479951e-02 -3.980567493752049657e+00 2.723719136972272192e+00
2.519561799016970305e+00 2.926100923179625113e+00 4.033450774620585655e+00
2.191622131523711214e+00 -3.566241510566162454e+00 3.376796898124226232e+00
2.124798336348649119e+00 -3.019897240932032378e+00 -3.184656969504202184e+00
1.669986807636732351e+00 -2.066236197999468338e+00 -1.864639180482996039e+00
-7.508375687590816971e-01 9.284345002040061967e-01 1.063220088698343613e+00
-1.751961639621430811e+00 -2.124183161797123187e+00 3.297844505161935946e-01
-2.740676383487343215e-01 5.383867944924879412e-01 8.490579721413455960e-01
-3.166327658985128579e+00 2.344704485220645118e+00 1.715993469713297914e+00
6.914244359733220935e-02 -4.107692010063939692e-01 -3.475162103108024869e+00
1.022733869866850887e+00 -2.895034709941943785e+00 5.971061190545736697e-01
3.882030403583768940e+00 -1.276402084399648418e+00 1.858811948830593419e+00
3.388226491268951368e-01 1.788871210999476880e+00 3.820752163721998329e+00
-2.948447860570121426e-01 -3.900019496103199312e+00 2.334500018817180944e+00
-3.597301593146362553e+00 3.574373101450921020e+00 1.411990957081347586e+00
-3.936197752296740626e-01 -1.546152478928857210e+00 -2.761964081994070064e+00
4.610087760636071286e-01 1.941155642455574926e+00 7.534209338082152874e-01
-1.792608879160965341e+00 3.653145509160323989e+00 -3.745500639768275963e+00
4.093209343153343838e+00 4.062507672102888989e+00 -3.468489781815010109e-01
-5.640379450859652755e-01 -2.419545166111389367e+00 1.065152213410133664e+00
1.248624508322306648e+00 -1.809746823983301445e+00 -1.483513392939104225e+00
4.013321355097662746e+00 -2.661393106012970300e+00 2.891349399178985147e-01
1.365072933011196366e+00 -1.034530136093629205e+00 7.841467289494408188e-01
2.812595594154595480e-01 4.130982919787863916e-01 -1.450091440889969219e+00
-2.516143911794491927e+00 -4.004577460257438659e+00 -1.882390751576808796e+00
2.829049460686487105e+00 1.461573746882888658e+00 2.000407832730637825e+00
-7.738901304829587380e-01 4.958308381664278119e-01 3.356863650161045598e+00
-1.735811968079670198e+00 2.989441360768429590e+00 3.535816131413906049e+00
-3.866358781436328940e+00 2.497091499504457079e+00 8.824096026522839642e-01
3.738036977312724218e+00 2.890718159214422212e+00 -3.063053414817486608e+00
3.395187499532892339e-01 7.922167761435836009e-02 1.755480515267801023e+00
2.477631347406401119e+00 1.932674835752168807e+00 1.371543741442948550e+00
-2.658122300804821592e+00 3.452057310053699091e+00 -1.012178597449228334e+00
3.959214767463552498e+00 8.260773154045546462e-01 -6.138754787376030642e-01
-1.859014833672303801e+00 3.045004177836689419e+00 1.372535859144905501e+00
3.265078407566698981e+00 1.183418205467197559e+00 -3.426600705300821392e+00
-3.910390692906772880e+00 -3.269917872299048067e+00 -1.540369781219644407e+00
-3.757079236866361693e+00 3.723627397565832275e+00 -2.183539835923938854e-01
-2.039360142286291699e-01 1.502771905771647543e+00 2.806418895171047811e+00
-2.638946897992123120e+00 2.979780999598299562e+00 1.482411174899175288e+00
-1.534546503167483422e+00 6.377175748766343855e-01 1.797612951535862758e+00
3.696861873809109689e+00 -3.228936038879971715e+00 8.236126378527629521e-01
1.109558700653613839e+00 3.128592304978317973e+00 -2.787292645248045542e+00
2.367508151996487786e+00 2.080261484925610915e+00 1.828585335554419489e+00
-2.557893140448280977e+00 2.117704908469997704e+00 4.032868245343902203e+00
3.226576854272785955e+00 1.403056765897179758e+00 3.788122219428847970e+00
-4.023027240773602742e+00 2.923755294042281516e+00 3.979813697457633914e+00
2.856113411191454343e+00 -2.618224086938426565e-01 -2.389950142832933278e+00
4.059710765188523141e+00 -1.544999519788807563e+00 3.738251928824967152e+00
-1.965603724683695264e+00 -1.032994303180100770e+00 7.408034561168940213e-01
3.126094543401914283e+00 -2.988705923710665235e+00 -3.531569438489169599e+00
3.359081241623318448e+00 2.187019852107250362e+00 1.635055987682526357e+00
-6.515143692577189949e-01 -7.325462191189423544e-01 -3.188623526024604971e+00
-2.504239956481712159e+00 3.131756156237220701e+00 2.493330405886691192e+00
1.200127441291775510e+00 -3.022618782265027892e+00 2.007315555916883376e+00
-1.167096124459551937e-01 9.537407049236314993e-01 -2.825334297865119915e+00
-3.135958832062660129e+00 -2.159592128231621264e-02 1.338613753929569050e+00
-3.758156723646134623e+00 -1.982119770272722459e+00 2.889430572707161637e+00
-2.021479991780383401e+00 -9.177047745490436448e-01 3.036447517882789437e+00
1.886899747699627428e+00 4.020597123943636220e+00 -4.052248330172539603e+00
-2.155113447972528906e+00 1.042368981049053067e+00 3.199148155698469331e+00
3.299566464415375044e+00 2.654610193334862256e+00 -2.696660643550247816e+00
2.141634614268359993e+00 1.341859687039571369e+00 2.216308917763714081e+00
-2.497243247043764658e+00 2.675824003654222238e+00 -1.090529491018012553e+00
1.358801468986845506e+00 2.310750708606658765e+00 -1.779353789493167692e+00
3.312467861714308182e+00 2.350641949942364306e+00 1.994658106660659735e-01
2.955164567018764732e+00 -2.408736257095062783e+00 1.499801629076387366e+00
-3.041001077092371663e+00 1.403230120529469938e+00 -2.931407875457090473e+00
-8.024445422330040989e-01 2.689311447981864944e+00 1.135668190615292672e-01
-1.214461823200154722e+00 2.475427979907621534e+00 2.471388160242409260e+00
-5.166502293856580774e-01 -3.952595272057358944e+00 -1.082195204371400488e+00
-3.876883498720665733e-01 2.104524664166696812e+00 3.373933680830116355e+00
2.227042364559428389e-01 2.157967339128418871e+00 2.492395483682218416e+00
3.525604528173218899e+00 1.567934254723917897e+00 2.095379049607809296e+00
2.537190242041390320e+00 9.970437576656868695e-01 -2.754527301737764722e-01
3.380475932646414883e+00 -3.857570777079692093e+00 3.224356581706014691e+00
-3.645424208344739014e+00 2.005222685276754735e+00 3.416587242190742391e+00
-2.679663278218413769e+00 -2.068851661105755468e+00 7.478309650225230254e-02
-3.355086572478665374e+00 -2.289541925646554343e+00 9.742354985826416902e-01
-2.596957933039230504e+00 3.736169398075933623e-02 8.228437731093051211e-01
-3.989618458197286888e+00 -2.634106600263091291e+00 -7.493265844513721241e-01
4.646086751579670548e-01 -3.865590050378807430e+00 -3.740821158890799580e+00
-1.172270047188621600e+00 6.667782822733320236e-01 2.483175074665788351e+00
-2.100704062187924492e+00 -5.147031740817800682e-02 1.956693577644181392e+00
-1.090090042116193647e+00 -2.738147949500801204e+00 -1.969853056105031364e+00
-8.178293055909713338e-02 1.433076693628038356e+00 -9.251988103878748815e-01
-2.408883889076472773e+00 -1.606145223748887796e+00 -4.088019018360920853e+00
-3.393555934728478274e+00 -3.951396060066541427e+00 2.434063931417805193e+00
-1.238606335555801019e+00 2.111320467671751189e+00 -3.822468036004784242e+00
-1.370243845492165935e+00 1.854277652458929726e+00 -1.415710867163535447e-01
1.921168964940478840e+00 -3.836386043715089400e+00 -2.225343896172817360e+00
-2.848846627387970454e+00 7.175034121635607276e-01 -3.781137920470689640e+00
3.730745729327902271e+00 3.806777691745903969e+00 5.770221283597682937e-01
6.561527223316869772e-01 -3.811989145271248880e+00 2.475358934479448880e+00
1.389528430276564253e+00 8.378196472114446403e-01 2.959629787302999748e-01
-1.395895289007985873e+00 -7.788841416713659926e-01 -3.894594215351740552e+00
1.367227226787221861e+00 -3.356418550130471079e+00 -2.954292064847901855e+00
-2.182448504151605739e+00 5.578448070953964666e-02 1.718065636419477682e-01
1.069054931137949138e+00 -3.885014979308666128e+00 1.322995397041685894e+00
3.459484766479889561e+00 6.208517962570136994e-01 3.664100551362958758e+00
-1.835809896980992617e+00 1.950176865157094097e+00 2.000347218859769960e+00
-4.073861694649646203e+00 1.521769343101777139e+00 3.679715048191356530e-02
2.083945320266215706e+00 3.207657275164546018e+00 -3.475602202506435923e+00
-3.349373796283567017e+00 -3.009036488095995221e+00 5.992787862897017703e-01
3.831517335223007414e+00 -1.579653836164597980e+00 -1.648954476474571607e+00
-3.121617174281001716e+00 2.645087753493883920e+00 -1.725648855038773855e+00
2.781428103786566797e-01 1.603699820518761809e+00 -3.697233899628110887e+00
-3.154264007825674287e+00 1.120945909364654103e+00 1.765697335012941238e+00
8.788203754514425370e-01 -2.139795969795437180e+00 2.245620735121580225e+00
3.385332630279702215e+00 -4.045437738437336783e+00 4.006394978427058717e+00
-3.952843033619606761e+00 -2.318332951820236243e+00 -2.958591761548102550e+00
-2.816451807447615696e+00 -3.511619705270172531e+00 -3.542908215271580730e+00
-4.454173302915956367e-01 -2.379364408272710563e+00 -1.438825391931083386e+00
-1.549580615673735284e+00 1.270289210335276975e+00 -2.532030493770599300e+00
2.403709428140039517e+00 3.292333806807973273e-02 3.718193281754746060e+00
1.396562173825447450e+00 -1.583243647442031721e+00 -4.070250983315657933e+00
-2.021588476676891233e+00 -3.193796982979586474e+00 8.954157240175254495e-01
-2.690076665030959102e+00 -3.017182768883500454e+00 -3.797184986759691405e+00
-1.814655579255343820e+00 -2.795902753956716058e-01 1.010234794940996661e+00
1.636333610486711887e+00 7.545247820238670799e-01 -2.415971982068085389e+00
1.933503762331220566e+00 -3.615513412985395192e+00 -1.972804417076060024e-01
-5.678192208228551863e-01 1.140010915427349225e+00 1.818571102127775729e+00
-1.763095250459160712e-01 3.553353305497567227e+00 -4.045037966620825820e+00
-3.483155855652827260e+00 -1.465976925614015158e+00 -2.038148598723903415e+00
-2.824643037054277439e+00 -3.310211703177467157e+00 2.022251004400825725e-01
-1.881780059495831159e+00 1.342599746590608545e+00 1.659551931146710846e+00
-1.623634568247049215e+00 -3.448228078090759929e+00 3.434892667701969771e-01
-3.468602496364224130e+00 5.175559427308555893e-01 -1.153132986906865165e+00
-2.730036572712014387e+00 6.593540548852906413e-01 4.301644766281826904e-01
8.672799319541800722e-01 5.000517138500809589e-01 -3.822510926402684639e+00
2.603207009253062587e+00 9.436222532252307449e-01 -2.128283408214624473e+00
-9.433491729888361377e-01 1.926862666951811187e+00 2.760391375410337300e+00
-1.349697484651711354e+00 4.922086179618290203e-01 -1.739655212955206531e+00
-3.378636279336050041e+00 -2.280014048643174418e-01 4.016882946481466377e+00
1.096870673563473231e+00 3.991203939348855201e+00 -2.667211604844290651e+00
-1.241696448891554283e+00 -1.071593323268944964e+00 1.591750190332908765e+00
2.501746659543530038e-01 7.051540188326133052e-01 1.776502975424859132e+00
3.860127187053246534e+00 -2.420955154816569088e+00 3.389892085432030910e+00
-6.374664709110371419e-01 1.098307236262630493e+00 -2.318589199904458109e+00
2.431290534297620098e+00 -1.630759156375092944e+00 2.318786401192750035e-01
3.102740668285143055e+00 3.439445199759799676e-01 -2.428344205356378183e+00
-5.125765896657294984e-01 -1.781053459049352083e+00 -4.050270400755292322e+00
-2.900656018713587248e+00 1.971129748043209728e+00 -1.149910362580682938e-01
-3.311938990855497700e+00 6.029362828497133453e-01 1.970748161459848491e-01
2.892849098110990447e+00 2.273984663410480778e+00 -3.817715697298668331e+00
7.711181328448648564e-01 2.201537691649992023e+00 -3.570276113119105421e+00
-1.089267654592752432e+00 -2.859897473547663882e+00 1.301164272556297741e+00
2.556321029355641095e+00 3.894195984111913145e+00 2.682713932770023568e+00
-3.920932665065967715e+00 2.050009256144295744e+00 2.192657955571623241e+00
-3.476888209147825926e+00 -3.652236962841940215e+00 -3.351793504848613603e-01
1.037898958065405774e-01 4.552023578346658939e-01 -3.538065929940442444e+00
-2.545212415283297780e+00 -3.300684221642291583e+00 -5.606490146661481377e-01
-3.054592022734603951e+00 3.154672341659417345e+00 -3.846762334021058383e+00
-8.566807587524031264e-01 -7.090909427122503716e-01 -1.363437301669751189e+00
-3.523796427887090577e+00 3.269500288177701997e+00 8.254476686429247367e-01
-4.538020863499787061e-01 1.636674746722624807e+00 -1.286703022738775737e-01
2.850119034971263510e+00 2.875924208849861330e+00 3.281371351442285977e+00
-3.761090974982174373e+00 9.132733380128199574e-01 -1.693265824146695575e+00
3.197130640342213947e+00 -6.739066621237952415e-01 1.765896116206292943e+00
1.215323766813883211e+00 -1.921164219986679633e+00 8.824486030574680839e-01
2.755463455514268301e+00 -3.958359947098109899e+00 -3.930822171978879953e-01
3.948018295870602490e+00 -4.590599406122140014e-01 -3.532843494611881852e+00
-2.820166626071928917e+00 3.292874499001795741e+00 -1.795209348282947648e+00
1.475093505648645831e+00 3.619249118933290710e+00 1.482067412985497379e+00
3.521821846384658894e+00 3.273871805027366300e+00 4.094569735980399194e+00
-1.955262219981950267e+00 -1.869763390330764774e-01 -1.087660573727137869e+00
1.212960915699743847e+00 -2.944262106013447511e+00 3.376243358223767643e+00
-4.576818338480501680e-01 1.780474465480177404e+00 -2.000580429771620317e+00
3.835536879402928090e+00 -2.577261546769367140e+00 -3.560062419945290380e+00
-4.106469685971577022e+00 -1.394027619206259505e-01 -2.038061128145959966e+00
2.161107724066900104e+00 -2.354573076601808701e+00 -2.147613076114942565e+00
1.926680810571621771e+00 -3.776436406438574256e+00 2.076353746538530221e+00
2.795902940368202749e+00 -9.471258984062221886e-01 7.137457793549527585e-01
-3.018821404418878807e+00 -3.172579008244461374e+00 -3.069496262710783796e+00
4.410204878133631712e-01 -9.155730148518395062e-01 -2.650981677774647327e+00
-2.351975427803653762e+00 -2.256334611541978230e+00 -9.842863044643850312e-01
-7.669576575592171874e-01 -1.644344510366546608e-01 -6.157570976848514288e-01
-7.513862775806697814e-01 -3.764713208724582927e+00 3.208881405410250576e+00
1.342332893942137506e+00 1.774033067209896952e+00 -2.171961437199493083e+00
-1.527228983764831849e+00 -3.561906380820249129e+00 9.408774913157957887e-01
-1.924435915444673517e+00 3.248305301140001156e+00 4.078091644425392293e-01
2.123351534499145821e+00 3.176256396395347625e+00 1.581352450873160231e+00
-1.221079585121641831e+00 1.343471327081508515e-01 2.263730042404482612e-01
2.540595465202279968e+00 -2.992190743754681748e+00 -4.100537366080922119e+00
-4.076002176516775322e+00 2.338781914323325939e+00 -5.269074187333636639e-01
-2.023336227626495010e+00 -3.906656960624632191e+00 -3.635742983475476198e+00
-2.109081347929298467e+00 -3.896313681974944210e+00 -9.594411600408619956e-01
8.365499117204289181e-01 3.160514725535266134e+00 -4.391080855306617181e-01
1.803418086749139171e+00 2.991199058040663328e+00 2.521741223058087122e+00
-7.766636849104874285e-01 -2.830517861844339844e+00 -3.189109206583155220e+00
-1.948042140567165292e+00 -1.958143591617617751e+00 -3.602646788176338544e-01
-3.412755265041330088e-01 2.933360804283379863e+00 -3.191822042701048634e+00
3.952365274597600120e+00 3.202025494224961299e+00 -5.928302271248011568e-01
1.595988615645900666e+00 -2.451886076588262409e+00 -3.623222143703265452e+00
-2.779811833181082381e+00 3.464605125636112781e+00 -2.342191565029614786e+00
3.191407199109291160e+00 -1.836295931925907787e+00 -3.356282001620518596e+00
-3.032639600736978025e+00 -3.327974405757383458e+00 -2.265951020959786177e+00
-1.793512076235629804e+00 -3.299864684718517793e+00 1.579177125673701942e+00
-2.870409336834487402e+00 -2.069898200758218731e+00 -3.215442120285270988e+00
-2.472683967803229466e-01 -2.929690709395162074e+00 1.285579176469461515e+00
-4.094571817441044814e+00 -3.310303354448258073e+00 -3.941468936501102416e+00
-3.474131430360029582e-01 -3.366919495316832656e+00 -2.416968848158250971e+00
3.297166683206762094e+00 3.477818511976656701e+00 3.341740422079276129e+00
2.158530155838163545e+00 3.338146170088354570e+00 2.151821246427856771e+00
3.992847063033720278e+00 8.496584622405357612e-01 -3.939450352700585967e+00
