8.220706914434900980e+00   8.220706914434900980e+00   8.220706914434900980e+00
500
3.433334624345595110e+00 1.688945757956871851e+00 -1.123622786308554833e+00
-2.067831780905283079e+00 1.850192657177369249e+00 2.384215993763582064e-01
-1.740137014579922203e+00 -2.563883877600188210e+00 2.038347359491397448e+00
-9.624808850808766469e-02 -8.584276520631977103e-01 2.108130365408304119e+00
-1.895477254954599067e+00 -3.289602675602640858e+00 -3.110495896263480109e+00
3.718164444806684621e+00 -2.156455084046469572e+00 -9.874679689980566666e-01
3.925275160589001722e+00 3.767472533615624286e+00 -1.432260903552809772e+00
7.066565687436916487e-01 -3.289649614744794448e+00 -3.941818221067803218e+00
3.439396456077275843e+00 2.403662949074131472e+00 -3.997398423816428625e+00
3.848802951476026912e+00 1.853764367514062705e+00 3.448606240598269590e+00
-5.960745848511720402e-01 2.297235534366073306e+00 -1.031965552826724419e+00
2.359267427659586858e+00 2.396223382598038132e+00 2.973227182891196474e+00
-2.765302060486864999e-01 -1.995758719206028209e+00 -5.775591823955198434e-01
1.518680179280577747e+00 2.502468490962782788e+00 5.266308001598334343e-01
-3.256093178622409656e+00 1.857232564584393897e+00 -3.978136270727934409e+00
-1.110564248335053072e+00 -3.694861690813823873e+00 -4.305667269255644691e-01
5.886480288279128947e-01 1.824177919717354435e+00 1.526369651660845594e+00
-3.950749739634195290e+00 -2.362699635461049663e+00 2.031718930493765285e+00
3.275998963828121280e+00 -1.043773456483527262e+00 -3.014490972046608874e+00
-2.534972994246631028e+00 -3.150254196092557635e+00 1.638513252165570311e+00
2.376651812595989899e+00 2.999714804207334495e+00 -1.140791113662691370e+00
-3.677324195836403131e+00 -1.324006096615794492e+00 1.295607770476063347e+00
3.201977432165822868e-01 2.206869601056217434e+00 -1.392265316364560634e+00
3.859988146319716762e+00 2.608707852872361954e+00 2.715756487474347391e+00
2.989807663246349723e+00 2.878723590291958789e+00 2.387658634117231671e+00
-1.906896417213064909e+00 -2.151117077028679603e+00 -3.887488026396617613e+00
3.728209993298359670e+00 1.351826660739954278e+00 -2.157557352952581553e+00
2.504351966701923615e+00 9.628573829297980557e-01 3.884327794656704302e+00
-2.090882397197941334e+00 8.847513133242959071e-01 -7.032009773367445815e-01
6.272395298728283830e-01 -2.395393513592725121e+00 -3.339791350786595281e+00
-2.683153600092607061e+00 -1.768247339260615725e+00 -2.130342645501483556e+00
3.863431275572921653e+00 1.665714988993352685e+00 5.832585270913513975e-01
3.138405176360786086e+00 6.311633658573637673e-01 -1.203017325859034647e+00
-2.177621175781969232e+00 2.169006825219451873e+00 -1.977630780938819610e+00
3.273143188350728039e+00 -9.905975594155671526e-01 3.542766026147612823e+00
-2.969064708024064192e+00 -8.990337313787788442e-01 -3.718604952770433236e+00
-5.548993683790757192e-01 1.095647997509688665e+00 4.104325125161174093e+00
-2.962847407117678245e+00 5.718284703875433639e-01 -4.532411329099886310e-01
-3.235439224164991412e+00 -6.654621777663499715e-01 -1.679828394546723391e+00
-1.226616738444996857e+00 5.934858713007398201e-01 -3.066036307084074597e+00
-7.444346650800128806e-01 1.679569600541062968e+00 -2.993239069501902438e+00
-3.245436685415020062e+00 -2.230429143576892592e+00 2.649211009907844083e+00
-3.867069778930722457e+00 -2.951350246417667189e-01 -2.755687909993393969e+00
-3.564000875826266235e+00 -1.775543262667227395e-01 3.930039730762926453e-01
1.915806507695699823e+00 -1.214568728085400284e+00 -6.981105530943895188e-01
2.977454648184000963e+00 3.006662363899085477e+00 -3.482887760926288045e+00
3.125639804623674411e+00 -1.457252044618109643e+00 2.679132199589363328e+00
-2.844090668335168548e+00 -2.350552642884877308e+00 1.819937651766428299e+00
-3.960030687306452357e+00 2.636236120216278955e+00 -3.759775427542584758e+00
6.781450456396290738e-01 -8.670494318539018197e-01 -4.000777333914581568e+00
-1.556941726213889599e+00 -1.954627498368277205e+00 2.880325795028925828e+00
-2.529280079450002994e+00 -6.462390818104287726e-01 -3.087813089428131930e-01
2.502930167035106734e+00 2.235251030283367246e+00 -1.780058260415088578e-01
1.894155158012506224e+00 -2.278816184114697219e+00 3.782302501940231654e+00
-2.410729681934267177e+00 5.416202360637079050e-02 -2.219725895199877730e+00
-2.050150310183660896e+00 -2.822362731521230295e+00 -1.666915001961454257e+00
1.470523311643792574e+00 -7.661375519183454275e-01 3.246806570545831327e+00
-3.260346756276094826e+00 1.651269345930948429e+00 9.065283973690471120e-01
7.929722920600973390e-01 -1.965394463524597624e-01 6.783321895273417557e-01
-1.127267340555927255e+00 3.189753067747219006e+00 -3.481266211466398808e+00
-1.283060714502496591e+00 2.800824566182823272e+00 1.543895563320424325e+00
-7.720425619871831291e-01 -7.612438188044446941e-01 3.534452559898826784e+00
-2.746294355051105418e-01 2.989950401366126442e+00 2.707680559143665899e+00
-2.602404143572931705e+00 4.100323081525604429e+00 2.673264810583041218e+00
1.369014346899384282e+00 3.775153726341613059e+00 2.664041304953823630e+00
-2.758749733072526134e+00 -6.162632958012376205e-02 -1.142573771746641764e+00
3.185943497537513380e-01 3.596968384994550405e+00 -3.159865208720282759e+00
-3.795307207996240884e+00 -4.059567848138636137e+00 3.031480225173843746e+00
2.324121692994992827e+00 2.749739716276921708e+00 -2.936814586424960627e+00
3.164344187172031475e+00 1.272441513152505976e+00 3.391976077864947925e+00
-5.756994972141135092e-01 -3.933787317217694479e+00 3.276340749117298556e-01
-1.029901786642932082e+00 1.064817829734378885e+00 -7.385499438431590846e-01
5.876478128653603861e-01 -7.869644029893501092e-01 7.692411748890994050e-03
3.165223342688429309e+00 3.835104394356752544e-01 1.440295586863500343e+00
4.222782146916792545e-01 4.029588913420775853e+00 -2.844386488008487923e-01
1.854742353233966634e+00 -2.730568043612662255e+00 2.764064721248862266e+00
-3.138695848942586464e-01 -4.132240190016664982e-01 1.194047128947719916e+00
3.286997827636882530e+00 -2.390709689109397740e+00 -2.436585941483571105e+00
3.633861993637375942e+00 3.782132015823611582e+00 2.553670370342437934e+00
3.316174618292382803e+00 2.745714813846697577e+00 -1.021066434935521183e+00
4.487815453418314560e-01 1.025403581237899431e+00 1.224075143832826229e-01
-4.462682260584310279e-01 3.305790717179347027e+00 -2.056914980392938741e+00
1.417245124591366146e-01 1.131061064360107116e-01 2.766231534791213864e+00
-2.264843151041771918e+00 3.714837667835068746e+00 3.577142923278675557e+00
7.631963750514654254e-01 1.544553600635235169e+00 -3.525225339131601299e+00
1.051289145004742798e+00 -5.929828364921018169e-01 -3.113487506252134995e+00
1.669469776614416867e+00 -1.625711336966576548e+00 1.125735177538382953e-01
3.104746777382160428e+00 2.479522070449340365e+00 -1.875612392740079626e+00
-1.809037700918044500e+00 -2.290249952374286746e+00 1.148425284565674609e+00
1.509242912316444363e+00 1.315429962169504030e+00 -3.733570138558700791e+00
4.063063072629101491e+00 7.697572969205882520e-01 -2.917957145284559850e+00
-8.524843672950516149e-01 -1.312913815041705901e+00 7.752309561185866116e-01
1.396937363975556456e+00 -3.131644642567935399e+00 3.803996210480362627e+00
5.650608526833134082e-01 1.504399864822134392e+00 -7.013967269009434569e-01
4.423126462817776883e-01 -1.017921972712723555e+00 1.084149444412514818e+00
-9.076001452053694685e-01 1.942055936131551697e+00 1.103976140488847291e+00
-3.355239831352909263e+00 3.759177230881165066e+00 -1.311757455115930338e+00
1.875671870902956506e+00 3.996991329311211372e-01 -1.418362705607628005e+00
3.548668741066475896e+00 -2.803809506801862028e+00 2.493510294667633076e+00
2.235645013456464714e+00 4.004307095052026533e+00 -1.631176563574026295e+00
-5.911581860204282446e-01 3.919007374446567216e+00 3.452161623141279723e+00
2.297938152034719739e+00 3.932216376924650980e+00 -7.516518393661286712e-01
-1.609219249321736100e+00 -4.998940229670428836e-01 -2.058297882126193468e+00
-1.091020198949506526e+00 -2.884284346704925284e+00 4.132955183999953985e-01
1.444002209876941611e+00 2.158169038452182775e+00 -6.437892877332165309e-01
3.259510354753134553e-01 -3.691201602543084714e+00 1.748724857399241550e+00
2.106561435229017953e-01 8.664703385402003355e-02 -1.125407215478432699e+00
4.095467717312768485e+00 -3.801941362211652464e+00 -2.428461184621436342e+00
-2.386067898023910505e+00 1.658249044243045089e+00 -2.801397925944634881e+00
3.159106454821933418e+00 3.947597620736975621e+00 -1.834837751780413750e+00
1.965976409619081544e-01 3.906217502218582105e+00 -1.694743568454055493e+00
2.307544304573732052e+00 -9.390263134776332121e-01 3.723019849482808397e+00
-1.619329161893257485e+00 -1.927695561476347352e+00 -2.183478680409117079e+00
1.805422387470764001e+00 1.361327041695703066e+00 3.244370632334259597e+00
-2.042406857639312623e+00 5.660201427337407942e-01 1.120842046067763498e+00
2.142619663825509058e+00 -2.292574207889371163e+00 -2.758363281627426389e+00
2.959480848176441636e+00 -2.515988252494282040e+00 -3.158295113013180888e-01
2.122508969592275641e+00 -1.662858595591200361e-01 3.003669778952071656e-01
-3.223764526219931259e+00 2.576611725942503206e+00 -3.209271299037131708e+00
-2.388881994631786299e+00 -1.168495059080770782e+00 -1.152625851433454418e+00
-2.843422941290329575e+00 -8.094740245815708057e-01 1.632536919205471060e+00
-2.253536155245965400e+00 -2.660408326917735877e+00 -2.598963161242189290e+00
-5.304524028766040011e-01 -1.706624688866654527e+00 1.692180862844723244e+00
-3.062283443154930396e+00 -6.897858246948866956e-01 -2.539255924072152837e+00
3.805211699934898384e+00 -2.726757572839751398e-01 3.943624323322377556e+00
2.157711293426489707e+00 -1.073730395143563499e+00 -1.581649926587394228e+00
-1.786744672757367480e+00 3.797147793267364069e+00 1.916286306190424948e+00
2.009659410207327024e-01 2.687989930103410696e+00 -4.388779108138440299e-01
1.499827819397669959e+00 2.586536950643532062e+00 3.708642881877999731e+00
9.787743469585179490e-01 7.554185632130163697e-01 2.662010561616809934e+00
-1.062934481619489530e-01 -1.715053627921284241e+00 2.799471094972663110e+00
2.831355858404108083e+00 -8.827025586334076301e-01 -2.209577783797264328e+00
-9.825166153208361175e-01 1.719634733603303545e-01 -3.843016862755650020e+00
-2.995067218628585604e+00 -8.409773762380116091e-01 3.229985578108867994e+00
-2.469016862141459878e+00 7.488040103022201022e-01 -3.064438912115744262e+00
1.888923321563941438e-01 4.047287033837331016e+00 9.085126960750549152e-01
6.333541425624673593e-01 2.240709669715257313e+00 -2.929195546064759181e+00
1.800068620546654841e-01 1.044254271127531553e+00 3.469757400423565841e+00
1.905038613964722183e+00 -5.580476885487046790e-01 -2.677288034219573287e+00
1.303726672778368290e+00 4.454452736660227119e-01 3.507494404376910069e+00
-3.739059005577027861e+00 -2.763742757635043734e+00 -4.107364284877483840e+00
3.067041607259861635e-01 -2.144572420071888530e+00 1.499658552034660142e+00
2.307717400765122995e-01 -7.120049805418545708e-01 3.344946998878435718e+00
2.768571161936034919e+00 -1.739027151704420904e+00 -1.977527850567128320e+00
1.659927064731696600e+00 2.776911433668117546e+00 1.732650929909597126e+00
1.062345193552404421e+00 -2.612050756563648046e-01 -1.936560836648201667e+00
-1.114639517258324775e+00 3.501782563406108828e+00 2.459873360106785700e+00
-3.820925579835077190e+00 -3.170231297608698373e+00 -2.371734162021622294e-01
1.790543336432632637e+00 -1.117609801536066649e-01 -3.894728926133235625e+00
-1.975562294705009769e+00 8.500505170943087885e-01 4.036016331686784753e+00
-3.381520399282734068e+00 -1.297679967000387125e+00 2.229996702464378977e+00
3.054538876116569934e+00 -3.916546219212938773e+00 -3.206084278907392893e+00
-4.028048193462996363e-01 2.471253878486082467e+00 3.962746845009869068e-01
2.518036864707644540e+00 3.771372086704066096e+00 4.089439324645844920e+00
1.617208419090453875e+00 -1.131060253181410902e+00 -3.886327171047067264e+00
1.949683815053633307e+00 -9.226635677159692461e-01 1.631866985328145336e+00
7.180129136296138359e-01 -2.497673161869316427e+00 -5.746191568420435658e-01
1.639795419796809817e-01 -1.601616580755458097e+00 3.739864013457157021e+00
-2.306059806553190761e+00 -8.267670829897417750e-01 -2.971846484191257520e+00
-2.073255492641419728e+00 -3.360210302937703286e+00 3.326253473928781457e+00
4.102698741282901906e+00 1.605957977908949452e+00 1.498531048005593336e+00
-5.924821956850803151e-01 -2.981889267066625493e+00 -6.639379920554476788e-01
-4.752248706858026583e-01 3.378833802927399876e+00 1.148941646067985323e+00
-3.079475595416300227e+00 -2.921394042099334509e+00 3.402929411342996868e+00
3.186245415010885429e-01 -3.195633729627728847e+00 1.102343734673389308e+00
1.387669221220402260e+00 3.439960274923421490e+00 -1.471964309451124775e+00
6.980372160537787751e-01 -2.849644852249504368e+00 1.985215690030905478e+00
4.211252244592782468e-01 2.786728630502572912e-01 3.752589807251724086e+00
2.816142412678173557e+00 -2.058971176742651288e+00 3.717995294282327556e+00
1.232029681225100259e-01 1.929633991428861273e-01 4.605938793362063244e-01
-3.912941611996307856e+00 4.259213634993742059e-01 3.309687666549547824e+00
-1.606601748951047015e-01 2.416366263593166863e+00 -2.478863052537863876e+00
5.049469203065053424e-01 -2.700123605953701933e+00 -2.346971972051302480e+00
5.475998878450440976e-01 3.125261411050483495e+00 -1.193954924136717555e+00
1.306676040899025670e+00 1.353503073546366675e+00 -1.332697760176637214e+00
4.109606176391698007e+00 3.636486560068652452e+00 3.610703326852753747e+00
3.910267249182640681e-01 3.480498837251885025e+00 1.841112511117688477e+00
-3.677041158375027319e+00 -2.202936023760784678e+00 -1.505732766902185160e+00
9.915876244367485270e-01 1.292983055884340926e+00 3.866242187705442923e+00
-1.423059295544594427e+00 -1.372336610312992367e+00 -1.379705802623166555e+00
1.539569796657701772e+00 4.073458391197724460e+00 -3.365222679133974548e+00
3.145995871818991763e+00 1.686222182413775084e+00 1.134993321527435484e+00
-3.743920537084737710e+00 -4.831716038707156713e-01 -5.783513210587167830e-01
-7.321752131368018945e-01 -2.317855787565949122e+00 2.498770385407528938e+00
-4.085362316042031594e+00 -3.693664200384881635e+00 8.812455003155432731e-01
-2.308855542657228810e+00 2.544285175014838085e+00 -3.129311332806143486e+00
1.264841979738198674e+00 -4.215785322735335350e-02 2.238861237947361804e+00
-2.908630004953045578e+00 -4.003124348537533628e+00 1.095366471551040277e+00
-9.997667092691899793e-01 -2.312007656488688223e+00 -2.978237672795721824e+00
2.290352693607674794e+00 2.728320875914543642e+00 9.112519005503166847e-01
1.269248060486117158e+00 -3.707919646857838369e+00 8.464096723984820825e-03
2.516610879761052466e+00 3.211169491398238929e+00 -2.157714461562691088e+00
-3.727049753545585986e+00 -1.375653064954795779e+00 3.887425027571314584e-01
1.590818847117072554e-01 -3.445070625172783618e+00 3.268318739122905825e+00
-3.253052989974634990e+00 -1.979773814281601485e+00 3.500056842177186489e+00
-3.331505965909378641e+00 1.946608389634205682e+00 -1.124408313726878550e+00
2.275449741731126796e+00 -2.278276147263408546e+00 4.895931692227514787e-01
2.529701446403777254e+00 -2.186699562908483330e+00 2.265235363379846323e+00
1.240882064769848414e+00 -3.494037217575282739e+00 3.014131030521318255e+00
-3.359516929589535295e+00 -2.448434208837610537e+00 1.183536370011143007e-01
7.099657298022396534e-02 -3.211580719665724004e+00 9.014720287219407657e-02
-1.545228056410662854e+00 -1.655804649616741786e+00 1.815492059864647789e+00
3.948724144171636752e+00 -1.409741581500505658e+00 -3.567761391117746150e+00
-3.724489131414651322e+00 -1.518359176399648680e+00 -4.679311174585678024e-01
7.936880941918007526e-01 1.692428917942134348e+00 -2.121366722886098621e+00
3.853664374958245542e+00 3.823327407946159884e+00 -3.286918638103141443e+00
-3.309073723932863142e+00 1.040106846409942110e+00 2.705486946111918201e+00
-3.507673403507277854e+00 -1.281369775784762410e+00 -3.071987205290683143e+00
-1.827520670423743887e+00 -4.784393037778520985e-01 2.583321428256595720e+00
2.920545633102941796e+00 3.297515498329738115e+00 7.175610785720378804e-01
-1.322236933228206679e+00 3.219828767321520679e+00 -2.525942923216532687e+00
3.203589763995499773e+00 5.370368524507196373e-01 2.632420963271565384e+00
-2.190745336175013769e+00 1.993481038097872471e+00 1.205405255369868200e+00
3.407712938855925966e+00 3.605115926880273047e+00 -5.221819666239880808e-01
1.109801093991912291e+00 1.695440006597112248e+00 1.236700598941320450e-01
2.079345280081972724e+00 3.338330361455806861e-01 2.675887909908471141e+00
-2.381925277297039845e+00 -2.240745555800162325e+00 3.193332059422309133e+00
-3.417094071055955862e+00 -3.926025574850325217e+00 -2.924725283843500279e+00
-2.643827113086866798e-01 -2.285489785038609778e+00 3.325929511538809891e-01
-6.113228942200282096e-02 1.300984947951236537e+00 1.251434973366562842e+00
1.537934069424665429e-01 -1.479249627796327848e+00 -3.320971472067181018e+00
1.957170249214684077e+00 -1.490161431991037011e+00 2.662804581900010792e+00
-3.951836173038731914e+00 3.574770375603792960e+00 9.136582072968040258e-01
-1.114259501498672117e-01 2.835636604073160649e-01 -2.427418148164494083e-01
-1.183528308981906862e+00 -1.622957505358056052e+00 -3.632751217984141245e+00
-1.143850816218051625e+00 3.706573540538655731e+00 -1.134760296770858545e+00
-3.289553728770206575e+00 4.253265947169020955e-01 -2.709492759988504140e+00
-3.067849087045169121e+00 -3.958688239106651352e+00 3.772940560849870284e+00
-1.628490161360953037e+00 1.882541412005546144e-01 3.426735813495740857e+00
2.840270586491481009e+00 -2.773132484520914876e-01 -3.780467518202999422e+00
1.114506723381435416e+00 1.205813880800092663e+00 9.614495230065642772e-01
-1.437029143683636434e+00 2.316442753609575078e+00 -2.999650041988258575e+00
-2.612781051311935610e+00 2.711433558738073124e+00 4.123854738820692534e-01
-1.096265768670511509e+00 3.053554369568140192e+00 3.407609735598717826e+00
-1.761142644356088027e+00 1.534870282380028872e+00 -3.558935880338061519e+00
-3.632498404199176356e+00 -3.965854405120613713e+00 1.731309072132195537e-01
-1.959887046584068093e+00 3.904194571279291370e+00 -1.225211930051256226e-01
-4.093956225571622198e+00 1.665992826803959881e+00 -3.649146120624921608e+00
-2.687728319357731710e+00 -3.037972478783343977e+00 2.611544423217008859e+00
-2.452224477296103267e+00 -2.607592450806610174e+00 -8.662406204744524385e-02
3.268240606181144758e-01 -3.906508654885035625e+00 3.878365620321063023e+00
2.223853800637354827e-01 -2.495608019971366165e+00 3.974448170712576722e+00
-1.868091075286424374e+00 -1.331268613352241600e-02 -3.169231211748236632e+00
3.587351932753611861e-01 -1.664830205328161394e+00 1.629113773319444403e-01
-2.899583924335510599e+00 -2.568643776386871469e+00 -1.815728822010421961e+00
2.402113072976076236e+00 1.876689281097686512e+00 -1.373639802924023545e+00
-1.153344248718650489e+00 -2.334493285360972337e+00 -1.341930695863278178e+00
3.782210517140408790e+00 3.128931960585285665e+00 1.805823537026373105e+00
1.628289802358267258e+00 -2.886726663339259868e+00 1.443408368062152336e-01
4.090258025498303418e+00 -3.177565407065346736e+00 1.572697858132985349e+00
3.664651606689777186e+00 4.088552141059123457e+00 1.602538909110288179e+00
-3.493574301320215625e+00 -1.870232364241571910e+00 -3.841197016694934963e+00
-9.760538882518546844e-01 -1.309037829519850149e+00 -2.332866085927458866e-01
1.816226628853799818e+00 1.994457731998831029e+00 2.336389167634340236e+00
9.190493758454194584e-01 -1.624599572142871873e+00 2.994462621857193252e+00
6.970559076395933529e-01 4.879239464500131906e-01 1.243106039487019476e+00
3.732578773032066088e+00 -3.821654242966182613e-01 2.675683198686209519e+00
2.320059670620399750e+00 3.915019731820327031e+00 -2.813324456246820482e+00
-1.270327734038159129e+00 -2.268885103253842850e+00 -4.047784331045232720e-01
-1.352710935834891881e+00 1.622956323262852774e+00 3.588353491300278808e+00
-2.060623909457000913e+00 -4.175844869963139805e-02 -4.028297300239980672e+00
3.634740303205553857e+00 -1.718933066652208241e+00 9.770557330735545332e-01
6.362201896828056924e-01 3.037276522457421191e+00 2.783119725136437239e+00
-2.173585273385952643e+00 1.777705533790746584e+00 -9.788580621768925294e-01
-2.609045064189784657e+00 3.784793644080375774e+00 -3.382688943317868624e+00
-4.087536549129395347e+00 7.152400843820336807e-01 1.409927860216165563e+00
3.866178597227786451e+00 -4.153693257027255559e-01 1.101577196179480911e+00
-5.535151637469413188e-01 -3.012230498390801259e+00 1.965687869435412738e+00
9.998166070396508065e-01 2.868735782095632181e-01 -2.276746513601494715e-01
6.611104973132974072e-01 3.657849759371983644e+00 3.273430982255439492e+00
1.941118274651228104e+00 -3.558822850793823545e+00 -3.896785289777966010e+00
-1.370510589895797660e+00 2.770935358390066217e+00 -1.593346737128228829e+00
1.697444634217232018e+00 2.848007230120409350e+00 -2.273061739972204176e+00
-2.837022186736339435e+00 1.584271335340568521e-01 3.385863459409706344e+00
2.567399647460026468e+00 -5.555710094168817559e-01 2.685167216648956856e+00
1.634031913429587757e+00 2.289576803283417838e+00 -3.140061400522548229e+00
1.793804525100549663e+00 -2.810173329943197018e+00 -1.068431069460239025e+00
-3.257888582083125151e+00 -1.418638875429788948e+00 -1.196645592780921197e+00
3.078462182731386276e-01 2.353745535418269696e+00 3.127022516988930523e+00
6.351109140759683136e-01 3.483617346764316114e+00 -4.007066561147873074e+00
1.083922100693840207e+00 -1.623906070061206242e+00 -2.880738669188783518e+00
-2.932831787737142815e+00 -2.303237137897839570e+00 -9.054223385844453187e-01
-4.081554366518143517e+00 -3.533997667987326619e+00 3.673697728374280658e+00
2.842039462101524916e-01 -2.664549507257387706e+00 2.743426895005840471e+00
1.760758804654220189e+00 -2.465350661502780039e+00 1.466011955338295980e+00
1.377810626921557091e+00 2.053208743575636763e+00 1.306892822540719479e+00
2.708494132327622150e+00 -2.363521601829921437e+00 -3.456253099016365571e+00
-2.898146957758324760e+00 -3.398193869373643761e+00 -1.333195768723110630e+00
3.155446515435959220e+00 -2.491100070221381912e+00 -1.508405589283757564e+00
3.958006646635103376e+00 -1.675929501294808333e+00 -2.595328807521685377e+00
3.506757473911214174e+00 -3.222637655401404011e+00 -1.073764667270479034e+00
2.946410854649086808e+00 -3.445804202820046402e+00 2.003956341491629711e+00
1.824892827275940599e+00 4.564180302979420345e-01 1.285539675763266665e+00
-9.500817361400021310e-01 2.492584868437013046e-01 -1.441304485161578330e-01
-2.335522574263942275e+00 -1.596630713523177203e+00 1.458547401419163725e+00
3.641413265255697557e-02 3.986346930501680763e+00 2.800309587878072382e+00
2.405442500993816957e+00 2.752434342418791147e+00 3.894834443769805254e+00
2.259423465840572742e+00 -3.470697414945301595e+00 3.227515386855532409e+00
2.298010577376486285e+00 -3.256496279323704002e+00 -3.019122709193813758e+00
1.682064382071373654e+00 -2.218468238466569709e+00 -1.962756816701233253e+00
-8.958334939224699145e-01 1.071757175795416961e+00 8.979617923556544312e-01
-1.786955685137177285e+00 -2.094768444422443032e+00 2.858375161774014961e-01
-3.746121667891035845e-01 4.630428606793697832e-01 1.136965692768996394e+00
-3.051014114538539435e+00 2.319711102894614019e+00 1.610387575505885627e+00
-1.055676390293978500e-01 -4.529183843130067388e-01 -3.697872940474633996e+00
8.495670801937663663e-01 -2.733755305980508421e+00 5.676447167997957788e-01
3.790216038500649365e+00 -1.371144807246910124e+00 1.949069102942612375e+00
3.101364152983036582e-01 1.864865082760239989e+00 3.823543481353483653e+00
-3.272479779007167466e-01 -3.862467282475011476e+00 2.210966146941654831e+00
-3.591436445219283957e+00 3.696033343684330674e+00 1.745305584637992347e+00
-2.900480297409731012e-01 -1.507657934581791315e+00 -2.483836611219283341e+00
3.807163412595548357e-01 1.898660725991844433e+00 6.020583906398542240e-01
-1.899106119480305610e+00 3.561931076158601162e+00 -3.765037636717604386e+00
4.054784870126047380e+00 -3.968032955799892569e+00 -5.464487922496599204e-01
-9.907634178486617316e-01 -2.281589678289241530e+00 1.080516790499524316e+00
6.757468341029488901e-01 -1.710811874230149243e+00 -1.257682929041018749e+00
3.804295717509790453e+00 -2.449312295024829389e+00 1.913144575185051210e-01
1.466548723969288037e+00 -9.210543492426888079e-01 7.955982535209858986e-01
6.939207669881020113e-01 7.246683639533256782e-01 -1.864854932857748615e+00
-2.500936330340346014e+00 -4.009735796811202846e+00 -1.988894132154447325e+00
2.899529636321010795e+00 1.245507063806774672e+00 1.914727010729222911e+00
-6.552161329447594440e-01 2.263579124143136889e-01 3.485118718611245558e+00
-1.940995458768706161e+00 2.839542012760656320e+00 3.768002114547344128e+00
-3.949576425833334348e+00 2.481438829243584276e+00 1.239789017758573086e+00
3.873211279476557856e+00 3.048215856072673091e+00 -2.824890719677239037e+00
2.971057151729112888e-01 -2.388291511456510502e-02 1.901047530085793635e+00
2.322630615006440191e+00 1.897571822754529736e+00 9.066580594243754954e-01
-2.353259831673809366e+00 3.606288562623555016e+00 -1.150412430585383339e+00
3.780772962292713757e+00 6.076557338239108041e-01 -3.870366706512265997e-01
-2.009755799772032780e+00 3.264425867122479730e+00 9.453557805459444907e-01
2.873197760467772088e+00 1.102251208936892768e+00 -3.168511366273495167e+00
-3.822500389859149639e+00 -3.216811144018387747e+00 -1.468044462798023586e+00
-3.380303456877106871e+00 3.348722978060989064e+00 -2.117060803941268610e-01
-2.814459385217895626e-01 1.338512098161394936e+00 2.774987356913390268e+00
-2.822247822678537243e+00 3.292893928391080305e+00 1.531221154051491062e+00
-1.654290577042090149e+00 2.050237272991806969e-01 1.905342905464149084e+00
3.306576095991484276e+00 -3.298140735553368952e+00 7.103145753508408600e-01
9.414193075266512611e-01 3.084710386259619685e+00 -2.664309220945596746e+00
2.427514146449949450e+00 2.058709441477210245e+00 1.774333690039213041e+00
-2.406907895521686491e+00 2.004520209209412762e+00 3.854561694072122791e+00
3.203798150733504269e+00 1.547274784539680592e+00 -3.953616037272071448e+00
4.106595443133739920e+00 2.705009436885961627e+00 3.595034894679208559e+00
2.609975094928194572e+00 1.367978055173826174e-03 -2.082133368742067336e+00
4.099176968201745375e+00 -1.452196217245486087e+00 3.731990807362761675e+00
-1.975004930957571680e+00 -1.087828694653888206e+00 4.523179878123239073e-01
3.323927054618010857e+00 -3.107935889988682199e+00 -3.410799852783478414e+00
3.410630923673800829e+00 2.216336400784188587e+00 1.828552127883173561e+00
-7.541610770845004197e-01 -7.581904984999006114e-01 -3.026984178035732942e+00
-3.090039246538180961e+00 3.091369897719025595e+00 2.465829234444987694e+00
1.432238677446238784e+00 -3.268492617045786641e+00 2.072505714212528716e+00
1.515078258841756897e-01 9.505263458576105329e-01 -2.704685723910803752e+00
-3.441783938476994820e+00 3.634165194682300454e-02 1.430003944998101684e+00
-4.019047727920126434e+00 -1.896236252886431384e+00 2.833733281564224882e+00
-1.701457578546658800e+00 -1.099537436713703853e+00 3.381082826081066806e+00
1.522237169674918844e+00 3.834882107828527342e+00 3.799340555392431984e+00
-2.211200407362466258e+00 1.189493082920899170e+00 2.969791346206107185e+00
3.175101707571280407e+00 2.480394507413642646e+00 -2.827688334228675160e+00
2.002722634091283371e+00 1.097954387719630054e+00 2.122207619324318451e+00
-2.603830277779764391e+00 2.623129019051396060e+00 -1.067155352628304632e+00
1.444688207471938046e+00 2.276337479704856115e+00 -1.586940882599169989e+00
3.413789268842769342e+00 2.572730234951833506e+00 1.344332416089495941e-01
2.799132331003493235e+00 -2.673768529829520180e+00 1.401836911422809084e+00
-3.483316826949565126e+00 1.641064799246565453e+00 -2.915401299764165621e+00
-8.191353682778974576e-01 2.901314489452198053e+00 -4.098903939166836374e-01
-1.136867266566348400e+00 2.460419868535455024e+00 2.453858108858734344e+00
-5.766243751846413801e-01 -3.694081364613109653e+00 -1.336735132436101869e+00
-6.362000226316772977e-01 2.163022498891313372e+00 3.412122138814452477e+00
3.725261025796049452e-01 1.904296293027536002e+00 2.376894334437544831e+00
3.799353175894743195e+00 1.557012961859272293e+00 2.465751203804412928e+00
2.781855032503277592e+00 8.845100692695162525e-01 -1.801196164959951163e-01
3.358527971755665753e+00 -3.596461843050448248e+00 3.068525324731612436e+00
-3.454146303951239450e+00 1.958917230450244240e+00 3.332656064961071252e+00
-2.697954917448087464e+00 -1.673311010986161529e+00 1.545550944386308856e-01
-3.203986240836533383e+00 -2.063278600030455490e+00 9.610287138259776540e-01
-2.654671122436611519e+00 -1.516552960039102560e-01 7.296702276618960425e-01
-3.756807334310530155e+00 -2.455811312136849445e+00 -7.046511448200667438e-01
7.436273103348680635e-01 -3.922212557430681645e+00 -3.371709016239430756e+00
-1.194236824005475706e+00 5.549920904068023075e-01 2.670854785583729907e+00
-2.667500861302980919e+00 1.379300198130019028e-01 2.137495287619080031e+00
-1.178480843080683904e+00 -2.906020642514648422e+00 -2.138634961837318382e+00
-1.477617257257898831e-01 1.211559032092521804e+00 -1.290706130477978109e+00
-2.459356900562336357e+00 -1.526636755785438782e+00 3.961435686265136091e+00
-3.486119574655880626e+00 -3.697882907821807841e+00 2.237006742374032076e+00
-1.178549513820954076e+00 2.362340982191950989e+00 -3.976455893011487941e+00
-1.330539531973955913e+00 1.923939259613949293e+00 -3.308386430337295070e-01
1.795039603809160500e+00 -3.715812044085081922e+00 -2.211519592274133750e+00
-3.042329686428128177e+00 9.145685829975973569e-01 -3.990661332574619191e+00
3.495107251849334684e+00 3.907199265024281498e+00 4.660639212997472192e-01
7.484479466862042907e-01 -3.857716219400809887e+00 2.397547419949910719e+00
1.720518609804956744e+00 1.007315098233860562e+00 2.584531266157621410e-01
-1.375336787203317979e+00 -6.915657608794676392e-01 -3.804503748102541216e+00
1.246595737544286209e+00 -3.172053136654899408e+00 -2.907722928007277385e+00
-2.014068538809634212e+00 3.448074935715313427e-01 6.370331478316307305e-02
1.174387885611398508e+00 -3.591814088296644947e+00 1.278830822651672694e+00
3.298660043368081496e+00 4.381975797457945965e-01 3.646637874305189264e+00
-1.902706168961482147e+00 1.946877680094970531e+00 2.117846079341539234e+00
-3.936627640622905933e+00 1.333895640629903845e+00 -2.238294651855332329e-01
2.005137626933048978e+00 3.341027767644499935e+00 -3.522044548329222646e+00
-3.507053131977906801e+00 -3.002166797351342620e+00 8.706610363652861340e-01
3.798551002562951417e+00 -1.168458867886520425e+00 -1.511886452251733237e+00
-3.237772559241227199e+00 2.485165933808460181e+00 -1.902370336246415050e+00
-3.581095868910485341e-02 1.823361672360301444e+00 -3.598882612188481378e+00
-2.689570663123121097e+00 1.124434509735142251e+00 1.700156951311821985e+00
9.749857000798559659e-01 -1.864360049988708301e+00 2.133084350660254369e+00
3.388301084620559234e+00 -3.922522760412208154e+00 4.090912844691272809e+00
-4.052088275517564675e+00 -2.559941617032019501e+00 -2.828813470930115592e+00
-2.995007974776192849e+00 -3.645812417603073730e+00 -3.603551951390027597e+00
-1.748710519560409682e-01 -2.253068680170923432e+00 -1.478400896186038427e+00
-1.726570492403017854e+00 1.152147255024112305e+00 -2.249974449053492975e+00
2.278240299314775896e+00 8.058877868652891685e-02 3.563540687367308557e+00
1.125058496229867533e+00 -1.896204914897682947e+00 4.038253021866108128e+00
-2.209955011357240817e+00 -3.090346540530899855e+00 8.407490165698954243e-01
-2.758156127295109172e+00 -2.886112824315236303e+00 -3.952883215683401730e+00
-1.784137004611713984e+00 -3.484421665551616920e-01 1.171193216973062556e+00
1.861685952137758893e+00 4.624302104981406480e-01 -2.619370128571234968e+00
2.066597754582187640e+00 -3.536031859672767119e+00 -4.060791851221312032e-01
-6.808886308206928417e-01 1.147917913397391354e+00 1.944253531111277855e+00
-2.911460018875648426e-01 3.139653120741825010e+00 3.974211893972245058e+00
-3.528460345920644947e+00 -1.482656240625758848e+00 -2.131522517506516223e+00
-2.964066125569746912e+00 -3.382556189611560349e+00 1.983725140567285938e-01
-1.631282313186130262e+00 1.135692065396592731e+00 1.757442983972187900e+00
-1.789131327780789427e+00 -3.380262399407779395e+00 2.002293371065566041e-01
-3.527878096745740155e+00 4.457096826746080320e-01 -1.183179481705612934e+00
-2.564311407387891428e+00 1.072412420816369893e+00 4.313913374774568932e-01
1.008731846809550081e+00 3.975152723294894108e-01 -3.597386763760878736e+00
2.624795410346468127e+00 1.203971386788706743e+00 -2.241515685490225174e+00
-1.197814342558464862e+00 1.576554344648657180e+00 2.659528543389475086e+00
-1.185110895292536437e+00 4.489564744426339793e-01 -1.578224753021128635e+00
-3.375588309946696342e+00 -6.429034920567361366e-02 -4.083749055836321418e+00
9.607187086088153638e-01 4.081387129799765034e+00 -2.373769085813328239e+00
-1.198352224696549673e+00 -8.723574530521598369e-01 1.675539472801027330e+00
3.542814103823708205e-01 9.953229674827475115e-01 2.020783080928906461e+00
3.807489589039252831e+00 -2.561880656627074870e+00 3.473815346546048399e+00
-8.059884674279573780e-01 9.586844212496739015e-01 -2.282071844823377660e+00
2.818077455256141839e+00 -1.597428144671045880e+00 2.927592626450583047e-01
3.264147764445048949e+00 3.593362057948342736e-01 -2.662528402086720369e+00
-6.844754374675663389e-01 -2.157002595151830349e+00 3.720681691253922896e+00
-3.004659167673662701e+00 1.765724160390421904e+00 -2.648100154547670670e-01
-3.465788879312317938e+00 8.056208833056718310e-01 3.878312763105594141e-01
2.409438183389337240e+00 1.996507723865174277e+00 -3.549714202576778277e+00
1.006989700717787706e+00 2.331966494833549675e+00 -3.771351725545021960e+00
-1.117742745277682248e+00 -3.110844524805756794e+00 1.422811715838686819e+00
2.198461081523350735e+00 3.834130005875062253e+00 3.062003308631169318e+00
-3.670779361324717271e+00 2.133347620796784305e+00 2.289908278740398373e+00
-2.847014976860344326e+00 4.066738282756245049e+00 -4.455867106978182446e-01
1.056408101042616982e-03 4.764047498249054935e-01 -3.518411475144612499e+00
-2.398641922648419467e+00 -3.363845807855490921e+00 -5.910167454124269915e-01
-3.296713145942841816e+00 3.244103156643648678e+00 4.106808570347755705e+00
-7.678690093374208603e-01 -6.904881043295574283e-01 -1.623358358266679513e+00
-3.515326544381241369e+00 2.788320324964192132e+00 5.311533358042828112e-01
-3.410082104298738370e-01 1.529064110883297856e+00 -1.324817633048365750e-01
3.121347116159281843e+00 2.709958840368128286e+00 3.274303999017074140e+00
-3.533997523951961650e+00 1.126430217047416082e+00 -1.726970307729371656e+00
3.162360271819014024e+00 -6.562999503329478568e-01 1.758815751016657769e+00
1.128208806177231072e+00 -1.859949105508223788e+00 8.991029034575964696e-01
2.933032778394013551e+00 -3.759190747941197674e+00 -3.976260266380038377e-01
3.858866532200105226e+00 -3.679453051174567668e-01 -3.407842729571718188e+00
-2.802988827790407367e+00 3.254620722735779736e+00 -1.855838720272054321e+00
1.240659973270799243e+00 3.590202520072572234e+00 1.655491984111175263e+00
3.500127943374139683e+00 3.290096150926817842e+00 4.055291098719771448e+00
-1.762413963089273450e+00 -1.459127102230596829e-01 -9.667256102575199073e-01
1.090088615347758028e+00 -2.487464266636461918e+00 3.245350141197354432e+00
-6.366142124767376620e-01 1.818703680432947056e+00 -1.870976661054362111e+00
3.652019180127483278e+00 -2.304586330383355364e+00 -3.845604138859978871e+00
3.996545021061931990e+00 1.069065322311700816e-01 -1.973873077757142491e+00
2.373758557207727549e+00 -2.931078041979048088e+00 -1.889505377835142275e+00
2.041013928852181802e+00 -3.856643856530057146e+00 2.232324177277681621e+00
2.999455463391963672e+00 -6.207528741509569237e-01 6.622119327682139955e-01
-3.209892981209532259e+00 -2.877285771998534525e+00 -2.949425120803317313e+00
2.540930009229301345e-01 -6.204759135097679401e-01 -2.631667193905951052e+00
-2.037289698887716938e+00 -2.256594130821051092e+00 -9.672956059611246271e-01
-8.714658659456009371e-01 -3.947246321096800070e-01 -7.401385100754203084e-01
-1.009154141340183219e+00 -3.509317817792754646e+00 3.079073877426382388e+00
1.874522408924474526e+00 1.834898707145277585e+00 -2.351083237951034466e+00
-1.356051869785181108e+00 -3.962113039453789565e+00 8.749680288730563582e-01
-1.745833523324819447e+00 2.874319632694685822e+00 9.118527664542463995e-02
2.174239374138302150e+00 3.453917330516307338e+00 1.310678606177395178e+00
-1.193107728355450314e+00 2.754260690330679329e-01 6.968431209749784694e-01
2.677212195402984829e+00 -3.130698196849376558e+00 4.044386461680478106e+00
4.055465387071449435e+00 2.223699949398966424e+00 -4.852452360455919989e-01
-2.012724285962180559e+00 -3.717568698252736059e+00 -3.951708596986957645e+00
-1.694431007811566081e+00 -3.729099536001158732e+00 -1.429752765022928251e+00
1.069400985351853128e+00 3.076369146688112011e+00 -2.912714312203876776e-01
1.668735033332301665e+00 2.968910444261548154e+00 2.601564666070258269e+00
-2.798962820728682077e-01 -3.134766627985478227e+00 -3.446708183411901327e+00
-1.864539672004154047e+00 -1.436967275757584872e+00 -4.516064867621019663e-01
-2.358746129932900448e-01 2.890647023956953277e+00 -3.321127481110323743e+00
-3.993461773689833016e+00 3.096344556906451828e+00 -8.544024017081724987e-01
1.588862159997537438e+00 -2.542842602625059900e+00 -3.527192924213625957e+00
-3.080434683895667103e+00 3.530398280996911886e+00 -2.690214166822531006e+00
3.021137065086202611e+00 -1.481141320638576619e+00 -3.729489760159331979e+00
-3.215193834463766720e+00 -3.335588829586459525e+00 -2.211004453154340244e+00
-1.794228645287218038e+00 -3.603920147163141685e+00 1.633145655357797654e+00
-2.885009909454518517e+00 -2.021098707494714652e+00 -3.202310007200768638e+00
-3.768389527015044149e-01 -2.759717263387368114e+00 1.136917450835224219e+00
-4.029186338333781592e+00 -3.569739929904550912e+00 -3.611770053819396864e+00
-2.897158306688439877e-01 -3.466393480717243403e+00 -2.438753139761959066e+00
3.050994929255351096e+00 3.647342809576422429e+00 3.380242020061619890e+00
2.330161109027365729e+00 3.406368867146883694e+00 2.194437410979855230e+00
-4.082601648075536716e+00 7.534540887727980696e-01 -3.952821761926806676e+00
