8.220706914434900980e+00   8.220706914434900980e+00   8.220706914434900980e+00
500
-2.502642902912639133e+00 3.647795326845693076e+00 -1.423387666778536786e+00
1.581916216898818783e+00 -1.618044786759630815e+00 1.423976235802112633e+00
-3.634343096985255261e+00 -3.308208240593552674e+00 2.544429958117697232e+00
-4.299321904409346695e-01 2.186756067550315485e+00 1.263140751203352785e+00
1.902370976579314421e+00 -8.682471328370462427e-01 -1.846641447885581933e+00
3.355504875002078613e+00 -3.465762772745785369e+00 6.252559449926863300e-01
-2.700029974904304186e+00 4.032891438131563255e+00 2.594304493065628936e+00
-4.035086534873893349e+00 -1.768656819723618323e+00 3.123893468694399989e+00
1.365218929458596797e+00 -3.749083368288690821e+00 -2.511133606219059899e+00
-1.809325979932982165e+00 2.627150432490917620e+00 -2.884575269840047529e+00
3.249739225438082357e+00 6.332934291973050245e-01 2.695097948451620207e-01
-2.113974709878826186e+00 1.362129002449566473e+00 8.325529851227781997e-01
-2.218073765654792862e+00 -2.909013974890902743e-01 2.517091336604383667e+00
2.940288644086650471e+00 3.600362931122608190e-01 -1.154414134610994402e+00
4.070370473258734245e-01 2.943573088955033334e+00 -7.902293420240302790e-01
3.154393381998369383e-01 -1.213286097639692418e+00 2.528099543282766426e+00
-1.162816217443146227e+00 -3.089891658144779729e+00 3.980644035305386019e+00
-2.321914198197882140e+00 2.390861416311660825e+00 3.753368415714633866e+00
-3.187615571543922499e-01 4.008383980854818063e+00 -8.662741115687927485e-01
2.538635079411219131e+00 3.790700291986667025e+00 2.275998067626531896e+00
-3.821809879832586132e-01 -3.118342264236229067e+00 3.990134450576951597e+00
1.660229506421960766e+00 -1.209625260089191467e+00 2.364239531580341946e+00
-2.562224888749002005e+00 -1.650644426946257015e+00 -3.768558883441726071e+00
-1.324639279204787856e+00 3.105027618044104543e+00 -2.603905396614905499e+00
3.134030715675950596e-01 -1.845633201309038407e+00 -1.927058855237198998e+00
3.928707784645725454e+00 -2.880294798759955199e+00 5.203460959865688906e-01
1.369937562709086842e+00 -3.319000759031068615e+00 3.424630502719011815e+00
1.257965190918766796e+00 -2.006335784155784285e+00 -1.118882926301039582e+00
-9.964379095351680871e-01 1.857581093233855896e+00 4.101277624958653334e+00
-9.819291916650481067e-01 3.074288235962269855e+00 -3.229816596314016408e+00
-1.126298733635608063e+00 -6.778993871272559479e-01 -2.000699347926505833e+00
4.066570966341910065e+00 -2.325903161755715320e+00 3.092230961989367977e+00
-2.328512024163823746e+00 -3.834960442578407402e+00 -2.387500419284176445e+00
-2.126492715579261006e+00 -2.777190391911807388e-01 1.398282405271077611e+00
-3.614945053756159155e+00 -2.646068433926691998e+00 -1.164355597802243070e+00
3.175442635645063572e+00 -2.599316677512504281e+00 -2.629351551637630013e+00
1.603653221945432472e+00 -3.626417207025399048e+00 5.485766757693167905e-01
5.973586617623107831e-01 1.804955996150341635e+00 1.278663606670391362e+00
-2.596734120464092577e+00 1.724013851619287108e+00 -3.410407887822262563e+00
2.827816106465326218e+00 1.223085395145099730e+00 -3.852219164300904719e+00
2.448818274609924295e+00 2.046926426495175200e+00 -1.743404565795558359e+00
2.449229363987907027e-01 3.440770003983839587e+00 -2.635176370184270755e+00
8.032585453438315648e-01 2.357585313832123664e+00 2.934429071603052108e+00
1.182181562981146739e+00 1.978836740120417437e+00 -1.740976591152519237e+00
-1.152019125869014893e+00 1.022632774082852025e+00 -2.930406623239573349e+00
1.856324296530772466e+00 -2.652585637614723435e+00 -3.610204056704125364e+00
2.397319033986257342e+00 -3.731791653848399726e+00 2.309589595764450110e+00
2.262834914374264095e+00 -3.145545304297937772e+00 -1.623027857060518553e+00
1.298589522847718669e+00 -1.336639939461365278e+00 1.341307423664244824e+00
-5.578101835284949850e-01 -9.868677223436450596e-01 -1.307087082265997680e+00
-2.538784823920905431e+00 -3.564868265732794583e+00 3.979553317575974081e+00
1.151544443741095325e+00 -2.424126198836300539e+00 1.622917981804195664e+00
5.769107924989448355e-01 -3.983190171076106179e+00 3.891682415690342456e+00
3.720965201968953195e+00 -4.008019614925514951e+00 -3.389375303013272944e+00
-6.824979415581543529e-01 -1.524195543152995658e+00 -2.504731669705287378e-02
9.231800498476216976e-01 -1.966362387111585841e+00 2.953463215274087172e+00
3.993102674842477384e+00 -3.971443029857451901e+00 3.943053117754355075e+00
1.814733916667441660e+00 -2.017323849054970086e+00 -6.097868777787318617e-01
1.546873426576472754e+00 -3.024572439732595708e+00 -5.220445076187504307e-01
3.357688516516458499e+00 -7.572596073712042353e-01 -1.244613098206492241e+00
-1.590166169962334397e+00 -1.180020541931629419e+00 3.665575563540392601e+00
2.016380180607612038e-01 -2.132374524525812443e-02 -2.931284315528269957e+00
-3.551538024299154994e+00 6.028666988538137206e-01 -2.676743100344556758e+00
-1.908299515444368044e+00 7.443629213726553340e-02 3.738237147412745709e-01
-3.074185604708433495e+00 -4.322061600910903634e-02 2.770135903213437056e-01
1.953143910046408527e+00 1.543035691562934408e+00 -3.154526806883262147e+00
-1.852872623359506532e+00 4.599649124273832990e-01 3.265111400614018056e+00
9.411729050325118306e-01 5.890610638686536449e-01 -3.395489305877238184e+00
-1.319004929643290136e-01 3.455856279175773427e+00 -6.636534970475774786e-01
-3.915803033075729633e+00 -2.481545886579832771e+00 1.404365070125019432e+00
-1.840047767263413570e-01 2.632558115737388960e+00 -1.606002566341100390e+00
4.240558302189717521e-02 1.337185288824784379e+00 -1.389679694621040129e+00
7.228590962132199760e-01 3.970300607973662466e+00 -3.872788142481180529e+00
2.749281179973707356e+00 9.834592051937658397e-01 1.637748175675967532e+00
2.740313915781979193e-02 -3.103351221395333148e+00 3.338014039959492862e+00
3.119228259306799256e+00 4.971613894222227659e-01 1.268284459741028991e+00
2.996724127622143907e+00 2.354127057816670643e+00 2.766906217655295208e+00
3.440517271573827252e+00 1.968058334266310716e+00 -3.310037526400793628e-01
-1.900804298684983129e+00 3.713847080992966454e+00 -4.755800443881711415e-01
3.405840112798431463e+00 4.437802689089859198e-01 -2.640379336172081093e+00
-2.970334650039759605e+00 3.381906086763413199e+00 1.140399578182114793e+00
2.678674696619222750e+00 -2.585304982930292983e+00 -3.570689407677329896e-01
-1.361133507016128785e+00 -1.866326204703270486e+00 8.526690090208561834e-01
-2.904413468514302821e+00 -3.395736878406566905e+00 -8.123272017733326189e-01
-5.766461119778604205e-03 -2.373756729111153874e+00 -2.935899459988451365e+00
-3.320670782714836289e+00 3.357118296965693194e+00 3.376148788436222903e-01
-2.001132962309555730e+00 -4.049705243622544693e+00 2.653447390783271853e+00
1.717937979109760427e-01 -2.515126481881158504e+00 1.437904593499065742e+00
2.640041254814887939e+00 -8.511460800882083566e-01 1.463988293066577295e+00
-4.553622464209591825e-01 3.488378178882540315e+00 3.677231520130421316e+00
-4.083215714808925867e+00 -2.879132230631032296e+00 1.995154558443582360e+00
1.326681576440236654e+00 2.593966339917495922e+00 3.902708124443406312e+00
-2.424871585738894719e+00 -2.375429561537659051e+00 3.632750633052880929e+00
3.077690653777805707e+00 -2.909924925493488357e-01 4.023398692981600355e+00
-3.633280881025473086e+00 2.887374979775415351e+00 3.912750149889794749e+00
2.843238719290711813e+00 5.965261766732991022e-01 2.191562986945880809e+00
2.612095045560431927e+00 3.104163323224604198e+00 -3.915266555238363644e+00
5.236896311249911173e-01 -1.861638773131140123e+00 -8.429576576253803299e-01
-4.102667752213438490e+00 -4.082707124646886676e+00 6.233107158852557728e-03
-1.510476033734877044e+00 -1.696321850051911051e+00 -5.489372201571931509e-01
-1.428108726895678249e+00 -2.437649327064361326e+00 3.457434820677137921e+00
2.664441939593307662e+00 -1.481747533092246050e+00 -3.325762125062814878e+00
1.062196247631988388e+00 3.556043009874995331e+00 -2.407233014374941860e+00
1.083236471475156559e+00 1.053720275308847043e+00 -3.082628838357707735e-01
-2.621130549950521083e+00 -2.147660383122138583e+00 3.154737059487415340e+00
3.475524984584113408e+00 9.370210934881693099e-01 1.933590904507088287e-02
4.604127773607830654e-01 -3.448168036669285286e+00 -2.337522656554588796e+00
1.799261394635484290e+00 3.925501960909858479e+00 -3.269987266419511207e-01
-3.541169634681376466e-01 -8.415281693467125956e-01 2.679047115248948674e-01
-3.991292240299588290e+00 1.775101927278520675e+00 -6.129449787251881610e-01
-1.514334289848461745e+00 1.324206545636952725e+00 -1.461708949390211121e+00
-1.624730195176441461e+00 -1.003430426939554421e+00 -1.877143354564848154e+00
1.769473301712464197e+00 -2.349340283431577525e+00 -2.073710032475026832e+00
4.643645598545699249e-01 -1.425362901183325093e+00 3.194904152114065532e+00
3.823298203965342701e+00 8.988058948951433980e-01 3.341603025443113939e+00
1.582330396176085285e+00 5.105765978675588235e-01 3.540590987944287171e+00
2.835709575914802993e+00 3.469796793682213831e+00 2.980593266278621201e+00
1.944901268950349760e+00 -1.709432293454067775e+00 2.207479609883495009e+00
-1.493029619972727096e+00 3.816272421628944533e-01 1.074430447828569113e+00
-5.209701388294165625e-01 1.442050013474398096e+00 -4.122202750854139786e-01
3.696414889712713148e+00 8.965565360766666325e-01 5.936136169759822501e-01
3.321249448985977182e+00 -2.887077681286037922e+00 -3.759495331159839804e+00
2.996471398975044220e+00 2.448995344091603243e+00 -1.859646723363523324e-01
8.724525574305365128e-01 6.569753832100841962e-01 -9.137930805857074068e-01
-2.816757316949625167e+00 2.394271357599239813e+00 -9.414844277658770411e-01
-2.403018226808961710e+00 1.316489171166582928e+00 -2.214438465332905004e+00
2.077053501216727049e+00 1.923790277136691707e+00 -1.766978296246578317e+00
-2.248860294694599027e+00 -2.085031523426869704e+00 -6.506520770776262896e-01
-2.723546536260770257e+00 -3.971743997453849762e+00 -9.326432753187330338e-01
-4.037765378960386009e+00 2.528124487621137284e+00 2.817866144584552313e+00
9.328723610776474828e-01 -1.405180925692349092e+00 4.443275729351164327e-01
3.871094657673183281e+00 1.887506590771443005e+00 -2.648731343217445300e+00
1.391311372025573867e+00 -2.054613461523853601e+00 3.494533913877108322e+00
-1.217790963958175654e+00 2.561289158570257296e+00 -2.009268981498153028e+00
9.198609750671340457e-01 2.848635064896715363e+00 -9.910914735212817961e-01
1.591840108290629052e+00 -1.767586459459304260e+00 -1.111827267593229029e+00
2.897751347069637440e+00 2.902423775535566186e+00 1.145016747259911316e+00
-3.322601728129187748e+00 -3.066907735975300753e+00 -2.218845165956808252e+00
2.234160350525132177e+00 2.031303505618169858e+00 2.460042050163345984e+00
-8.357709555032032389e-01 1.547237190568491183e+00 -1.233656614934280027e+00
4.102258367698055075e+00 -1.238522932386637798e+00 2.176049693366614246e+00
9.628250767130048793e-01 3.650964039091344482e+00 -6.346765069936541881e-01
-4.184995307560522848e-01 -1.403337385636914680e+00 -9.932613652302867413e-01
-2.321359613821377899e+00 -3.841429151466191794e+00 -3.130334673584368232e+00
-3.154764982311992760e+00 -1.131302353978973718e+00 2.377045702723628029e+00
1.494651588752383242e+00 3.708030151045846878e-01 -4.292512664212148610e-01
-2.200386653746476018e+00 -1.670897367380737908e+00 8.136344051832289370e-01
-1.054138934586042353e+00 -3.224786219317488101e+00 -1.138737748830348728e+00
2.964290991373344397e+00 6.409389487088061887e-01 -1.813213458689369784e+00
-1.230517118031004387e+00 3.967949064755903699e+00 4.834707076485266763e-01
4.061414196613537086e+00 2.874918045844754300e+00 -3.981555859996237956e+00
-4.149371502348175311e-01 3.058321001850378806e+00 2.058637371238365876e+00
3.708179116703824274e+00 -1.421355453412260106e+00 -9.028281557869218821e-01
1.701735605425500897e-01 9.696879503713073944e-01 -6.507764729681764226e-01
-8.697890455238265206e-01 -5.007997394504255517e-01 -1.557127986762757876e+00
-3.688759742865992841e+00 -1.150849269706664568e+00 -3.055646697736303263e+00
-1.696981132629067357e+00 3.547481754364344431e-01 -1.208774730477945480e+00
3.686018087441924163e+00 -8.020873015651669435e-01 1.717233902910315191e+00
-1.679509050840261919e+00 3.823137557783616192e+00 1.340144545652595554e+00
1.100600765983742013e+00 -1.514663050522471188e+00 2.100338485673442612e+00
2.808715057860347919e+00 -1.238392166036312192e+00 -1.010669331644092894e+00
-2.677339849679476025e+00 -1.583106956911879637e+00 -1.876357171562919479e+00
1.758079572173971150e-01 -2.458079683865409260e-02 -4.742640836422756800e-01
2.660739548410016031e+00 1.338811066622292323e+00 1.064731402596854171e+00
-3.193264068941405132e+00 -1.528410822956953297e+00 4.089951742584926109e+00
1.932807471500930241e+00 -2.271534437393810890e+00 -1.347328655022555499e-01
-5.921420890654631730e-01 -3.418815070614440010e+00 7.883917509250802647e-02
-3.157030626795029327e-01 -1.976148065459561343e+00 4.074413536250638401e-01
2.976281543251674933e+00 8.273748106074418907e-01 -3.479340508508990570e+00
3.014808495858667392e+00 2.879671699495969239e+00 -2.139651242631440908e+00
6.635162921477688602e-01 -7.242466260531128519e-01 1.585815229377655511e+00
5.095143263536646705e-01 1.916096612700012081e+00 -2.195631461429907172e-01
-2.638744088368010221e-01 3.515445820074591943e+00 1.845078786377017277e+00
-9.280071626924394357e-01 2.114315306378186765e+00 -2.879037769530251367e+00
-5.480641435573496700e-01 3.477783204273015460e+00 -2.574086099897627822e+00
1.694124667254160110e+00 -3.002810216078107164e+00 -3.081473446845715891e+00
-1.428308510449885382e+00 -6.558455823659589123e-01 -4.072557026587051432e+00
3.531672638053719115e+00 3.471193935527458141e+00 -1.733975983810051247e+00
-4.066528198116446724e+00 -2.092640894697792575e+00 2.654862720913592433e+00
7.183187260008628838e-01 -1.736207313694645871e+00 1.252128136777568734e+00
3.940042192518837805e+00 -1.688054451697033498e+00 -3.466683984318930101e-01
2.182692658370619210e+00 -2.179908524789859303e+00 2.211136598819790855e+00
4.829251529868073267e-01 2.768921590277942268e+00 -2.391667826894459559e+00
-1.627647029194285722e+00 -1.717639998844187499e+00 -3.578182623686208874e+00
2.090415337205026036e-01 -2.945173244166041648e+00 4.711201510932084280e-01
-2.359395684627443313e+00 2.257606593546150897e+00 -2.730107232341479673e+00
2.907438853021687919e+00 -2.619941351759585313e+00 3.250823717432894000e+00
3.345510417540231707e-01 -3.924458808637148799e+00 3.204216834288864391e+00
2.455083578408486567e+00 -3.462061245403686094e+00 -6.317587875966190758e-01
1.409431807527105063e+00 3.817348700526675298e+00 -1.585951981721963389e+00
3.062384104021415698e+00 -3.156382746269826178e+00 -2.022636995427578022e+00
-2.513775452592372228e-01 -2.661894777427844527e+00 -1.710606154184264316e-01
-3.822552819252596823e+00 -3.320330247564829751e+00 4.042532915949506922e+00
3.378897039333032648e+00 1.570994899765137287e+00 1.840411556770700674e+00
-2.443172504194116357e+00 3.428561026108757570e+00 2.146234292729907622e+00
2.005516851672363710e-01 3.844279202819438357e+00 -1.932358017141405204e+00
3.078200105329911729e+00 1.698949098413229164e+00 4.839913807506905363e-01
3.421454229406547753e+00 -2.486097715148332110e+00 2.637815249812984764e+00
-6.537672907245212217e-01 1.982653837991008583e-01 -1.380995811878890533e+00
1.072687632322021800e+00 -3.476892674444475695e+00 1.990104512595574748e+00
1.246494405133364403e+00 3.893670761035976646e+00 -3.315224339687487198e+00
-3.779180699940306365e+00 1.136213952695371399e+00 4.698561626083591625e-01
1.995678311703783958e+00 2.806563743036026626e+00 -1.561613286912631793e+00
9.903840525258553740e-01 -3.265470893279813325e+00 2.632283305363300574e+00
3.452735144899578223e+00 -2.509376568473447922e+00 -1.913537095819662914e-01
8.866750762180760637e-01 -7.810306513209738233e-01 -2.240260913621554995e+00
-1.506011745284312697e+00 1.194938096657211180e+00 3.372366462311027657e+00
-1.316681376046813012e+00 3.476949841093644800e+00 -7.818631915185593195e-01
-3.744339313699454941e+00 -1.858215132648699974e+00 2.441369837627210160e+00
3.232738837566015988e-01 -2.089005740001121492e+00 -2.813663700402040391e+00
-2.151355892536770398e+00 3.119692193286241810e+00 4.037983357327078693e+00
-1.587616062380610593e+00 -2.192667209046245791e+00 9.087911044231611335e-02
1.799557412073882201e+00 -5.702611077494151859e-01 2.983482401951796259e+00
-7.026902560500964956e-01 -7.463631358261544335e-01 -2.205310183822108527e+00
-2.259667582825783061e+00 3.168856592787314241e+00 -2.182187595900276555e+00
3.478582718565204512e+00 6.973114249830417721e-01 -3.555353170113170869e+00
4.072340001436180579e+00 3.487755959216916057e+00 -3.342709986503678010e+00
-1.705511263124845467e+00 -2.241121452572044426e+00 2.638907906947454141e+00
-2.457279690005667927e+00 -2.786690437795330322e+00 2.089942686246549997e+00
-1.430357897070834605e+00 3.924015190695699040e+00 -3.266524032844144720e+00
2.127604056782133046e+00 3.833791148086244771e+00 -3.428196416765016075e+00
-5.899163930783729581e-01 -2.012630739871020591e+00 -1.316089855634230865e+00
-1.410651219842989357e-01 -2.311883173740404418e-01 -3.492097834314476401e+00
1.547888949429529371e+00 -8.701068477471670670e-01 -2.997940336828733621e+00
3.162975572937669178e+00 -1.606175743306974990e+00 -3.263465570290842610e+00
-3.912514580922542562e-01 1.608778416557598290e-01 -3.821049708423870594e+00
-2.478821549760923837e+00 -1.591274189959813068e+00 2.920990503787253001e-01
-4.096410942357944229e+00 2.702499003492444096e+00 3.269581264262553688e+00
-3.427110156365189120e+00 1.988844131219164035e+00 1.508587464499189901e+00
1.032734370646808397e+00 -2.820032192309312347e+00 -2.995479564316756438e+00
-2.385187448146040889e+00 2.308378062688872800e-01 -4.088529833114420420e+00
-2.397719059508821360e+00 -2.535084248716492183e+00 -4.006490140651782994e+00
9.054603052183131107e-01 1.557503086119689018e+00 -3.306378333916645040e+00
-2.610382021842692080e+00 -2.758877088219700013e+00 -1.713237720299126687e+00
-1.421371285143037566e+00 6.059221671677000876e-01 2.375224850408822697e+00
3.606901322695560963e-01 3.051979357560653749e+00 2.962023702355845778e+00
2.090226306738733442e+00 -1.544207228388739361e+00 -1.339093179028714387e+00
-1.588952808191336663e+00 -3.766713246077477706e+00 4.099637433612356219e+00
2.095453681679651403e+00 -2.761662948307708754e-01 4.132765629972919852e-01
2.234498779628843745e-01 -3.831459817143151536e+00 1.354823166658350175e-01
2.363895169508405392e+00 2.177044458955953665e+00 3.359822167159650874e+00
2.737800957114980616e+00 -1.018160881767789100e-01 1.660094050012363542e+00
3.436236513617944244e+00 -2.119396453056875629e+00 -1.618616267709668044e+00
-8.475749219634398646e-01 1.613927185073790627e+00 1.597568019109372184e+00
8.674511321632333294e-01 -4.089193619795518764e+00 -4.036269734029323430e+00
-1.002264106191584903e+00 -3.127527862563024841e-01 -2.904230134001992258e+00
-7.327586760871778182e-01 9.975084485728467065e-01 1.919900692878889314e+00
-6.707419758035521040e-01 -1.796186114945295564e+00 -3.341215720060769723e+00
1.223415093243269247e+00 -3.368632748253816089e+00 3.934794833750536736e+00
-1.403028064728330193e+00 2.481496119604101214e+00 3.967986731786186549e+00
-2.844625339388755503e-01 -7.515263606074246150e-01 1.066157069413352643e+00
-3.615837626493945134e+00 3.855434268484575266e+00 1.984296708140825594e+00
-7.571429163658948136e-01 -3.080087314871585047e+00 2.756157547518817807e+00
2.595046897030595101e+00 2.987607749107941135e+00 -2.991312733080390363e+00
-1.722359249990013330e+00 2.870935238361288278e+00 -3.451161764601733850e+00
2.998475161847962589e+00 -3.828822340041230898e+00 -2.752703923890673199e+00
-3.177332841294305599e+00 -1.974762372754572448e+00 3.246022170193419765e+00
5.057032278155687566e-01 -3.215535664400090532e+00 3.484218230031741026e+00
-3.503209286732919203e+00 -2.130092656122901662e+00 2.857318521453157345e+00
1.000699649959857940e+00 -3.616180419892425779e-01 -2.575800136991986733e+00
-1.537177270063193824e+00 -1.580709615262460233e+00 3.078905472616300099e-01
-3.834172012081226821e+00 1.360168601412858669e+00 -4.040589498247632250e+00
1.893057128175273274e+00 3.400761276733493155e+00 -1.565211259109569319e-01
1.625617496939829376e+00 -5.958006577385396296e-01 3.853035531066939079e+00
-1.651886646537662484e+00 1.224198833935972175e+00 -8.331127941520209967e-01
-3.815508343923248891e+00 -2.026642170136191634e+00 3.146948923392094866e+00
1.370244405815107092e+00 1.659356662297320817e+00 -6.608129713470747846e-02
3.551472299441678082e+00 -2.415795406652325283e+00 3.789302965583624783e+00
2.304996616210568838e+00 -3.734861076072114372e+00 -1.960231722269239585e+00
1.893919976317781195e+00 -2.913837846410885390e+00 5.122128990264779302e-01
1.060508368667568924e+00 -3.770149520717605007e+00 3.116487035712693476e+00
-3.881247279594843835e+00 3.797349044328061751e+00 2.912994169550789270e+00
-1.185484403983741553e+00 3.019824002060824686e+00 -1.206078846081361844e+00
-3.206612682960943150e+00 5.419405790380114052e-01 1.187078867676904848e+00
3.316979816395502212e+00 3.653826238466485243e+00 3.379708273384722794e+00
3.686584477778052094e+00 1.689186559298246459e+00 -9.344752278289507608e-01
-6.655669976262164056e-01 2.202612640201506433e-01 2.070676028121238410e+00
-3.214404687562193441e+00 1.092294110112213001e+00 1.695557448759069885e+00
3.429110197483845823e+00 1.300705419322109258e+00 -1.333741175234377074e+00
3.581207883696592820e+00 1.955347625312354731e+00 2.370375094918446557e+00
1.968378998282056758e+00 -2.666553200787040723e+00 3.860417338861906078e+00
2.517859825646239003e+00 -3.345586525157186131e+00 3.662581209690998763e-01
2.165124121786937916e+00 -4.995075943093464921e-01 -3.299563369675088342e+00
-1.349496685280824337e+00 4.633881199034407539e-01 -3.861742687667864438e+00
-3.416478577858946153e+00 -1.980221418351184370e+00 -4.228635161624073602e-01
3.030533179617038719e+00 2.301020366454351151e+00 3.107814557956593005e-01
-8.002038354140543763e-01 3.343296159931173683e+00 -2.132800830794099323e+00
1.964577547971272597e+00 3.750396559487360060e-01 -2.621488318238708981e+00
-5.124357168717670330e-01 -2.804068536139113110e+00 7.805219513454531022e-01
-3.652024255440305289e+00 2.881144201897437807e+00 3.382062005387848735e+00
5.368899962682404103e-01 1.440377533466890458e+00 3.787173222966844666e+00
3.914601181056112988e+00 5.572776836256243538e-01 5.243835179273775154e-02
-2.656696232612266506e+00 -3.798753267947754697e+00 -1.897399628220863610e+00
-3.129656678406287362e+00 2.889728479007706241e+00 1.510207394700836980e+00
-1.536748089391321681e+00 3.044824425027338854e+00 1.663987879786491764e+00
3.805550430917910010e+00 -1.951930610678059286e-01 2.905803290134113537e-01
3.401453538208455640e+00 3.495174854926441643e+00 2.605736379380317658e+00
1.817240659171774464e+00 -3.011258288526672100e+00 -2.282409014683152382e+00
-3.655734095765766911e-01 -9.570378331505058345e-01 -1.948320208703543832e+00
-1.249485188670887092e+00 2.973560157283444472e+00 -2.014574083645852554e+00
3.754216883054859899e+00 4.977053343914877859e-01 -6.308326584687039551e-01
-6.489413264149943572e-01 -2.493259754080091373e+00 -3.837800815396961607e+00
2.068954814726056135e+00 -3.173534178161711683e+00 -3.386772748155702367e-02
-2.928671673095324390e+00 -6.158483227775061186e-01 -2.714680941614980192e+00
-3.676767389334543612e+00 1.064159604977234608e+00 3.475810438554794324e+00
1.149619767333949438e+00 1.697128502002227757e+00 2.156949099503064460e+00
1.688728596836845730e+00 2.641051284114580344e+00 2.234560015224095419e+00
3.246142464341613909e+00 -3.829102001829441271e+00 -3.328799479609472201e+00
1.487222894159978992e+00 -2.325111099867035680e+00 -5.239874964781825462e-01
1.505695642024393210e+00 3.643857495066296082e-01 3.509019124582521965e-01
1.191372387691745249e+00 -4.001063337659839902e+00 -3.932324766233264324e+00
4.664108013829035282e-01 -2.690701080825667724e+00 2.241645264534708470e+00
2.318042400181172358e+00 -3.573736175584991681e+00 -3.445617376623848482e+00
1.900836500582141486e+00 2.174554396978078064e+00 -6.508629647718521261e-01
2.425398942297025684e+00 -6.557239046763650991e-01 6.871412163089403169e-01
3.129431409935760744e+00 -1.561563665024170655e+00 2.078963668578130974e+00
-1.341757648595144570e+00 -3.095190410497168809e+00 3.330060403264127888e+00
-3.926493819886392789e+00 -2.470616392867673650e+00 -2.170457298461295981e+00
-2.067418563165763334e+00 7.974645676322231758e-01 2.806412525058852303e+00
1.768988986697646704e+00 3.422716178231268280e+00 3.537819880707301134e+00
-2.530637522175403387e+00 3.464633721655229426e+00 -3.128295141865043982e-01
3.213214273563995249e+00 1.059829227248656469e+00 -3.543818487885504354e+00
-2.611911769226696656e+00 8.519608919842824868e-01 -2.169280070451394149e+00
-8.443475017596779875e-01 2.623642292711784174e-01 -2.271276021002828216e+00
3.387210901463619361e+00 2.929300904572369468e+00 3.041092230139968988e-01
2.419215635094956185e-01 -1.055764204726215461e+00 -2.088190895404147707e+00
4.004933968776926534e+00 -6.777679870236897886e-01 3.384193547884837283e+00
-6.252585413711632123e-01 2.939457089279676083e+00 -7.310696154706867178e-01
-1.200519477798073886e+00 -1.958072391822360592e+00 3.580602375764210255e+00
-1.387542972713517342e+00 1.896324684320363829e+00 2.089148886209101885e+00
-3.295808907076545058e+00 -3.517755075910040663e+00 4.625684161734012340e-02
-1.039471049159357507e+00 3.339123223397856943e+00 3.491886768215025416e+00
-5.817872849537124580e-01 -2.086741030498088900e+00 -4.300732112853761224e-01
-2.941416543949280094e-01 3.375077677253677244e+00 4.973511538424549849e-01
6.250251187023173616e-01 2.290663615369400663e+00 3.533116435319825666e+00
3.466043884326655444e+00 8.908874579908936386e-01 -9.428552119815230004e-01
-2.635678153499187548e+00 -2.916832928192312213e+00 2.958272342740421390e+00
3.963867196935298320e+00 3.172967957756244406e+00 -1.433712036178992344e+00
-3.285501338498361346e+00 1.057999626746261912e+00 2.914156058219728784e+00
1.297469489200410830e+00 1.175643526866005262e+00 5.967892266159995351e-01
8.131772881374225159e-01 7.409663064290061829e-01 3.042341805064365357e+00
-7.126731788401667878e-01 6.662452883115525804e-02 2.997593150293333064e+00
2.370914047652650236e+00 -2.721551253758079270e+00 3.383956740836772337e+00
-6.011380967218252769e-01 8.857342370164518197e-01 -9.344264342785079114e-01
8.873164285401081708e-01 3.097497810566694376e+00 1.787316730871306936e+00
7.609813920939297871e-01 -6.258084228658363779e-01 -1.976220245736163950e+00
-4.080364187004607679e+00 1.283169307175505036e+00 1.485654899990047850e+00
4.645770601671434519e-01 -2.535215823400815971e+00 3.396227361710040693e+00
-1.753791143693292032e+00 1.994754496443849945e+00 3.730751989748973263e-01
5.241219746906083943e-02 -2.156750991187725397e+00 -1.708569657220684768e+00
-3.345613752968120136e-01 -1.883835388713735348e+00 8.267601268293829353e-01
-3.586308488387945470e+00 -7.155436233715491978e-01 6.721000023334913198e-01
3.328382211533949420e+00 -3.808075720842957423e+00 4.036979629774647194e+00
7.377459294987691318e-02 -1.762464805997819850e+00 -2.862504871658234418e+00
2.727068524369495428e+00 -3.734095450634687730e+00 7.986510906532964249e-01
1.526232312152778547e+00 3.332057789967878825e-01 2.415641834413685185e+00
-1.783575018531366574e+00 2.438841948864820086e+00 2.593550077430183620e+00
-2.719519674628922967e+00 -5.688680714876143130e-01 -7.224663398250582569e-01
2.901983068825636281e+00 -3.811003401393642687e+00 -1.341367348290984474e+00
2.033084289000053335e+00 6.454197394592487980e-01 -2.158731693779604721e-01
2.694434776963064326e+00 1.012756363280352456e+00 3.242332704652306496e+00
9.885836400146993386e-01 2.289729358566065520e-01 8.956598251668446142e-01
1.415062826624605918e+00 3.158975298688365019e+00 3.397493843959886295e+00
-2.908594585060823245e+00 3.909844035173108967e-01 3.390214294906786385e+00
-1.057327308194216497e+00 3.293100136239981879e+00 8.906903300443408389e-01
1.254191671145472808e+00 -1.577911112469565280e+00 -6.317346305610611612e-01
-1.404944319763483218e+00 2.952425582952259653e+00 7.754060271245205582e-01
-1.619946884143135035e+00 1.918897555581112191e-01 -4.870381265312441199e-01
-2.250258349131706304e+00 2.244667967641929440e+00 -3.781490771864610245e+00
-1.867313912082138483e+00 -2.440263417869035778e-01 -1.684017112047446751e+00
-1.473358502197603670e+00 2.628887840140122556e+00 -1.658157239700511321e+00
-2.737987340508933887e+00 -2.532689020294775162e+00 -6.621732947201198760e-01
-1.964451452819075072e+00 1.653969833622840557e+00 -2.376260081382195466e+00
4.010712272284057356e+00 -3.114302098864403234e-01 1.078170407804835751e+00
1.252940438677031088e+00 2.307372302235479733e+00 -6.100518443679774361e-01
-3.625826225524651392e+00 4.245403753331276064e-01 8.549259654629084992e-02
-3.083559865422165203e+00 1.297010978052762775e+00 -4.730139917225711366e-01
-1.014465747696688513e+00 -3.129439003432175959e+00 -3.210497026794112418e+00
-2.000849577576136351e+00 1.547970566650584079e+00 -1.872190596548269692e+00
-3.283764136096122943e+00 1.067715215836492648e+00 8.834614134663388851e-01
1.923329527268480499e+00 2.156073765282975785e+00 4.089228164424243417e+00
-1.497092954533715492e+00 -3.745208151591791434e+00 3.142606548602441485e+00
1.075302546292974171e+00 -3.212933939036213271e-01 5.541965771216262882e-01
-8.800615662929767158e-01 3.905765182269381963e+00 -7.624492189250049456e-01
2.958504427020782757e+00 -9.084057494296989832e-01 -8.914438294923872352e-02
-2.182652680191528027e+00 2.704903152964498236e+00 -5.960654398017728450e-02
2.241310446660015998e+00 -1.023256225342054737e+00 -2.689121772152606837e+00
-1.696051301509683862e+00 3.453523572310046141e+00 7.632331210021571499e-02
3.388870702855245831e+00 1.283555827372189873e+00 3.908155133880585552e+00
-1.607423738328272123e+00 -1.881586469034637110e+00 1.887403490326084343e+00
2.653520940375349912e+00 -7.296982673206106051e-01 -2.592623491631067534e+00
2.694780362464793688e-01 -5.063119244625418069e-01 2.490429205713533545e+00
-7.220064885113360864e-01 -4.482466914088912291e-01 3.969287118332283093e+00
-2.314616543832280993e+00 1.191213499865996894e+00 2.162923982768669706e+00
-3.572627433046688061e+00 2.994588882105200689e+00 -5.194504885114195059e-01
-7.553611068919728611e-02 2.670052026385043575e+00 3.834398815473611055e+00
1.751744492255383978e+00 1.272977725554863992e+00 3.442649642955979417e+00
-3.468317279871390379e+00 -3.661078418749522112e-01 2.442453668338068429e+00
-5.498362974255484315e-02 -3.179832254407917169e+00 -3.882484234608488016e+00
-1.854018985134683994e+00 -1.200455413932532078e+00 -1.197975137969020443e+00
-1.481109091765372643e+00 2.015523365237509967e+00 3.318663002478695834e+00
-2.071192684311205401e+00 -3.723635981938194117e+00 9.098176258228529711e-01
-1.968522244942149113e+00 -2.957955121635719387e+00 2.809428735556150358e-01
3.917321595130268008e+00 -3.611641048047538494e+00 2.310770078513828540e+00
3.856691308590457723e+00 -3.405713292535967440e+00 4.012327490560313237e+00
-3.318843327261573606e+00 8.385518900640250850e-01 5.140532003506945724e-01
2.776352754917461141e+00 6.140476218477451953e-01 2.756606205959168943e+00
-3.727250290042130931e+00 4.612018323217653704e-01 4.051093138801346250e+00
1.184199827772596914e+00 -2.757066434749321893e+00 7.095529325767132578e-01
-2.839588521537312005e+00 2.277128173390200683e+00 1.402182266000790767e+00
3.709133937005092196e+00 3.123319282045678769e+00 3.879320782197010598e+00
-1.050608598047658937e+00 3.360008168796348560e+00 -3.883137851463130730e+00
-3.603351925751655749e+00 -9.339374252971960333e-01 4.055512636406723104e+00
3.288859981336574645e+00 3.330060818383268284e+00 3.560777893941932781e+00
1.033379549827483146e+00 2.635748418718023789e+00 1.543472878786084523e+00
-1.131420700856452299e+00 -2.118439789721244249e-01 -4.361435158521948657e-02
2.376154099876241155e+00 -1.154972484880255834e+00 -1.802873449642529380e+00
3.226971157026495618e+00 1.470926035187073211e+00 -1.901141529340260483e+00
3.881400066192922882e+00 -3.909735003405669040e+00 6.108671570654754246e-02
2.593876306999419512e+00 -1.321144679895053020e+00 3.497198835128988215e+00
-1.729144372494902049e+00 -3.591017288448427269e+00 2.006917638755642663e+00
-2.164008013824668120e-01 -2.093882175113076727e+00 6.637252584262903765e-02
-3.228635029424943959e+00 -3.906039128811062966e+00 -1.934605640176814578e+00
2.607803348415674627e+00 3.053826130861176935e+00 3.325446932913482256e-01
8.674084823761704088e-01 9.985228369639291834e-01 -1.632216071103128163e+00
4.034765474286571063e+00 -2.576449973939821003e+00 -2.990034036299613618e+00
-2.677396397302376219e-01 4.062118624403329825e+00 6.204082453222922178e-01
-3.378974126001195177e+00 -8.416590689232745781e-01 2.267229583881603450e+00
-1.213960152990131158e+00 2.992580525732891905e-01 1.899049207266415795e+00
2.366057278336333169e+00 9.521488903384996982e-01 -9.272211668803387319e-01
-2.387497921285846036e+00 -1.506004056495168220e+00 1.869266972711542518e+00
-3.599569957620185612e+00 1.879446354237715777e+00 9.019616245193197435e-02
-1.986989260271703861e+00 5.905710625780687950e-01 1.904251626910774764e+00
-3.936784951328890170e+00 2.376302657443219779e+00 -2.798594994070044084e+00
2.889587666462674065e+00 3.304626985946729434e+00 -2.788372737185599082e+00
-3.315896736752044216e+00 -3.328871719791670625e+00 3.348775690778033720e+00
-6.251794104590523427e-01 2.925892038227241976e+00 1.338189934055679320e+00
-1.108976850999357777e-01 1.249571280123021433e+00 1.236470078278646134e-01
4.371313169559865597e-01 -1.603647499806170273e+00 1.716793152535528222e+00
6.414705545356242933e-01 -1.065150303764520689e+00 1.115123879283325958e-01
3.673657827306731960e+00 1.747702571522577575e+00 1.750742054855243035e+00
7.737463008087536176e-01 -1.606964312827977026e-01 2.346434318867046898e+00
2.810659627224921131e+00 -1.657939215204472516e-01 9.381207295211453356e-01
3.997314623324849769e+00 1.414444910249432752e+00 7.851666442505012000e-01
-1.774300590784680276e+00 -3.076027368204616419e+00 -1.498542014864879812e-01
-1.064489262204048048e+00 -8.176255262403212543e-01 7.122048620044144629e-01
2.849161562082400234e+00 -3.825268082977742345e+00 -1.931808597729256505e-01
-2.965649613153003905e+00 1.463299846397824178e-01 2.158430788721539262e+00
-2.299745029304978150e+00 2.923298150281915309e+00 2.532001087879625967e+00
-1.736483913175535854e+00 -4.031723247849268610e+00 -1.139823814227014953e+00
1.319259882784005855e+00 1.478750120682198910e+00 -4.023239410131688842e+00
-1.594087942981084360e+00 2.201990814404344743e+00 -3.507798227236089250e+00
-1.586352590417571484e+00 1.181651467605656647e+00 -1.432599244249863624e-01
-3.348451541702101242e+00 -1.993947881101360675e+00 -1.713488713494184301e+00
-1.060488564461457450e+00 -3.819260400010259904e+00 -2.496730596555562620e+00
-1.757354609640813026e+00 -2.615170717345093099e+00 4.271342561840857921e-01
-3.057792408767653569e+00 -2.408759572735267973e+00 -2.788467332293025347e+00
8.199383368921028259e-01 -4.221569634963445727e-01 3.257612572787326410e+00
2.375688715810004403e+00 3.873801445608881178e+00 3.291684403036046813e+00
-2.516057421489167556e+00 -1.120859349095101543e+00 3.509020452774402887e+00
2.698267318299349959e+00 -1.093690237866903114e+00 -2.857585050043403907e+00
-2.591271716388944046e+00 4.051749568504333432e+00 1.649111013456673769e+00
-2.638217405299141838e+00 -1.352600755826139256e+00 -9.237676707158930522e-01
-2.448152977771977934e+00 3.113714412372150075e+00 1.484150875611033982e+00
-4.874416742359207189e-01 2.556973351191889510e+00 -3.916612366034376791e+00
3.424741645195280793e+00 -2.160332964762123886e-02 1.403890124373350812e+00
-1.382165800571159897e+00 2.201196001449640338e+00 1.332261653748837427e+00
2.397725903351560994e+00 -1.191491903919036810e+00 -3.733699952441654979e+00
2.170644607514773838e+00 2.664705231541810271e+00 -6.079199282289977913e-02
5.320481766965667880e-02 -1.277309388497758436e+00 -2.777466005735895749e+00
-3.405631383189896777e+00 1.473104630119030700e+00 -2.709273479548587105e+00
2.304834210639502334e+00 -1.047403289826452921e+00 6.284435273538745426e-01
-2.905466033546805438e+00 3.622239302583327270e+00 -9.274474470579479046e-01
3.238077893546610575e+00 3.302646949482794803e+00 -2.894299781713319586e+00
1.780013034082172929e+00 2.377610670173495866e-01 -3.278654703429502604e+00
-1.238353529786292651e+00 2.477734853231047474e+00 1.232546087931087053e-01
1.572192190947682811e+00 -2.754695212362611390e+00 2.392459061422144817e+00
2.044848330342158294e-03 2.603723511978130567e+00 -2.219986288833352417e-01
4.088003489876700924e-01 3.721483252444579115e+00 1.911731520044675170e+00
3.643370652243601793e+00 -4.175202287066391849e-01 -1.513172243078517276e+00
-3.745414435019503330e+00 3.125470218972386416e+00 -1.823253776699905737e+00
9.805873209931785794e-01 1.796579372672881592e+00 -2.526971154568906641e+00
-9.923390616971412559e-01 -1.553229942944859721e+00 1.384139385334542283e+00
3.540862409928679178e+00 -1.603497883440746063e+00 6.513920702815512165e-01
1.881502412135736879e+00 -2.096308587641579457e+00 3.365215022886340890e+00
3.683893175984734314e-02 1.172243505653518536e+00 -2.188676226637102484e+00
2.177464663576391235e+00 -1.319731721640581945e+00 2.612558931218949443e+00
-2.258993461614029918e+00 1.436994695054326920e-01 1.321839280911051739e+00
-3.192958088988805621e+00 8.165424013976713136e-02 1.102436013970189643e+00
-3.122098329756534341e+00 1.628763273073152940e+00 1.734441963761711669e+00
4.059965508964482162e+00 1.261575030650604612e+00 -1.472170083336556967e+00
-1.126583889474138456e+00 1.980404584198275808e+00 -1.825599419223545627e+00
-1.657048469058794993e+00 -7.878460095774185712e-01 7.417214082429618438e-01
-1.353495918309295165e+00 -3.467089612338384530e+00 2.297034327023701750e-01
-3.813437206636675292e+00 -3.548800583181115798e+00 -2.007893034238969587e+00
-2.919572201622999130e-01 1.635016391637479805e+00 -3.378480569248680343e+00
-2.918622444976996633e+00 1.250220124438291336e+00 -4.065623163908656856e+00
-4.098952378808641051e+00 1.026411460863313474e+00 -9.295508874379687647e-01
2.846159490517400914e-01 -6.611971731128328811e-01 -2.794834561308372045e+00
3.013746044529216572e+00 -6.997300320664957551e-01 -1.506921781739369415e+00
