8.220706914434900980e+00   8.220706914434900980e+00   8.220706914434900980e+00
500
-2.196439796972472713e+00 8.991309003133636235e-01 -2.100144306758251922e+00
2.705605900871531078e-01 2.319082500562371418e+00 -3.158909203552124900e+00
-1.019457127203950320e+00 -6.614767243086278059e-02 2.012019597658720182e-01
3.774406130943725124e+00 -2.093942920654945805e+00 3.889952530636942019e+00
2.714994985342331635e+00 3.776506437078114287e-01 -3.500034014188455611e+00
-6.443982336510727382e-01 1.664508574315859191e+00 -3.460943460869243093e+00
1.021072969616096504e+00 -3.215914032709801695e+00 2.326310329910082686e+00
-8.336806541771081269e-01 -1.137560781941661547e+00 3.696314366895324888e+00
1.915193595596297982e+00 -2.803725075192904814e+00 9.217852688809683448e-01
7.362624376991990793e-01 8.626888691771685824e-01 1.773273494740013057e+00
4.793527456328888214e-01 3.910945960230481688e+00 1.452051549529190355e+00
-1.421382981000568035e+00 -2.661913558745980346e+00 2.627118867315577866e+00
-6.126966123625608995e-01 1.081160330977013473e-01 1.154450661402678824e+00
-2.547085356324480632e+00 5.102783585637302721e-01 3.914959154586800327e+00
-3.051293200309837861e+00 -1.220601589955729316e-01 -3.690224046793815660e+00
-2.422493645774840498e+00 1.395512855125545792e+00 -4.011497168112803990e+00
4.642700500293305277e-01 -2.123015776577629854e+00 2.704761665966827877e+00
4.246264877477468058e-01 -3.383872547644861228e+00 7.763999130984779173e-02
3.832115347660062010e+00 3.012816019242805510e+00 3.331744374877835924e+00
-2.360174903002498326e+00 -1.680245309535815412e+00 1.187888813532204102e+00
-3.175546358528874347e+00 -7.468900167519317845e-01 -8.749840218438309503e-01
3.857028259897763878e+00 -2.868117116423972046e+00 2.226751508285787384e+00
2.825121465981084601e+00 -2.362961938468314038e+00 2.316847462261572232e+00
6.041035764956154130e-01 -9.843129225612523570e-01 -1.165414459742920128e+00
-1.092472925684163432e+00 -2.118404202798372715e+00 3.773695504464129158e+00
7.062425705064705461e-01 1.063002446502018694e+00 3.327581590261459610e+00
1.486859226541352053e+00 2.091608668656302683e+00 -1.296711946390664671e+00
2.286355415066935459e-01 -9.465429441146487877e-01 1.446253455575151170e+00
-3.464901790332848841e-01 -2.647396620127273614e+00 2.666127448695504665e+00
1.393939793153301743e+00 4.716943606948232892e-01 9.374095034320950592e-01
3.428573149884589499e-01 2.167098312234179591e+00 8.191949057853092908e-01
3.327832998489279603e+00 -5.106493760544205118e-01 -2.822304391203326546e+00
-1.380629896315059391e+00 -4.106776297647845020e+00 4.045163547305989482e+00
-1.729837186232988877e+00 2.171583113070388205e+00 3.460003792380702770e+00
9.025085801193570845e-01 3.020248724901260839e+00 1.134461295262373159e+00
1.826171671837580668e+00 -7.689479290756514596e-01 -1.517742647146620660e+00
-7.018475363862511918e-01 2.141156942645064731e+00 3.837400940870425270e+00
-3.266904426159916941e+00 2.745290426523121941e+00 2.524365663608639121e+00
-3.189687298300185603e+00 -2.216795287690875416e+00 4.008477615368745361e+00
1.981686254865678398e+00 2.965901959079953798e+00 -1.572592062793875201e+00
-3.992861008925056243e+00 2.429170704570345229e+00 1.790834812477363425e+00
7.377811417383595138e-01 3.749779933644329599e+00 -6.395076693970418447e-01
-1.583780208630868325e+00 3.734872083223605088e+00 3.011474423526992794e+00
3.769039032439086778e+00 1.010315850830501905e+00 -4.912960773212509125e-01
7.876321228794441742e-01 2.024896521739905975e+00 1.745603134490143704e+00
3.190021844362134207e+00 3.476389055338699130e+00 2.295762755172886305e+00
-2.709237979315832767e+00 1.256301806847115454e-01 -1.254181654409004754e+00
-8.901871786681164744e-01 -3.197845051895131796e+00 -2.623221844961292959e+00
3.612325493553942390e+00 -7.723386653636851173e-01 3.043844334797532802e+00
1.641714289778231306e+00 -3.846253543469506209e+00 1.783230969742278793e-01
2.410226952580338811e+00 -2.954786169541668839e-01 -2.243034664673600798e+00
-3.879758521689304018e+00 4.076998861057981038e-01 1.848431441542196296e+00
-2.875102623536600621e+00 -4.255040159427773694e-01 3.443761475241879033e+00
-3.738787293518395227e+00 -1.597178579832660095e+00 3.390153533296334398e+00
-3.626117261957782500e-01 1.155444697121553732e+00 3.598960462476431754e+00
-2.415802484117570259e+00 1.262990571938640061e+00 3.167491004287049883e+00
-2.454358224622112505e+00 -2.015393189967079612e-01 9.773183672082497164e-01
8.750343287301025619e-01 1.342947707398893575e+00 9.304641722955189209e-01
-2.301032377434883092e+00 2.941721039041380603e-01 2.846316037588486836e+00
2.668007333286718907e+00 -3.596014300920100104e-01 2.835291617579351886e+00
-3.078561267360160780e+00 -3.715038233812812396e-01 5.871793407766347228e-02
3.320019574879527813e+00 2.629263144027596866e+00 1.787149904713432047e+00
-2.693557593776654269e+00 8.139706366510296442e-01 -4.542336240130953606e-01
-2.473129825464203790e+00 -2.704188191507390204e+00 -1.781201111667691350e+00
8.697679466247172642e-03 2.374428577917420957e-01 3.969865900149681881e+00
2.379360267187971889e+00 1.524807882515311297e+00 2.521492019609347324e+00
1.443575693145973338e+00 -1.725372434554651280e+00 1.642511002343191473e+00
-8.221144559659133710e-01 -2.130815174684726754e-01 4.000277281268280305e+00
-3.085263378167285797e+00 -2.008687968891502695e+00 4.737087668906260762e-01
-2.455813397539516441e+00 3.369254251185278104e+00 -2.461372746970446723e+00
2.454267633362770429e+00 1.871076924503082717e+00 -1.111278263332406091e+00
2.542909595747060880e+00 1.465484709371353889e+00 5.991702861553076520e-01
2.784887699153515861e+00 -1.717795457773833023e+00 -1.166814581229904446e+00
-3.220826264863018373e+00 -3.786126640498317375e+00 7.165282811107961392e-01
-2.318970567719428555e+00 -3.693848460641391718e+00 -3.384122219540588450e+00
3.940788150801509460e+00 1.098955229658318045e+00 -1.660272522734507872e+00
-4.956480096396086443e-01 3.459346689889773785e+00 -3.534158773875521131e+00
-2.996871103952979398e-01 3.031556502275483123e+00 -2.678342591732439715e+00
2.526656965492619644e+00 3.740238522853961634e+00 -3.491887747157796706e+00
3.017793680341483764e+00 2.387367075343292289e+00 -2.350295666278980011e+00
-3.133984591389678886e+00 1.303593855887007491e+00 -2.057764455690404670e+00
1.894470904262348432e+00 -6.733280382874720082e-01 -3.960041020407074619e+00
2.647917804263518526e+00 -3.489496334109307707e+00 6.151221680399217018e-01
-1.579310925619728856e+00 -8.143464562146407459e-01 -2.571596959858328812e+00
-6.059418158751177508e-01 -3.802781502179312767e+00 -4.600487044153757366e-02
-1.868705497904803892e+00 3.118787649194529887e+00 3.761506639751268644e+00
-1.741036222567288849e+00 -4.009316741886130409e+00 -2.587896938640254163e+00
3.503725258711757107e+00 -2.237602340083652219e+00 -3.307071911287782662e+00
4.033967145667109122e+00 -3.756979988430320549e+00 -4.072821049902744406e+00
-3.950524253803918029e+00 1.478277402646648309e+00 -2.731191757159793454e+00
3.353949817046184556e+00 -2.242387873026234768e+00 -2.138889631552849391e+00
4.289460034152637880e-01 -2.608213081434786140e+00 -1.388501312338776161e+00
-2.969299077220405536e+00 -1.195342340483879218e+00 2.882308580169007151e+00
-3.092738913178911364e+00 -1.368156036014868571e+00 -1.797907238123165108e+00
-2.740534754311354071e+00 1.568250395221691740e+00 6.438725515536998234e-01
5.450081706665872439e-01 1.160938309908577715e+00 1.038031956996806476e-01
-3.904451538841615665e+00 -1.145025070822066393e+00 2.355119352367526009e+00
-2.644372471129629587e-01 -3.826602119952891901e+00 3.601923531889225316e+00
1.372018838273712849e+00 3.819131537061971393e+00 -1.531374290737913535e+00
-3.672272110908238463e-01 -3.373276127983526607e+00 -1.798649849933440237e+00
-5.065114204645206897e-01 3.862623987982471530e+00 2.889736169901809149e+00
-7.722631834140915030e-01 -1.431405283295635433e+00 -2.354873764606634889e+00
3.196497798030129456e+00 7.171822345482603556e-01 2.610872318672940118e+00
6.728556137496287670e-01 2.899647766962153650e+00 4.137703721937532192e-02
-1.263578926726985241e+00 -3.742111996424826614e+00 -8.240818817794304252e-01
3.543352366524315400e+00 -3.457611165609787429e-01 4.801902080297040104e-02
1.246784478427117732e-01 -3.030417464452579868e+00 1.861823664509476783e+00
1.199418311316124752e+00 2.725666115642482179e+00 -2.291506858847653483e+00
3.222532607254838144e+00 -2.575566564831458294e+00 1.444874315844558499e+00
3.352765802586213262e+00 3.825308258200621037e+00 4.077034669906885789e+00
6.148136822875770457e-01 -2.079530655576648790e-01 -6.627305185523294506e-01
3.721468191233142431e+00 -2.311860643105912994e-01 1.261160548234056211e+00
-1.964242087605865050e+00 -1.274123391169062203e-01 -1.852151454699322075e+00
7.203913293784319771e-02 -7.370445593875912804e-01 -2.284072740386970057e+00
1.683284826401992174e+00 2.408226311955789622e+00 1.471904335423354082e+00
-3.264643700759986444e+00 8.732258831377313069e-01 -3.460106093007101702e+00
2.610832729164705324e+00 4.094616488312753155e+00 -2.602078976660304743e+00
-1.918377032389345427e+00 -2.985455185925457222e+00 -2.682336028403741413e+00
-3.745862631593863235e+00 3.578107264359061457e+00 2.678499423696727000e+00
-2.238922163873726667e+00 -5.399307194674912713e-01 2.141019954980260653e+00
3.325936406162286030e+00 1.739943309660910042e+00 2.304787384954717577e+00
2.597746285315862824e+00 6.887753311989823768e-01 -1.137809634834883177e+00
-1.040392469593690722e-01 2.422014325524231571e-01 -9.732297364592228106e-02
3.557832726383265420e+00 -3.007088871506013117e+00 -1.471886087925900810e+00
-3.923262566907549598e+00 -3.857716103499386318e+00 3.180936652793839414e+00
2.392514273102762878e+00 -1.328535462712989057e+00 2.664074500794120670e+00
2.581469870497727470e+00 1.979130347568549109e+00 1.550444134762111847e+00
-2.131653703637334529e-01 -3.743673348834624548e+00 1.013550997654178998e+00
-2.586136984273824879e+00 2.668153186488966710e+00 -3.765305296452789552e+00
-9.298152280466476238e-02 1.386519716942589797e+00 -2.066549569492499128e+00
3.431465459676118712e+00 2.291881326868513646e+00 -1.329523847267842118e+00
-3.838816735781145795e+00 -3.465556471843291408e+00 -3.037620336485541195e+00
2.333970533711106299e+00 3.007140676004543156e+00 2.030122746200021755e+00
-3.819049971303587032e+00 3.677614748176421866e+00 -2.339078983236073661e+00
-3.702051054459926327e+00 1.428024612261463044e+00 9.777136313784693389e-01
2.439435678243335293e+00 -3.491298065965071196e+00 -3.421870249878370629e+00
4.703487259090056161e-01 3.589416930693457353e+00 -1.822230073579705234e+00
-2.282081001612777715e+00 -2.826384385160105150e+00 2.175847422247821683e+00
1.936650595857364321e+00 2.161500475803336263e-01 3.668248326750449095e+00
3.094565965665619256e+00 -1.609525716528231509e+00 4.985902021072910473e-01
-7.135766485815417948e-01 -3.081224521312102560e+00 3.983815183096884205e+00
-3.154581079082405815e+00 -3.599960854761904638e+00 3.851657379620946564e+00
-5.374005318980434875e-02 7.659684224540732611e-01 -1.221765317781408289e+00
-4.032995983976982224e+00 -4.332185829962123536e-02 -3.373403259060218318e+00
-2.013691664963450201e+00 -1.410285389753046736e+00 -1.911943173100250748e+00
4.050995671515938312e+00 -3.900228749807675310e+00 5.277388771749210727e-01
3.910044960039825490e+00 -2.110081072249182732e+00 -1.385234799404892803e+00
-2.042390108398345561e+00 -7.606387782002222986e-01 4.082219187302008834e+00
-2.052978054022602361e+00 -3.146556429933323962e+00 -9.568745767956660098e-01
-2.002254534836779509e+00 -1.088536573975385391e+00 -2.224258753506841713e-01
4.102030976145986330e+00 -3.790687408481683285e+00 -1.245343734784028156e+00
1.793678358322261079e+00 2.511500133828139969e+00 -3.073188861103153258e+00
-3.638825920327927843e+00 -7.043564878322468026e-01 -2.455706687896913376e+00
9.862482674881055678e-01 2.210601695341416206e-01 3.689901202287473758e+00
-1.250351901522292586e+00 -4.198372224658516449e-01 -3.410363630832067727e+00
7.482803478330569691e-01 1.234866457305094034e+00 -1.461926035978926786e+00
9.909539421613056120e-01 -3.493780663284185461e+00 -6.731545911216703093e-01
-3.258584484933683800e+00 2.489897321470587510e+00 3.890987699554071533e-01
6.707256009757174287e-01 -1.166811593067694774e+00 -1.363465815916408419e-01
-1.885294562105789939e+00 7.135514059301479861e-01 -1.108396299444202704e+00
-1.265454904846551543e+00 2.703135850372694993e+00 2.604329093251668503e+00
1.056979798262352555e+00 -1.606477637699171401e+00 7.050599296504176383e-01
3.257006681068802312e+00 -9.237362828608814969e-01 1.894248154151554120e+00
-3.153987437689892648e+00 3.505895376643960670e+00 5.815315204849555997e-01
8.741504236900896618e-01 -1.117265461009285810e-01 2.685483608911592435e-01
1.105184561676654909e+00 4.252187238528685742e-01 -3.559895600765185186e+00
-3.341262379260189874e+00 -2.303041435799582981e+00 1.630862966430742356e+00
9.670308762107989731e-01 -1.367070673420308635e+00 3.245687920560234030e+00
-2.306786953612824931e+00 2.965784305645834174e+00 5.983083424052622057e-01
-4.104719243305205545e+00 2.152771421371923566e+00 2.839566739611063095e+00
-1.560054881758823120e+00 3.638962699943975587e-01 -2.645608089059224621e+00
2.986545693388528155e-01 -5.441079408659783567e-01 3.257039510659942572e+00
2.807440910093430109e+00 -4.045731262723029076e+00 -9.273190690027575123e-01
-1.006720475952778804e+00 4.031761959689970531e+00 -1.745772479724291060e+00
8.108794117293099957e-01 3.780792602917782297e+00 4.888522483468340507e-01
1.670739665934493079e+00 -3.458436291662001505e+00 3.735197158482665980e+00
-1.386459969181247365e+00 -3.461382442050690678e+00 2.091827826871394347e+00
3.132207646138347457e+00 2.320380652148608114e+00 3.100578459101582585e+00
7.822293452085983256e-01 -1.545834471054514436e+00 -1.936014537712311911e+00
1.006481635055661350e+00 -3.066216227300596397e+00 -2.969109230464932470e+00
-9.535005140156330161e-03 -2.195792941860850167e+00 -5.726055642789172895e-01
-3.157562910906847264e+00 -3.015858561953256078e+00 -3.615674042766512830e+00
-3.075938370952666645e+00 8.687762358403857688e-01 2.273123423600519999e+00
-3.137525951503618682e+00 -1.177731977494656634e+00 4.093374314034928574e+00
-1.456128022499639796e+00 -8.269912111844471836e-01 7.144539091087694915e-01
1.746277682238470907e+00 -1.452341156168614478e-01 -3.075813256303270293e+00
-9.285326598417260879e-02 3.140909430559831517e+00 9.727155229574794282e-01
6.478604641929458507e-01 3.513574668294831671e+00 -2.777093207346470471e+00
-2.983359097558361928e+00 -1.508876682012245229e+00 1.922938696504447265e+00
3.504630663771728383e+00 -3.605315094246050567e+00 1.340399295095063170e+00
-1.505752809586794028e+00 -2.955230028130854780e+00 3.543858952526622641e+00
-9.104461317111997021e-01 1.100459607408865281e+00 1.496156715772677392e+00
1.650556836740997735e+00 -4.073908511974888569e+00 -3.339183206006527627e+00
-4.199891976396284976e-01 -2.775552893288725897e+00 1.165417391918132761e+00
1.192750367724655369e+00 -1.398834988342052332e+00 -3.931189161905361829e+00
2.535530794087479833e+00 -2.663498608708967375e+00 -1.526597091682301066e+00
1.379335098677732852e+00 2.163826843382532061e+00 5.730758458109476150e-01
-4.098142812379491851e+00 2.850671427024391580e+00 -3.915315399211927616e+00
2.311196074642742015e+00 -3.153559227926758801e+00 -3.086873670705948536e-01
1.864650347551979115e+00 -2.858605437558195295e+00 -2.362665030436585933e+00
7.177515121017983279e-01 -2.266269483277781216e+00 3.692121349381942697e+00
2.799890717640800997e+00 2.580564761083569358e+00 7.218959473400341498e-01
-1.508413448297801107e+00 1.512345250333381630e+00 -2.874496429210889659e+00
1.042505273040015723e+00 1.687887374259819495e+00 -2.260979468462088970e+00
-1.878911375654281457e+00 2.235084760521364622e+00 4.672166551761455788e-02
-3.098287845704020604e+00 -4.097593729362558612e+00 -2.831417869728513725e+00
6.578394411428805100e-01 -3.765028136707908146e+00 -2.424226300046318894e+00
1.931879699288142183e+00 -2.858677459529891607e+00 2.093605267426992267e+00
-2.960704672344320332e-01 3.845731002256548514e+00 -8.965042825286648753e-01
-4.898936408907343387e-01 -1.865436866999041765e+00 1.870696298845806904e+00
2.362806821592116080e+00 -3.634702261482368968e+00 -1.762583996758645632e+00
2.989593872229015403e+00 -1.673728587278661806e+00 -3.916735248911947131e+00
-8.539141110345344066e-01 -7.242337388712594137e-01 -1.723324444342015260e+00
1.678312073959511652e+00 -7.189488409169890737e-01 3.063402565856033544e+00
7.606233995155655681e-01 -3.225069646364054687e+00 -4.008364861834865955e+00
1.479861907591100589e+00 2.554404566807340515e+00 2.454767377221971802e+00
-9.162033856530726883e-01 -4.008433800967366345e+00 -3.179658821721405459e+00
-2.809352382354321165e+00 2.189425323980765725e+00 3.171847152548510351e+00
-4.900190731393499477e-01 -2.758817739904042110e+00 1.073262328110350522e-01
-2.892543811938606435e+00 -2.990224796364537418e+00 3.020890951315287065e+00
-1.008863130188155655e+00 -1.553788894707701207e+00 -5.101530359873969189e-01
-1.983025054911110141e+00 2.627048459238782829e+00 -2.919842711763787957e+00
-3.096877540638655724e+00 5.686577643733046195e-01 4.292570610190226676e-01
-2.557753420484849105e+00 -7.606452789936583025e-01 -2.381971803996283388e+00
-1.818872045918609459e-01 3.414494923801680404e+00 2.103999131070570794e+00
1.115180707697280837e+00 -2.284310699024906022e+00 -2.399449309722745838e+00
-2.066334077313100703e+00 1.009008788925642858e-01 1.089613643639515683e-01
-3.375110726150530205e+00 3.308837128241028935e+00 -3.255325557489379129e+00
-1.794493475337220145e+00 3.660879744888459797e+00 2.015991239368708943e+00
-1.524708704497473422e+00 3.495562882439175567e+00 1.233495721545758983e-02
-1.741002006939093572e-01 -1.527436795487853827e+00 -1.318760910867085467e+00
-2.201146503186244718e+00 3.034635851844623922e+00 2.829845316650539733e+00
-3.329595016540265462e+00 3.168214140084060659e+00 1.465841315389509791e+00
3.470120489964012567e+00 3.971225984675153420e+00 3.077071432337730617e+00
1.402357226509195920e+00 1.368689443837886266e+00 2.272726807892018641e+00
-2.298629804116418540e-01 1.291949286128420749e+00 7.387239951138079297e-01
-3.341874925588125045e+00 3.599721472826927560e+00 -9.443426251615034683e-01
1.113787013616841293e+00 3.093491366691190514e+00 -3.557678736205310166e+00
-5.862557084619152148e-01 -2.975779194210125045e+00 -8.247596659348737091e-01
-1.182449071554877995e-01 -1.911923635246134623e+00 3.429375561190573851e+00
-3.171983012849938888e+00 2.309994199145202487e-01 -2.287667311287133742e+00
1.601596756322490878e+00 2.715440398066600314e-01 1.849207326174718391e+00
1.306022480969684985e+00 -2.451353412702609091e+00 -3.805337002315170913e+00
-3.436821162574746236e+00 -1.112246989591395785e+00 5.451703583585419954e-01
-1.732028665822559876e+00 2.978039785451563892e-01 -3.747790695226612456e+00
-1.435687781057496837e+00 -3.261287653323196256e+00 1.032468262230581635e+00
-1.995019355596722610e+00 -1.812052847169054237e+00 2.167646885277301205e+00
2.943839999646985284e+00 2.752582055798475924e-01 3.649231001416931797e+00
-2.063079993801712586e+00 -3.574388583702172273e+00 3.037245617771004103e+00
-2.154581155615253596e-01 -5.934680000468809391e-01 4.896316554763489037e-01
-2.560095186249643273e+00 2.984368545897622127e+00 1.964934440562319251e+00
3.037266465735366960e+00 -2.755616846860327041e+00 3.752452650029931558e+00
1.355667290053233609e+00 -2.715062929008412063e+00 -1.419328613725818755e-01
1.796423395701189696e+00 1.680401023941545946e-01 -1.481645301217380251e-01
-3.522866448360912450e+00 2.150181416146855984e+00 -3.448187395797061683e+00
3.803214091683174924e+00 -1.249733619719415101e+00 -2.152900387139146332e+00
3.518499133671557644e+00 2.060146076443379659e+00 -3.362148724832496605e+00
-2.256898091783272609e+00 2.629017044397718550e+00 -1.522363925414606634e+00
2.442049196684121348e+00 1.656166477576294316e+00 3.520540961934516488e+00
9.727678971132727170e-01 1.924235213672266243e+00 -3.026302491853758436e-01
4.877977934023410844e-01 -2.177624436389471452e+00 1.571754592689177388e+00
1.009276368755693598e+00 -5.760577609763891660e-01 2.212372752065977277e+00
3.986759490705819697e+00 2.518924678319046651e-01 3.190055721182248227e+00
1.920057417128756772e+00 -8.791563612066398692e-01 1.985555088387207068e+00
3.182717904916341212e+00 -2.643856384521862779e+00 -5.492065893213498029e-01
-1.036673689548401889e+00 4.968344516620818996e-01 -6.123529484875582796e-01
3.291583967561233059e+00 -3.938017508967142088e+00 -1.859225360555246009e+00
-2.719177157436480474e+00 3.647920838306669911e+00 -4.019853079658139983e+00
-3.885748573159216179e-01 2.908237294701403020e+00 3.143970032090368960e+00
-3.014502711296373150e+00 3.108615479503165080e+00 3.506959129638186567e+00
-8.938680140662206286e-01 2.960207142136940917e+00 1.691986127455130440e+00
-4.312870529086758054e-01 -2.734745581225759725e+00 -3.452629835980364881e+00
-3.718611801199521505e+00 -1.769264528503504907e+00 -3.373177913770249337e+00
1.356597216453431676e+00 -3.089165762189225006e+00 -1.564129428393273402e+00
1.486491458437508184e+00 1.176878864333527952e+00 3.956377643022452428e+00
-1.132709242847654174e+00 2.294026902969019677e+00 -5.529279778004454471e-01
-2.430379086833866609e+00 -2.667650474801805061e+00 3.786136054984413413e+00
1.825024606122340076e+00 1.190802463674029532e+00 -1.662020468589504141e+00
3.559050708236974003e+00 3.337505456763687484e+00 -1.087965706495084950e+00
2.026943728523896149e-01 -2.681681390687553623e+00 -2.442756713813567515e+00
3.633116219690617044e+00 -3.978457802091324602e+00 -2.760798567196865339e+00
3.189175194171393279e+00 -1.701235958879344201e+00 3.254424773242664326e+00
1.070566618575847340e+00 -1.498356032192859955e+00 -3.018271858011420505e+00
3.108662922362566583e+00 3.573222735820741125e+00 -2.072427072838965434e-01
1.736475505038241884e+00 1.115572413996814394e+00 3.117541625770915009e-02
-3.994490130981336762e+00 2.614340174100659109e+00 -2.709942587137246672e+00
-2.780056448564811600e+00 -2.946740822772892621e+00 1.073397845082920909e+00
-9.972786919427917285e-01 1.374977264044198177e+00 -1.038152630528483611e+00
-2.791075400974701859e-01 4.005572913308138361e+00 -2.434761043119427537e+00
1.601543747788429783e-01 3.619804378827200075e+00 4.015783895117492897e+00
-3.745092520966500693e+00 3.658375392185837072e+00 3.918964945884027884e+00
3.742508639579272156e+00 3.474317150210162630e+00 -3.331426042204734372e+00
9.081114002879633329e-01 -3.156675229162111407e+00 9.064422208559376193e-01
2.721335932483759379e+00 3.504321956652152625e+00 -1.674328154003998259e+00
-3.402838146599982405e+00 1.422785964626926303e+00 -1.029666250106949121e+00
-2.709447141227823153e-01 1.314266753824115730e+00 -3.712712831722420059e-01
-7.758447843336853111e-01 -7.525832870784381345e-01 1.590444609961768396e+00
2.538064639896261632e+00 -2.537036474187492008e+00 -3.012848461086960139e+00
2.675427556876550650e+00 1.036766457952644549e+00 1.505783965181845874e+00
-4.907284766550005228e-01 3.212079457837873075e+00 -1.784270188883895658e+00
-9.389517438220568168e-01 3.233045871809915317e-01 -1.691536400589445099e+00
-3.465169941018152233e+00 -2.754435658841845935e+00 -1.602059560579987441e+00
1.447491709930497805e+00 1.775987623359635004e+00 3.151440410858644903e+00
-7.009314223597014060e-01 1.939070612038065189e+00 2.918147952124789057e+00
2.423651429482596154e+00 3.766127414503599447e+00 3.866881669766360496e-01
-2.350264871173571635e+00 9.825207971195963896e-01 -3.136465452122124020e+00
1.778266230122377944e+00 1.366562544987769412e+00 1.304688817818815849e+00
-4.513516695649714694e-01 -3.836132802909743233e+00 1.967463951916299969e+00
-1.928935927184356469e-01 2.221959396386089303e+00 -7.614796479195884427e-02
-1.967679305775151599e+00 -1.881773504841913081e+00 -2.747588017097021940e+00
-2.672554770583786432e+00 -3.820127171052393855e+00 -7.468535785043984854e-01
1.986515655708919192e+00 2.040091401454982467e+00 -2.185477838735961686e+00
-1.907543065892348011e+00 3.529231341721257742e+00 -3.439388373204011806e+00
1.786749330897605015e+00 3.400472913026122423e+00 -2.605567453710341930e+00
2.700737027392184686e+00 4.018608739106752203e+00 1.426201780454448231e+00
-1.094188286538356980e+00 1.004818155281679726e+00 3.129423101164344745e-01
6.617624645310116183e-02 -2.969960021867933619e+00 3.427780248541838493e+00
-1.333667550463911722e+00 -1.926646289753409125e+00 5.575091117668198315e-01
2.553167024198270241e+00 -4.042026939850521750e+00 2.537373262880069813e+00
2.205454882952678108e+00 -1.035017166789146126e+00 -3.073857396341308501e+00
2.841993212382727396e-01 1.769379347614139064e+00 2.568730273931140395e+00
-3.430329921966138951e+00 4.063228591271380807e+00 1.886534317931978455e+00
-3.525586751881761405e+00 -3.577692068075347454e+00 -3.343811260185066692e-01
-3.375292443370434992e+00 9.682708929218646343e-01 3.674258274618684705e+00
-1.736167285450328057e+00 -1.445057082686593608e+00 3.179517546878350309e+00
3.332361150555804841e-01 4.131007375132947357e-01 9.121722934331696342e-01
-2.490321648954278100e+00 -2.108691319757983518e+00 2.955781796923687921e+00
-9.307857472323081138e-01 1.710082126320810747e-01 2.409384265610580833e+00
-3.813330196597908284e-01 3.326401597582389513e+00 3.956254852432986024e-02
6.689440789341876137e-01 -5.081922414497649365e-01 -3.744228605191661341e+00
-1.158158642951479633e+00 4.064213189491560740e+00 1.291128458986517291e+00
1.872936117165908021e+00 -1.755397439894027301e+00 -2.026566629225067917e+00
-1.669132494444009462e-01 1.824610248555987413e+00 1.715738329259286710e+00
1.286752273796820667e+00 -6.077263342677238223e-01 1.091816887314427609e+00
1.688320931872610453e+00 -3.709180491777308575e+00 1.467975906431795874e+00
6.839207225912837806e-01 2.696643872236081041e+00 -1.037286349136808505e+00
-3.859544410036816586e+00 -2.899931927054852920e+00 3.440612493727201127e+00
3.419360982118932135e+00 1.371769393588700536e+00 3.499145809970999110e+00
1.335160323073241728e-01 -6.308709271503207261e-02 1.986200929522083269e+00
1.006275282540755267e+00 6.681694554585240198e-01 -6.541015729856815009e-01
-3.180162111339449815e+00 1.879786798081366506e+00 2.203275740859799825e+00
1.586788658835968091e+00 3.102317427615599144e+00 -6.922947634017775353e-01
1.816399471786930286e+00 -3.795756664184078755e+00 -9.095763502535558764e-01
3.990945727580188063e+00 5.952427106620894470e-01 5.008695532169014086e-01
3.104426442284986987e+00 -3.147377861015225431e+00 -2.479181314623896348e+00
1.322144804466824253e+00 3.761460970937654746e+00 3.965685851062187961e+00
-2.548464223146814422e+00 7.429466769702477436e-01 1.284305452978766748e+00
-4.057691597419613494e+00 1.174261370321270981e+00 2.787526495268626281e+00
6.678002853929212446e-01 2.478849727537598469e+00 3.197464894910810873e+00
-2.805371841593250704e+00 -1.326545328770140308e+00 -3.132719583070052938e+00
-2.213956459426101198e+00 3.986767008686848524e+00 -1.689260759261963951e+00
-8.599994316694894447e-01 -1.785143954717449466e+00 2.785064629333549480e+00
1.150902847605562496e+00 5.974282832505090068e-01 -2.353879379938391025e+00
-2.474551892278832543e+00 -3.781476812071029592e+00 1.650174316135983199e+00
3.929100984376706407e+00 3.253111911865377959e+00 5.599079899389576287e-01
2.481976753708240224e+00 -2.062142456877247287e+00 -1.923883838006055225e-01
-2.117702851284780419e+00 3.488415968648570509e+00 -8.519984560874674928e-01
2.731777386969200361e+00 3.430717857394989245e+00 3.308981030032788428e+00
7.153264373796706099e-01 -4.067199197637227925e+00 -3.513376187897544245e+00
-1.345479696315440510e+00 1.275944342189739400e+00 3.963049724937937501e+00
-3.370358551610740161e+00 -3.057685472073191080e-01 1.329888306364923611e+00
9.308144259979762580e-01 -1.936010105895338840e-01 -1.717744326541607691e+00
-2.171848598970493316e-01 8.560373765246878097e-01 2.187282849004085872e+00
-4.066845398300351633e+00 1.855334690557457700e+00 4.015657229948637053e+00
-3.567786468317472592e-01 2.791678988647451565e+00 -8.968189310884131515e-01
3.382739767691905541e+00 -2.118823723543347415e-01 -1.831108507312565026e+00
2.895020652547348305e+00 -1.436085645137990419e+00 -2.480236553250918519e+00
-2.801585946012601358e+00 1.842897512434350071e+00 -3.102138906211194258e-01
-8.653281044406914146e-01 2.147711751004516501e+00 -1.654766704050528947e+00
6.434027320808756445e-03 1.897881193873698358e-01 -3.183363664732769660e+00
-3.501400467265220584e+00 -3.437687424899545707e+00 2.452040874057274333e+00
3.772119951087650414e+00 3.549286338402269259e+00 1.474709848872970852e+00
1.941143243645431227e+00 -1.674410237790750822e+00 3.642800978080018126e+00
-1.045039916688890846e+00 -3.558984275084172921e+00 3.065154002148526846e+00
3.463682856440481572e+00 3.300597126593677544e+00 -2.360580757227786819e+00
-4.096068114351119505e+00 1.829931413558137931e+00 1.857559768351742246e-01
-2.348172939603876852e+00 -2.748631137660691864e-02 -3.051477934909101908e+00
1.644880929722875473e+00 -3.778873948309302122e+00 -2.421957043544746835e+00
2.344057721728562693e-01 -1.226269207333474887e+00 4.036079624918555986e+00
-3.197338767613459698e+00 2.946520205260331871e+00 -1.922587130015365631e+00
-2.672677542097763315e+00 3.904129268167064737e+00 2.544388062767451775e+00
1.082862281120743342e-01 1.044532115269781514e+00 -3.796846704240606662e+00
-2.455775325356016836e+00 -2.845115848219148535e+00 4.321476009014264819e-02
-4.965916997350161011e-01 -6.802029019408893928e-01 2.664825073982148851e+00
-1.347827487989698758e+00 -3.215354245681385059e+00 -3.528483260871753568e+00
-1.497452710677171117e+00 -2.809634522556156533e+00 -1.698769068065012489e-01
1.936583472049093757e+00 2.927412251270083310e+00 2.110641143587747293e-01
3.338878682697287825e+00 -3.164981143722729318e+00 -3.520204208965096004e+00
3.852653301081085058e+00 -1.772707010138079742e+00 -3.504063315748746632e-01
8.238561802265302880e-01 -4.448717078505985412e-01 -2.819405070437689176e+00
3.480757874730560975e+00 -3.656355395067824032e-01 -3.879073395579347494e+00
5.444191382301054316e-02 -3.550792030529940746e+00 -3.215946435997370845e+00
3.096088361923020837e+00 1.718076396341621459e+00 -3.609135120243625594e-01
-7.762877994732815257e-01 2.212951911509056124e+00 9.508652370851685687e-01
-1.022208744521059032e+00 -2.261008585307715535e+00 -2.958451469882855900e+00
1.542537201128112212e+00 5.963736402136200487e-01 2.859708118037959323e+00
2.597171213685380398e+00 1.279722727223009615e+00 -3.767466232994618913e+00
7.006022338801297655e-01 2.962146095922408406e+00 2.193580447995810978e+00
-1.718141493207843595e+00 -2.980503261748299049e-01 -8.122524288110093416e-01
-1.485614495615886099e+00 1.298082971969501065e+00 2.921738737708531541e+00
1.934741720674338250e+00 3.311924358718774108e+00 1.077382435297894681e+00
-3.847603946336326519e+00 2.190321573709878233e+00 -1.782009436441829520e+00
2.782478930420086094e+00 -8.826338266317675929e-01 3.649679805178853265e+00
-2.692555540075186604e-01 -1.703714115737428925e+00 8.056349350409918175e-01
4.072381224090827478e-01 -3.732002987363601143e+00 -1.426869246957138015e+00
2.428462250270714939e+00 -1.971159613299586111e+00 1.400011097205039245e+00
-8.313497404843986915e-01 6.297994322564076652e-01 -3.631820472691309032e+00
1.890425221972372727e+00 -1.939673142177596565e+00 -3.346536043412432271e+00
-7.064171572978842351e-01 -1.890485172037223993e-01 -2.630248671386990367e+00
-6.367606742871667613e-01 8.880156734826122333e-01 -2.653133108423367137e+00
-3.734464376653090945e+00 2.965058595276100384e+00 -3.029706710023449268e-01
1.619971941689104300e+00 2.131712392190013183e+00 -4.052374542315963168e+00
-3.152708224543748106e+00 2.250819970278198578e+00 1.274068494887536485e+00
-4.037415709257581753e+00 1.432402635527723289e+00 1.873160805524857864e+00
-3.418754497471258702e+00 -2.287522475111286036e-01 2.518492082788854614e+00
1.191026995147686646e-01 3.634043045945216655e-01 -2.220441215401006918e+00
-2.720520849470792424e+00 1.900114198031110035e+00 -2.836111186538375684e+00
-1.567646184266532128e+00 -2.025250054493668461e+00 -1.303251023933528430e+00
3.905343377191769161e+00 6.764380615139669040e-01 -4.003253682633897803e+00
7.714208032158147432e-01 -3.628804458085055806e+00 3.251777462147707354e+00
2.189238946046190737e+00 2.579351572224825251e+00 3.149622397867595236e+00
-3.924044213588445906e+00 -2.560492234465817862e+00 -2.602977963444764509e+00
2.570242522710787458e+00 -3.866674457439780888e+00 3.807641134382128367e+00
4.301314374280387209e-01 -2.414724199581478103e+00 3.513640209965873118e-01
2.522058071971015725e+00 -3.318276888552760262e-01 -8.150492174985334293e-01
-3.274480746180497559e-01 -8.447784268015351428e-01 -3.411302338305291393e+00
-1.401615743108232337e+00 -2.340587985842454088e+00 1.512893768610609868e+00
2.911732315063999099e+00 1.250498187784078619e+00 -1.934325493911785099e+00
2.784848155277862336e+00 5.147674671464135265e-01 4.356255309688717436e-01
7.129816419906963298e-02 -1.703485501898951648e+00 -2.661747800103568817e+00
4.508702921870151870e-01 3.413283249102605499e+00 3.134268325159893731e+00
-2.334912474477481403e+00 1.902403597502249744e+00 1.663499792804802535e+00
2.091912474809234812e+00 -8.548827230998704563e-01 2.712039098716364505e-01
-3.326195730952915763e+00 -1.851087213332082149e+00 -9.759253112568544442e-01
2.694680024485025971e+00 2.774879497045775523e+00 -6.943487972350991244e-01
5.410361272085060236e-01 1.832498485462275672e+00 3.998827612266943277e+00
2.865171626081232326e+00 9.273592468185494486e-02 1.851895489058592581e+00
-1.719011946600498719e+00 1.536462754613514115e+00 9.683611397154168188e-01
1.603683530220532394e-01 2.364362295410626924e+00 -1.900951794652431914e+00
-2.296351530091227389e+00 1.643421656484491011e+00 -1.367652011514508548e+00
-1.587371413422199229e+00 3.762189931651495067e-01 1.098346631229522474e+00
8.899247909000740364e-01 -1.893372264380619008e+00 -9.239906054555789838e-01
-1.254544057133176960e+00 1.227735268800818069e+00 -1.998002070018202847e+00
-4.282296979192648512e-03 -2.192022149441882339e-01 -1.406883677200362559e+00
-3.011604657056007550e+00 -2.088706770304276983e+00 -2.493674168638137623e+00
4.039389260415362060e+00 3.884311007032442919e+00 -3.669477101080789172e-01
1.555427820921388316e+00 -2.549654918406972115e+00 2.983098601115203863e+00
-1.448064408830366467e+00 1.879069565041699308e+00 2.166733597491924179e+00
-1.225944119787696351e+00 3.125459863406828021e+00 -1.175603977218944829e+00
3.326992061231245135e+00 -3.631821503932243012e+00 -1.348184669502059951e-01
2.285901577719434918e+00 -2.001285739401281460e-01 1.012478380938149680e+00
3.891125620704585675e+00 2.444361726018225156e-02 -8.939154474546456841e-01
-5.288190000724976025e-01 -5.538826102532031781e-01 -7.037043802113671642e-01
-3.878447118438220986e+00 -2.785496864829867025e+00 2.397527043160359306e-01
-1.379657236269823617e+00 2.966109063174687144e+00 -2.186630036337504635e+00
-3.572045240725084447e+00 4.918503422524777569e-01 -5.489265008482653307e-01
3.823236132483116112e+00 -3.915781664132829576e+00 2.238724909236915916e+00
-9.143785505033338312e-01 2.570221376134071090e+00 -3.366861019034076641e+00
3.291411394070888008e+00 -3.306629981988183253e+00 2.912754334581300508e+00
1.615101278773594995e+00 -3.966369041706102827e+00 2.785721654833059890e+00
-5.734601691322364081e-01 -2.340155234970827891e+00 -1.733858305912547193e+00
-1.408858757032925624e+00 -2.919036572893978221e+00 -1.754903153596617527e+00
6.856269910384965582e-01 4.041778154443609772e+00 2.474472929514286879e+00
-3.274848500669349960e+00 -2.662090499484399242e+00 -4.872633666951293741e-01
-3.715512522208553214e+00 -3.220995143914716419e+00 1.524064775251487980e+00
-2.661829328376549064e+00 2.781478412265186773e+00 -4.404178654420802808e-01
-1.721360024613969975e+00 -4.190808683635405818e-01 3.132035763182795307e+00
-1.361027201919170482e+00 -9.894936125733938548e-01 2.278163343281021991e+00
2.362556473771904475e+00 -3.137811108118661263e+00 3.028872030949596450e+00
-2.167128894020482477e+00 -2.605985762498091773e+00 -3.544887125449581511e+00
-1.875720147919040182e+00 1.320235347260349634e+00 -2.948079697622263406e-01
-1.101845207668914473e+00 4.551180777463327276e-01 3.412865221400676941e+00
-1.114468033905119171e+00 3.195125427907221205e+00 7.624266504891233920e-01
-3.636607360306465697e+00 -2.275594208856345446e+00 2.570952340428286131e+00
2.737286676603552849e+00 2.753356053161705397e+00 -3.280436965332720778e+00
-2.039307724712497549e+00 -1.692429492385499445e+00 -3.902025181025445377e+00
-2.855862737000517182e+00 -3.188626187864965544e+00 -2.539250667667786843e+00
-1.943673496500424758e+00 -3.790491632065428718e+00 -8.200905787019054094e-02
3.584001234325024376e-01 1.349591767480710969e+00 -2.862805922496159283e+00
-3.151739534428092959e+00 -3.878447708329126442e+00 -1.704442072480032877e+00
-1.702939248088978230e+00 2.130992893793654197e+00 -3.697928171432056210e+00
1.716196413371555041e+00 -1.387493216133311336e+00 -5.008452719050155988e-01
2.095172234799951294e+00 2.017945975863693509e+00 -1.776171916908558523e-01
3.676688980358797099e-01 -2.086307379297121400e+00 -3.559592883567311183e+00
2.032283425746024275e+00 3.116835129622300471e+00 -4.036511438697394816e+00
3.441465983479539137e+00 -9.853175998965980620e-01 -1.014821137216753488e+00
-4.080624933997133219e+00 -2.812891906828113964e+00 -3.828990847638855666e+00
2.149100812489039281e-01 -1.229989689042777279e+00 2.422149424548802887e+00
2.084277802982095640e+00 9.661532944914013044e-01 -2.729146756014301456e+00
-1.190080278928186797e+00 -1.412717660999636360e+00 -3.311703437944597539e+00
1.774421096608842507e+00 2.037127800979341152e-01 -1.438591122997329164e+00
3.376418280747936151e+00 -2.780653441516900415e+00 4.653915374248019377e-01
-2.134813545037065552e+00 4.009158448708622480e+00 8.134260334194585162e-01
3.471684528587749341e+00 5.444100612820551577e-01 -2.773498377260715131e+00
3.759375663587929850e+00 -1.791909724201398380e+00 1.645463353730736822e+00
-1.091494345497266705e-02 2.711641082853548657e+00 4.048244786183615496e+00
1.463240269924473758e+00 3.509476145366487554e+00 1.871129074492438260e+00
3.477359346391730721e+00 2.640168991089294259e+00 -8.326624779128287412e-02
1.282988657118823372e+00 1.582168986514326470e+00 -3.271330763803869779e+00
-1.722140566668292960e+00 2.576924728748075655e+00 1.292131245944897922e+00
