8.220706914434900980e+00   8.220706914434900980e+00   8.220706914434900980e+00
500
-2.133794250250280466e+00 8.633658972498384765e-01 -1.913911304327341467e+00
3.717852298506276743e-01 2.611938013975616979e+00 -3.491808039601435265e+00
-9.359353088700895773e-01 7.914292326537475386e-02 1.496375489249551771e-01
3.829348587616384414e+00 -2.200167898501576236e+00 3.714599117139894435e+00
2.397209989855880963e+00 3.337336058369133607e-01 -3.434166734840304436e+00
-7.938425259752539542e-01 1.581214144451643211e+00 -3.622489021374089457e+00
8.714099671652780765e-01 -3.218621013490052363e+00 2.513348889859711832e+00
-7.812199214488281251e-01 -1.242813255299178188e+00 3.694988228489126669e+00
2.097413919323281029e+00 -2.965695684928072673e+00 1.166654681317996767e+00
7.845433607200170689e-01 1.168535580196956358e+00 1.618118254530247935e+00
4.386730087109882437e-01 3.963351602340563939e+00 1.515909938226824849e+00
-1.286922294483762164e+00 -2.548541400265917911e+00 2.630910237590743161e+00
-7.409025951963316148e-01 1.461442277406196227e-02 1.018747937010889837e+00
-2.619598457633206756e+00 2.323962782953469808e-01 3.922731313787596985e+00
-3.116118717362706292e+00 -4.215245177330400606e-01 -3.689489062412601772e+00
-2.449855984591607250e+00 1.490923027018733915e+00 -4.094452452717472823e+00
5.547896472486328889e-01 -2.317322026173783467e+00 2.656379963249082099e+00
5.864400810929440988e-01 -3.251067323632506501e+00 8.255242283875093012e-03
3.821133192070139462e+00 3.088864936291092711e+00 3.286818824347184087e+00
-2.362915794650947809e+00 -1.538537496879559763e+00 1.477235996327459722e+00
-3.383155797023423617e+00 -5.923958661202370912e-01 -1.246169076714679136e+00
3.888329349368386811e+00 -3.041167483999857701e+00 2.137787165861474659e+00
2.830369926730539998e+00 -2.445905074296327530e+00 2.225713141701202158e+00
6.433202651932212746e-01 -9.644470403368162748e-01 -1.222103796340399118e+00
-1.106139676426737051e+00 -2.046323938280377508e+00 3.785379679564198518e+00
8.988589683305274747e-01 1.474628280376728995e+00 3.334720115121745376e+00
1.417234937941780570e+00 1.924874657268442757e+00 -1.135165071035772577e+00
4.275144258436943123e-01 -9.308643238624250138e-01 1.401791596256787731e+00
-3.485805137929621766e-01 -2.518288946238966819e+00 2.727690520797200424e+00
1.091699603583647704e+00 4.968966157282344587e-01 1.126265274544790307e+00
1.995883534686581640e-01 2.108852084125147019e+00 7.570040766755146144e-01
3.121729892785048310e+00 -5.434629807447436400e-01 -2.954325436709303254e+00
-1.246063020918250830e+00 -4.080045099327479718e+00 -3.917993033146755177e+00
-1.645514313599760747e+00 2.179155548833366485e+00 3.433057349153088467e+00
8.457971849152159383e-01 2.629685507481175577e+00 1.092650570733157966e+00
1.705373239111674710e+00 -9.698175526607581975e-01 -1.253178753701842840e+00
-8.056664458020053043e-01 2.288849733347426252e+00 3.901400270056758490e+00
-3.426275282568925995e+00 2.639397499985217443e+00 2.358553636795566621e+00
-3.228415191760777958e+00 -2.431330078617371715e+00 3.917680513702108680e+00
1.874459787296205660e+00 2.850251308507145698e+00 -1.559060859582611869e+00
-3.953601382208258741e+00 2.277240343347413543e+00 1.837054523365063696e+00
7.385079539303712748e-01 3.828615650080986921e+00 -8.944750728034138731e-01
-1.245825156632009545e+00 3.675599832299544900e+00 3.029875333552578986e+00
4.007168208948824528e+00 1.157530477940499125e+00 -4.743758609359379763e-01
5.831368769119622542e-01 2.110130901072988951e+00 1.744199286779306579e+00
3.288321722345317610e+00 3.507840131682359530e+00 1.889811006519409808e+00
-2.801793235501696344e+00 3.098388065757795573e-01 -1.398307333994230905e+00
-9.702630881057773271e-01 -3.083157313806446087e+00 -2.589387133894186732e+00
3.455667596816279996e+00 -6.414025909993429364e-01 3.286692134289057154e+00
1.536348753525649702e+00 4.038258930391791957e+00 1.879225018612710185e-01
2.491182210662461483e+00 -5.158386260775880139e-01 -2.004964160380503735e+00
-3.826962170328032098e+00 6.494372234160183943e-01 1.865652513122781908e+00
-2.944891098166667831e+00 -5.034109878230913493e-01 3.355759494396783005e+00
-3.617510773906000399e+00 -1.857592283152581736e+00 3.488276194319634982e+00
-4.230714178698452566e-01 1.273492230428110217e+00 3.652754237676564042e+00
-2.309649222990580952e+00 1.368863731017379903e+00 3.196528721989587929e+00
-2.279396823527685356e+00 -1.356584189889420700e-01 1.018422542157940480e+00
9.470210795837816775e-01 1.368517083579420257e+00 8.096578115434250877e-01
-2.096435574160697701e+00 4.747607507101642144e-01 3.109530193154900868e+00
2.722817697297226225e+00 -3.210012952417306553e-01 2.726406462685128318e+00
-3.069491540690499232e+00 -3.036019994733406002e-01 2.390243252043347810e-01
3.563122834574092845e+00 2.702774775199551893e+00 1.942565282357522793e+00
-2.574106810978399995e+00 8.131237101397250644e-01 -2.702115554618588766e-01
-2.505462009493788944e+00 -2.802266688021398000e+00 -1.856036893470254245e+00
-9.204322936969747126e-02 3.283748604186539910e-02 4.089390256829675607e+00
2.587502247139100042e+00 1.447795561494862771e+00 2.350454455248657482e+00
1.703427535799119985e+00 -1.662124693742433879e+00 1.484155931630136926e+00
-8.459742326993040518e-01 -4.298838256624669674e-01 3.969657578003871645e+00
-3.090773962473980507e+00 -2.509187203040532665e+00 6.357428223976598902e-01
-2.399808758397184327e+00 3.497760171964065190e+00 -2.491187765674160115e+00
2.415774540582791285e+00 1.876521125121776601e+00 -1.200077105723819981e+00
2.314349398685782599e+00 1.434126536166181465e+00 3.863719566009608530e-01
3.026395008835101041e+00 -2.029974869205194654e+00 -1.247082372531561401e+00
-3.318609420759689232e+00 -3.808543689094511020e+00 5.711987253104037210e-01
-2.281863565882082501e+00 -3.706718435912179643e+00 -3.203873408480101048e+00
3.839352925288304519e+00 1.272868579136144263e+00 -1.554800030260686139e+00
-4.950810397815443853e-01 3.526925543245545747e+00 -3.610817973660533475e+00
-2.228506052862211373e-01 2.994613986769744773e+00 -2.847905518789088930e+00
2.600361179382052246e+00 3.599513064363316417e+00 -3.582881592550190231e+00
3.067061368013183742e+00 2.522715785562653412e+00 -2.277867158317639973e+00
-3.203137147574272703e+00 1.048377067798845097e+00 -2.057736175586895477e+00
1.834542615367295237e+00 -6.318278919705191399e-01 4.079998868940537982e+00
2.930003256167172498e+00 -3.513075393709136574e+00 8.346888983827552844e-01
-1.497833691725244387e+00 -5.736324969335356849e-01 -2.620344429111427065e+00
-3.567294251643392533e-01 -3.789455635611769679e+00 3.377042024886401511e-02
-1.691011835029252453e+00 3.268840157379859335e+00 3.763230481547905626e+00
-1.498419766273734188e+00 3.828356573520055317e+00 -2.698624398670839142e+00
3.323501637159048450e+00 -2.347992771769394249e+00 -3.095438397191019764e+00
3.950859596009057118e+00 -3.750943641807385820e+00 -4.038192783812056597e+00
-3.916586286829848884e+00 1.370091328029507949e+00 -2.726900635847355314e+00
3.342800390694666390e+00 -2.174329699767295843e+00 -2.193422781482023076e+00
4.252682147122491818e-01 -2.807090911170286418e+00 -1.336981445042869421e+00
-2.671898852879724728e+00 -1.416274104117023036e+00 3.015276787565605243e+00
-3.278157302470795731e+00 -1.519583447836284407e+00 -1.825825866114538565e+00
-2.766853082115845019e+00 1.586177714190043497e+00 8.837486377738851262e-01
4.465421651253119739e-01 1.113440059003694582e+00 1.580388238247280863e-01
-3.959663222014697670e+00 -1.448793002507130945e+00 2.705409038057570825e+00
-2.846922064597591229e-01 -3.839194951567211689e+00 3.590952881253932638e+00
1.385502989245706029e+00 3.803191544147087377e+00 -1.655802451355975480e+00
-3.571520488133972382e-01 -3.380036245564350228e+00 -1.864435511041002691e+00
-4.261127336948799527e-01 3.832268729395860607e+00 3.017019062402293006e+00
-9.412136378346488419e-01 -1.619959854456003878e+00 -2.182969249423114988e+00
3.133540711053266925e+00 7.919627922706022893e-01 2.679030426920023800e+00
8.841181049995067154e-01 2.893762702889500105e+00 1.629663131566267964e-01
-1.275132342366636973e+00 -4.054981241399063130e+00 -9.534594700204575002e-01
3.317400931435778411e+00 2.187488911671105207e-02 -1.375928593044438430e-02
2.213459663480123740e-01 -3.104688526102678647e+00 1.947031047166432494e+00
1.174312541498884643e+00 2.783013425506740024e+00 -2.462088900994800600e+00
3.344741871203835704e+00 -2.593064745895223844e+00 1.304989806086719772e+00
3.336248915635835033e+00 3.796530149052384839e+00 4.033942551720459235e+00
6.155831700388934014e-01 -1.603548438530028597e-01 -6.815489035715749377e-01
3.788191375970115349e+00 4.652006863956996141e-01 1.229472017327760236e+00
-2.021048690171769913e+00 -1.555016263776785590e-01 -1.871526726163863286e+00
4.494757073748105458e-02 -7.776905816596776377e-01 -2.384009662408686392e+00
1.518301714311830475e+00 2.233226211555057183e+00 1.480002821173750593e+00
-3.159088713112279123e+00 5.625754046273503395e-01 -3.462380005678045602e+00
2.427545528799099461e+00 3.904804545762533330e+00 -2.352851343227751801e+00
-1.906615486507887036e+00 -2.980317745108857164e+00 -2.831222496070337158e+00
-3.666522196332674621e+00 3.466805750243773687e+00 2.722492174149925059e+00
-2.310674488472637567e+00 -5.780246080264831443e-01 1.909875874666352891e+00
3.546657538229761375e+00 1.718914263713805068e+00 2.226959627590982649e+00
2.572596309088021282e+00 9.103470886516411564e-01 -1.201981595119719914e+00
-5.729401629907406729e-02 4.454782479534681872e-01 -2.269773947342514919e-01
3.482530649170827441e+00 -3.017280859747791588e+00 -1.427434065939872321e+00
-3.869298175003594409e+00 -3.702519148367407809e+00 3.171397521604469638e+00
2.628198200809009233e+00 -1.402989860897940311e+00 2.695652640181547710e+00
2.770281727168899089e+00 2.195033940289296215e+00 1.701808723576873739e+00
-1.561972760668417504e-01 -3.857656128072056489e+00 9.294333106463622540e-01
-2.574853414028217546e+00 2.707653711756004444e+00 -3.772355685100214018e+00
1.072325138668134836e-01 1.425148136284077438e+00 -1.991066481495555429e+00
2.898455943975326576e+00 2.533505805879037620e+00 -1.405043252885046057e+00
-3.803162345231321240e+00 -3.482123411000016322e+00 -3.223895551932335124e+00
2.483635287542335757e+00 2.945660598698124133e+00 2.255942397064676364e+00
-3.898971248725109806e+00 3.643582942668913027e+00 -2.650458428532314059e+00
-3.688252852517491576e+00 1.760780655263082473e+00 1.019675177315192194e+00
2.489595429647975422e+00 -3.400907290918190551e+00 -3.305194079876131230e+00
3.620074015829315428e-01 3.789902596106076160e+00 -1.848996035965584595e+00
-2.302353191928410148e+00 -3.053850424634801275e+00 2.110176198546808823e+00
1.930510152700739113e+00 1.936772546852278121e-01 3.604738430688660067e+00
2.997228559657215463e+00 -2.043282921528585483e+00 3.748960672958801532e-01
-5.652152319287262472e-01 -3.214605263690484716e+00 3.932063575725730065e+00
-3.427277212841787879e+00 -3.510634699066232489e+00 3.921467662436675994e+00
-5.351314261606322786e-02 8.132768378694461564e-01 -1.157811628678904858e+00
4.064152952939652508e+00 1.958424633246658719e-01 -3.497508983888579337e+00
-1.935346899244969388e+00 -1.338074066841178134e+00 -2.190877128181124789e+00
-3.995459182782370000e+00 4.096626915861656393e+00 4.799993215123444235e-01
3.770377816916744340e+00 -2.140177127420106018e+00 -1.435057981282779949e+00
-2.185097723516406631e+00 -7.511940371752794388e-01 -3.927438556590383545e+00
-2.189838117080024738e+00 -3.203069168271161171e+00 -1.002515813707751668e+00
-2.124931890142271129e+00 -8.987180580721207956e-01 -5.950875994738397123e-01
-4.028953670807177367e+00 -3.710937308211661012e+00 -1.207754043208774108e+00
1.895610001484061335e+00 2.603045539483360926e+00 -2.981212561979027509e+00
-3.731115387407173856e+00 -6.396541040071846984e-01 -2.297438778522169489e+00
1.029969985586846271e+00 5.700966679620994570e-01 3.685919756858595964e+00
-1.251352625478303615e+00 -4.100762507902677712e-01 -3.465376677502232106e+00
8.400115833798853515e-01 1.328430228191918472e+00 -1.433703816182168023e+00
9.495378897365605031e-01 -3.449582298514648038e+00 -8.528506039471759337e-01
-3.162455734950346820e+00 2.439597825161609723e+00 1.537159298562974508e-01
9.403811207171791642e-01 -9.754640041674522699e-01 9.089838334062050329e-02
-1.957691585256916555e+00 8.220736846198329895e-01 -1.049936178510820328e+00
-1.274706982296338609e+00 2.796032648818838062e+00 2.726777714540261410e+00
8.939704866647930626e-01 -1.748861003312132789e+00 8.989462736304781876e-01
3.130466615152961207e+00 -1.374160315783281794e+00 1.864236457839485439e+00
-3.080870392008268510e+00 3.644544734829287869e+00 7.940793635309001397e-01
8.102521448965842588e-01 6.622652028071704389e-03 4.019980725357101825e-01
9.525255002885135713e-01 3.362472206511923911e-01 -3.376343124951063590e+00
-3.468696679866903665e+00 -2.198387015703010761e+00 1.291554924384314962e+00
8.502167279256720445e-01 -1.556056226525093900e+00 3.346418846167408034e+00
-2.422478674129234122e+00 2.854589304845083220e+00 7.211883323361806264e-01
3.977293362789786180e+00 2.484616305942671577e+00 2.658366999866498048e+00
-1.519123637749808076e+00 3.425212112985305257e-01 -2.613145479206865129e+00
1.672466587108008274e-01 -4.393088809664691952e-01 3.211312491178143880e+00
2.692439977287233610e+00 3.940879413477166970e+00 -9.741468176745549101e-01
-1.054040721017355464e+00 -3.948213608804026276e+00 -1.870671623717468979e+00
7.783862357878708060e-01 3.438353368659492038e+00 8.440412642975102520e-01
1.511125761600025097e+00 -3.657564655102937934e+00 3.424335786880779775e+00
-1.446759652678117680e+00 -3.444015247570390237e+00 2.127093493636297072e+00
3.319309736824918033e+00 2.168755591444601727e+00 3.126266277266474880e+00
9.686115210009316190e-01 -1.663180302766971597e+00 -1.798538184703232012e+00
9.426773486516009104e-01 -2.676000778605165831e+00 -3.112777944438759548e+00
2.082224560280460934e-01 -2.421318244306918999e+00 -5.216875728318094430e-01
-3.046396304682066791e+00 -3.049489671487402020e+00 -3.681209255666280988e+00
-2.985862042141774086e+00 8.058477878052704435e-01 2.167750880678696479e+00
-3.203023064936378006e+00 -1.255458255412912782e+00 4.062105848367817629e+00
-1.523423425960399147e+00 -5.265910786697359791e-01 6.324128654580990494e-01
1.743624152735349542e+00 -2.772012131405779400e-01 -3.063528907806896129e+00
-1.632702530121334372e-01 3.124264495103775019e+00 9.780183798991245459e-01
5.923216806757481967e-01 3.577858271414826596e+00 -2.660885305469685047e+00
-3.213931834577240743e+00 -1.497876580087345921e+00 1.972716824079076892e+00
3.689701000608741843e+00 -3.605388883719780502e+00 1.468831851537108601e+00
-1.343335840854604335e+00 -2.859543131848833575e+00 3.498052050676397240e+00
-1.013908444358390559e+00 8.866549898258222484e-01 1.778799924209413019e+00
1.937589737637016807e+00 -4.079638259546408463e+00 -3.216560090598240329e+00
-3.312678567684086972e-01 -2.970586078281269860e+00 1.116898003342529311e+00
1.196306221117385826e+00 -1.268239331611334952e+00 -3.803303590748625673e+00
2.501424601285465954e+00 -2.475561007148387560e+00 -1.599458751328266093e+00
1.381437705752599499e+00 2.057768168253207186e+00 5.861192139914424004e-01
-4.088000392531327520e+00 3.008343045985349740e+00 -4.061967765290413368e+00
2.394399126442038561e+00 -3.063859352595958541e+00 -6.571597151743358012e-01
1.915192235439846735e+00 -2.749224547674104180e+00 -2.203983126690618910e+00
8.053671314282565552e-01 -2.441145279727668704e+00 3.616931273184850415e+00
2.872281231485160458e+00 2.630634929472063455e+00 7.773430860647732032e-01
-1.553486180854836585e+00 1.237156337019844177e+00 -3.007858685252558839e+00
7.345078932646177394e-01 2.043064389718840079e+00 -2.293515296357340194e+00
-1.883545953379398119e+00 2.035388590994723579e+00 1.177089742704314768e-01
-3.093622956164190807e+00 -4.084421343671463589e+00 -2.712184346265577695e+00
6.358086044434377859e-01 -3.669642516702480872e+00 -2.413065079655785095e+00
2.074148151572432486e+00 -3.066812286415872890e+00 2.136575834699788512e+00
-1.553748309387271154e-01 -4.071587241784368594e+00 -8.331652928550773440e-01
-5.714397230680592354e-01 -1.647307160409629656e+00 1.730194287087491345e+00
2.408462881671458611e+00 -3.488110545434213616e+00 -1.811751352735655463e+00
2.762272767092308623e+00 -1.952264032179569009e+00 -3.999812264718125565e+00
-7.823270171766650849e-01 -6.194680098413199998e-01 -1.915766146782898804e+00
1.791959781799514095e+00 -7.010368022532936783e-01 2.987336301052653020e+00
8.415779808773609094e-01 -3.116588675856024615e+00 -3.910392580228683190e+00
1.425188261223437003e+00 2.509487402699373426e+00 2.329988986285946861e+00
-7.196164933021447219e-01 -3.951954258497627936e+00 -3.073860967118392740e+00
-2.620469317553010935e+00 2.269627893749479597e+00 3.226950701937772781e+00
-3.671410610419687526e-01 -2.854924249775133482e+00 -1.729097806332594023e-02
-2.822402267099433981e+00 -3.145363941235993721e+00 2.948349173729307715e+00
-9.615410098414481910e-01 -1.485233185231153552e+00 -6.493131471635997798e-01
-1.976716286503382047e+00 2.761123491952892639e+00 -2.973660073464642561e+00
-3.033245297023985376e+00 6.899667882882314363e-01 5.111443995849718203e-01
-2.750539466166989744e+00 -8.481138703880611862e-01 -2.428891104098183096e+00
-1.913218347435038935e-01 3.374040169368513364e+00 1.989914446593406883e+00
1.207723919766849452e+00 -2.204343684770487144e+00 -2.488622277574469965e+00
-2.069013182064444845e+00 1.280162270821959825e-01 8.240555263119068996e-02
-3.384642984722451953e+00 3.243982631985432352e+00 -3.451502276783489531e+00
-1.992658229875125864e+00 3.537002036779969938e+00 1.766793613699217280e+00
-1.519477471669963498e+00 3.616617364953559122e+00 1.924536582176827534e-02
-1.533425466928415581e-01 -1.520590256833318277e+00 -1.450928114801669722e+00
-2.125201351282351769e+00 2.916758425104504227e+00 2.720832503112732503e+00
-3.216106985525049922e+00 3.256429158005087920e+00 1.503599817002627459e+00
3.497921495028021521e+00 4.023188272645273678e+00 3.162591963789258553e+00
1.491395508870605902e+00 1.260917570216766759e+00 2.257774123361108831e+00
-3.288782531188669811e-01 1.377384228272814370e+00 6.152880570374203995e-01
-3.343673651312079276e+00 3.512961889602158383e+00 -8.613761555642915901e-01
1.300124284862028690e+00 3.012842299984276107e+00 -3.630824551028825731e+00
-6.387736023617048842e-01 -2.758697514090446390e+00 -1.025270421272138188e+00
-2.317480181473403622e-01 -1.919616889182855557e+00 3.766504044495235792e+00
-3.008854621590099310e+00 1.124303268377418868e-01 -2.340642123210348924e+00
1.501850450037976348e+00 3.207134744826755646e-01 1.933322495708218902e+00
1.251085997027259200e+00 -2.233786786666309698e+00 -3.860294429885512635e+00
-3.869235181581597072e+00 -1.131959740377936008e+00 6.616943900402014744e-01
-1.752804572574232944e+00 1.912698733848728627e-01 -3.944361409381729189e+00
-1.359490632433209001e+00 -3.295239437687632833e+00 8.733278033955403918e-01
-1.962710673481165458e+00 -2.067179432078082524e+00 2.326594900601129279e+00
3.026390605144690049e+00 2.523934351748634564e-01 3.480384688435179452e+00
-1.953981883586220825e+00 -3.609613428313349193e+00 3.041758806229708068e+00
-1.852955655144018499e-01 -5.078105553213996259e-01 2.559611129580102729e-01
-2.661998659355286900e+00 2.882881341506585038e+00 2.002455586990066649e+00
2.997838637334406364e+00 -2.539835837295003174e+00 3.467550946665364453e+00
1.590146141089202825e+00 -3.079227167392589060e+00 -1.663145162982560266e-01
1.759623638587758832e+00 3.122721001372008587e-01 1.444134536063915175e-01
-3.442739643099391067e+00 2.205416260514122762e+00 -3.393660124729610317e+00
3.867667423919936009e+00 -1.334046751578569889e+00 -2.102292515247262905e+00
3.489524198515344455e+00 2.413573878904021086e+00 -3.329260087134829238e+00
-1.871605775428711427e+00 2.625833827578363699e+00 -1.763861962347182732e+00
2.535497701102001233e+00 1.657171857026685791e+00 3.434980201950687650e+00
1.154101328564619999e+00 2.129855925450262699e+00 -3.284682307584044780e-01
7.969162515416264858e-01 -1.813838335491819942e+00 1.892453478283512069e+00
1.135589943458347184e+00 -5.449225887716802053e-01 2.186888269816144259e+00
3.973359300189833299e+00 5.614641944646690808e-02 2.995487023401590676e+00
1.956028247409225207e+00 -1.115887523244169621e+00 2.188800806766167284e+00
3.267829185107382184e+00 -2.739082470007029535e+00 -4.525004302581728255e-01
-9.172516237717992515e-01 6.217886681105476709e-01 -4.972898295945881730e-01
3.364951225044937821e+00 -4.006672086951886591e+00 -1.777383383157813190e+00
-2.881255801527110805e+00 3.964562655008753378e+00 -3.962270209294153300e+00
-4.703317763759758963e-01 2.929665785084577312e+00 3.056105483359545794e+00
-2.833409800578515103e+00 3.231399257921138801e+00 3.485023219005130901e+00
-9.898804009221089384e-01 2.899396201257109063e+00 1.817019939505712722e+00
-3.177491270845063109e-01 -2.759863897859078818e+00 -3.463805850687768917e+00
-3.501566485525255956e+00 -2.061097185860821135e+00 -3.527860529286662050e+00
1.427810733276165145e+00 -3.200895345908137291e+00 -1.542245960183658449e+00
1.411745787668361674e+00 1.282058508335450320e+00 -4.047062427697568410e+00
-1.068796774694913632e+00 2.149206950698033136e+00 -5.414109150613358734e-01
-2.416941823611661988e+00 -2.615486398783223532e+00 3.745602274093172479e+00
1.797982807848705678e+00 1.377401263615570803e+00 -1.726091780165792455e+00
3.679899232195930736e+00 3.330643024816479336e+00 -1.079573499627369593e+00
1.000505869628436906e-01 -2.924895405152704075e+00 -2.564334942927797290e+00
3.549113461439732387e+00 -3.974437879179402611e+00 -2.810099333965459412e+00
3.351433935566776157e+00 -1.590841406850532991e+00 3.306315329319641005e+00
1.067146744791513724e+00 -1.394849581310325437e+00 -2.954935337632865977e+00
3.088829909046012290e+00 3.651926178664941069e+00 -2.393225583220967845e-01
1.439056227743915173e+00 1.211607202373019554e+00 2.192408054331434347e-02
-3.916203677590095911e+00 2.652105339041215704e+00 -2.704256814156334343e+00
-3.154451678506902113e+00 -3.156376798290144947e+00 9.305054791151706750e-01
-8.749580445914268978e-01 1.352355342780550362e+00 -1.025566698045091707e+00
-4.745703108735438991e-01 3.872746530276108601e+00 -2.357945063318816370e+00
2.679162165727498254e-02 3.676079718709033717e+00 3.901634963937132827e+00
-3.681157419159950983e+00 3.782644663684461506e+00 3.693052918574932342e+00
3.652645668520245525e+00 3.486264149362006570e+00 -3.353051182826089160e+00
7.489093301180582696e-01 -3.172626150432401815e+00 1.107097110769232229e+00
2.838668086233976595e+00 3.365802473548299645e+00 -1.604999973490015774e+00
-3.374170097799465751e+00 1.385644093974782942e+00 -1.103131622156138025e+00
-2.267571426205020335e-01 1.320902837418554077e+00 -2.918208454974524635e-01
-6.997302046713981261e-01 -5.904845406238461436e-01 1.659819957836156989e+00
2.397863994256690834e+00 -2.684755213201429846e+00 -2.873795847929828895e+00
2.494891821099963103e+00 9.902067409548621635e-01 1.503920252588994533e+00
-3.954524343042906120e-01 3.114782314990510503e+00 -1.827332731755823225e+00
-1.071282608367777778e+00 3.590240073155838152e-01 -1.353463157414429130e+00
-3.313224029880863508e+00 -2.871883222787878776e+00 -1.362019531744442125e+00
1.653493417251308939e+00 1.904629637405289344e+00 2.862624029541597448e+00
-7.554412779818668877e-01 2.036965623743057119e+00 2.719560287963660006e+00
2.532776424486291589e+00 3.846979009280808715e+00 5.571395601568456257e-01
-2.513893133293671589e+00 1.023768020977199766e+00 -2.894128628053598273e+00
1.813217756038412620e+00 1.463710626142872062e+00 1.161978572833243240e+00
-3.563300680553797006e-01 -3.820560779316773736e+00 2.167652204784982217e+00
3.009492309897202622e-01 1.955157887200732247e+00 -1.868949899627689870e-01
-1.967260089632146824e+00 -2.037538234538003756e+00 -2.680239390199706584e+00
-2.686144848189819356e+00 -3.918194953756833243e+00 -7.168166706883127848e-01
2.078099941820183538e+00 2.141651145172544179e+00 -2.184972511902802950e+00
-1.986687355860717208e+00 3.547241365938037294e+00 -3.538555257672954202e+00
1.508518764259740852e+00 3.582271262353377672e+00 -2.623540370563141266e+00
2.837841430515638308e+00 4.060119396363022659e+00 1.395503198131586409e+00
-9.976088885113635341e-01 1.038214984602387370e+00 1.906616375638507110e-01
5.550987799478885459e-02 -2.742147107040707077e+00 3.747390647749367698e+00
-9.459848887643914628e-01 -2.030943824478594451e+00 3.677387405655822006e-01
2.634212914312256348e+00 3.922615558522980272e+00 2.534919374292999628e+00
1.967131301819887490e+00 -1.078419445735973259e+00 -3.335731525307862544e+00
1.076111804691570889e-01 1.687538966264186868e+00 2.612083267707192569e+00
-3.450734843030793364e+00 3.992521765861631433e+00 1.980379762819439282e+00
-3.673029734790274947e+00 -3.602061002582433336e+00 -2.743532268762645665e-01
-3.264284464111487871e+00 1.119563568262719411e+00 3.760809269547493727e+00
-1.743176700240679278e+00 -1.432668309809450147e+00 3.521510001222424080e+00
-7.099828681943344544e-03 7.163457371652189876e-01 1.176569843189704478e+00
-2.377758719015167888e+00 -2.304163670831949062e+00 2.953042758989269601e+00
-7.159284657870709223e-01 2.478057172127511865e-01 2.483791778002284012e+00
-4.861557021663215905e-01 3.378737646081613644e+00 -1.252853048718778617e-02
7.192082640138790506e-01 -4.704260229707904473e-01 -3.747318693574782866e+00
-1.104642524873820753e+00 4.070449112853501639e+00 1.592529166448776401e+00
2.059269615133998421e+00 -1.783317383698724168e+00 -2.158919589121090166e+00
-2.621329518836841843e-01 1.639506773905348602e+00 1.560354275337586527e+00
1.310547114500760779e+00 -5.547519454164574482e-01 1.025697112168184377e+00
1.845211388156394294e+00 -3.856420031854161490e+00 1.595401893259509762e+00
4.619395555223677063e-01 2.352224040634587343e+00 -1.073020448051679621e+00
-4.042458128145625551e+00 -2.937094324775997300e+00 3.587270361615783720e+00
3.471736203134518028e+00 1.353130025342542675e+00 3.438137707740939408e+00
2.905367213520629877e-01 -1.194350362871993559e-01 1.957405137911559567e+00
9.347989623614388899e-01 7.035763459570261169e-01 -6.829554505223496275e-01
-3.210171101144289718e+00 1.795075239121620481e+00 1.914452943936207019e+00
1.403420935128598890e+00 3.158970310979881901e+00 -6.727614212818391337e-01
1.806404762853277113e+00 -3.801992882007345198e+00 -9.709287809970847949e-01
-3.960505016996142658e+00 4.672763992696777891e-01 2.824996263736899160e-01
3.003079698318520840e+00 -3.259652995166187672e+00 -2.499925420252187891e+00
1.306130562611981016e+00 3.924045624191852877e+00 -3.966505542929104955e+00
-2.931476590447607222e+00 7.299205968074861106e-01 1.376159142111603284e+00
4.097127839154203421e+00 1.005383038652715166e+00 2.724352984869179650e+00
4.302260069637892093e-01 2.563761280776890139e+00 3.146862347631209644e+00
-2.892769947762506177e+00 -1.341508779812015106e+00 -3.216836438542128196e+00
-2.460435000519710425e+00 3.767228498196126374e+00 -1.591601735326767297e+00
-7.536136992428585923e-01 -1.671819014717901508e+00 2.895388138592659200e+00
1.136830909031752546e+00 5.736943596563586212e-01 -2.312247499284536545e+00
-2.419633633840189368e+00 -3.812136015012491885e+00 1.579329147263314859e+00
-4.061125618199984189e+00 3.259701899139571424e+00 6.824307472476033309e-01
2.461504981283924476e+00 -1.952605542422399365e+00 -4.407007882358329187e-01
-2.010626532941042655e+00 3.605592220510323909e+00 -8.114758118298028844e-01
2.833512811766830009e+00 3.042367293341925460e+00 3.340439370583928813e+00
4.802901241326983373e-01 -4.000987042328760346e+00 -3.755873160017281442e+00
-1.483942258684334936e+00 1.149500985796799046e+00 3.951342216410762109e+00
-3.313769916918926750e+00 -3.522310165102623958e-01 1.456424325478583581e+00
8.985583105826823180e-01 -2.980161586640097671e-01 -1.936601819328729324e+00
8.320650680932664689e-02 8.422699943609740503e-01 2.172618286803265519e+00
4.058862516093996398e+00 1.934550417076759787e+00 4.104903714586952468e+00
-3.671371336622905046e-01 2.831823751772720943e+00 -9.155711252888090179e-01
3.448649640080514445e+00 -2.897555134606173421e-01 -1.959651556241679193e+00
2.860275213428112195e+00 -1.376173461599109249e+00 -2.522920927365320143e+00
-2.787930847621848507e+00 1.722324802439323399e+00 -3.430821860081206820e-01
-7.712911901684238458e-01 1.982882435367832485e+00 -1.663310309402131537e+00
9.107199390048485721e-02 -4.104850938607432220e-02 -3.238568420155907290e+00
-3.546803543043402840e+00 -3.467230852331787627e+00 2.438744432417845776e+00
-4.095671349936845118e+00 3.404141837827929784e+00 1.636607986031965556e+00
1.786542784966590469e+00 -1.685885442487511154e+00 3.817170933999318283e+00
-9.873570823198174473e-01 -3.624048022026357341e+00 2.976952659730585093e+00
3.361933213024264067e+00 3.390978934484173646e+00 -2.406584091497686817e+00
-4.012582312563798936e+00 2.037443103613621798e+00 4.375106833847094978e-02
-2.309259018054398371e+00 8.590295497034275418e-02 -2.996940492668146216e+00
1.566616958573462393e+00 -3.623578762242134488e+00 -2.505467984693915628e+00
4.018518090968452583e-01 -1.505368721558867362e+00 -4.019752476145997733e+00
-3.379559544724348719e+00 3.211441552354286522e+00 -1.847646442526785560e+00
-2.642050846338053649e+00 3.762877795838022177e+00 2.500461187689657638e+00
1.590262807261768052e-01 1.022116109293902841e+00 -3.732438417784552875e+00
-2.484423290040830956e+00 -2.840888792445689148e+00 -4.209010196956566169e-02
-4.157271883305591609e-01 -7.714317994809143375e-01 2.468012900859791969e+00
-1.226699092878366093e+00 -3.081375241836369572e+00 -3.617099787592890525e+00
-1.466165974012175743e+00 -2.521750515084269839e+00 -3.826405056807707372e-01
1.957556660886113686e+00 3.060821280632856745e+00 3.367309700882218371e-01
3.365757548070924532e+00 -3.226054443704978514e+00 -3.382284953586947918e+00
3.584495360878323655e+00 -1.656849309287445005e+00 -3.664711959644380568e-01
8.533694876789413852e-01 -4.781822358391655259e-01 -2.816842083961495824e+00
3.243215470962489633e+00 -2.842829662089694231e-01 -3.850599610415058383e+00
7.756523881483319560e-02 -3.569890920036860926e+00 -3.119526204305797634e+00
2.924578508276956423e+00 1.653631605390396997e+00 -2.965135865085039013e-01
-1.133061468532557958e+00 2.091356197899691516e+00 1.367068442571018672e+00
-9.659876504368464234e-01 -2.215523380148514576e+00 -3.005748915539477206e+00
1.643736227083136159e+00 5.444479108816608903e-01 2.814769361998259001e+00
2.369181203406137914e+00 9.607384196615629257e-01 4.010894796320250144e+00
7.233604076384897441e-01 3.085578835562364119e+00 2.356065092445561060e+00
-1.571547467222067285e+00 -1.259965345904245082e-01 -7.219242274674109172e-01
-1.434421101069185855e+00 1.428174656111773411e+00 2.819814951033199790e+00
1.690102181076388987e+00 3.513846086769668364e+00 1.225015383966732374e+00
-3.613255778612066926e+00 2.038709590195995069e+00 -1.892923905821908503e+00
2.731863022019490828e+00 -8.792343725755830119e-01 3.903209371997491850e+00
-6.843771628363695680e-02 -1.415217799726902426e+00 5.588453820938120709e-01
4.651366810430491161e-01 -3.611721939903814071e+00 -1.519111179707609116e+00
2.519437128951663940e+00 -2.045214179957536960e+00 1.147318635462433400e+00
-7.907186853352384803e-01 5.545429500573658688e-01 -3.562992991737189641e+00
1.893034160531383847e+00 -2.014505708966097597e+00 -3.170977225042930225e+00
-6.633338888590009086e-01 -1.107727434935826261e-01 -2.746464508907874968e+00
-7.818040895416055180e-01 7.393432103962270796e-01 -2.545174884235631207e+00
-3.872822761302817440e+00 2.935058545953666886e+00 -2.632155920944573846e-01
1.666743386371245528e+00 2.199655563138824377e+00 3.982080199100572759e+00
-3.087982019581373194e+00 2.428053034927986076e+00 1.235175841898890736e+00
-3.977025701614565367e+00 1.425052229107153678e+00 1.906496566222600553e+00
-3.395983525259037794e+00 -1.156888893739943663e-01 2.511719699540372108e+00
1.001917646011697138e-01 6.282266245627414758e-01 -2.345035876067280700e+00
-2.573527453054807790e+00 1.992857208290323756e+00 -2.880383488798607061e+00
-1.368223287607622352e+00 -2.155594181390652953e+00 -1.359680152278601728e+00
3.500983075346321360e+00 8.012691391231426818e-01 -4.068495456786490827e+00
5.823126741374748949e-01 -3.483909637639607482e+00 3.354521875803031516e+00
1.979706926390123023e+00 2.705722532047082574e+00 3.162534187095476845e+00
-3.912082752175200628e+00 -2.437451652342207620e+00 -2.707186438712678278e+00
2.451340837097128578e+00 -4.102270076978510538e+00 3.784890115565851421e+00
3.134627502999290938e-01 -2.271298244736206673e+00 3.772942662513831258e-01
2.542166469650908756e+00 -2.925385844191409346e-01 -7.491702237083962546e-01
-7.908269445630325412e-02 -9.603172033329486768e-01 -3.382197583658203222e+00
-1.112479137820313602e+00 -2.469152220572494727e+00 1.649620272588702363e+00
2.888042239723970006e+00 1.460085409884776642e+00 -2.128195131462300438e+00
2.792861155949824870e+00 5.302892714229071602e-01 6.202890745085483104e-01
-1.685223284878801242e-01 -1.793446817113036218e+00 -2.750445668209277272e+00
3.402291177375643128e-01 3.438360397102096844e+00 3.143446817972360030e+00
-2.402320935569519200e+00 2.087057798338973758e+00 1.768916808404785934e+00
1.997582935995152020e+00 -7.792416992393589315e-01 2.481405617076186676e-01
-3.705057284932175676e+00 -2.064941688822789168e+00 -1.072146511333506025e+00
2.515054577996913565e+00 2.706035423005522578e+00 -5.655331247350584567e-01
5.142783909945505272e-01 2.122639694526350151e+00 3.880523306883163936e+00
2.662703089657974420e+00 1.836780196431732071e-01 1.960532115830425193e+00
-1.808029589912340640e+00 1.590875743925947328e+00 8.834034218483008960e-01
2.989290346911879087e-02 2.357861814769724784e+00 -1.899067160993259229e+00
-2.246668590515663588e+00 1.758583510071587641e+00 -1.239714681194979073e+00
-1.551783603770879427e+00 5.780540123485620185e-01 1.021264133432258303e+00
8.051594397627072075e-01 -1.837073822005724777e+00 -8.653293967468528303e-01
-1.239773477378140365e+00 1.233892852341002211e+00 -1.847496223855970898e+00
-1.878054176878348747e-01 -7.517036639926091834e-02 -1.447367633827571609e+00
-2.916369593082480893e+00 -2.188239796503974155e+00 -2.508729681808694156e+00
4.034238357161918920e+00 3.882544251814237235e+00 -4.334597969323156219e-01
1.332951000555459453e+00 -2.828703286173484877e+00 3.113150495281992836e+00
-1.623544513549222135e+00 1.701095183719759651e+00 1.978948332187617121e+00
-1.235406950030023543e+00 3.231421660256575290e+00 -1.117028776339706209e+00
3.475205245178983215e+00 -3.680381010563051447e+00 3.685866976607997392e-02
2.233256357157441752e+00 -2.441959758745362863e-01 1.123990736482649133e+00
3.604926018029344981e+00 9.207398656152249172e-03 -1.082430135235951552e+00
-7.127563059204599094e-01 -4.990949248300936003e-01 -7.324670060009854655e-01
-3.807418910063500306e+00 -2.864854729274077361e+00 1.481754462933072558e-01
-1.191132936851562407e+00 2.826005504423217296e+00 -2.413489953697128154e+00
-3.387396931365206143e+00 4.752536014094188022e-01 -5.709136224917908953e-01
3.914128908958703246e+00 -4.036503882727660475e+00 2.266154016066086907e+00
-1.007566706707745841e+00 2.746671997345343286e+00 -3.392882535968209101e+00
3.260251829813717084e+00 -3.279039925519269261e+00 2.769689350433073738e+00
1.735142684275615244e+00 4.064621866075587064e+00 2.665306122477869355e+00
-3.224711063151633472e-01 -2.364908579068417449e+00 -1.951899992051030264e+00
-1.441671213736733792e+00 -3.076436904905661240e+00 -1.684156506498969419e+00
7.199158019973989076e-01 -4.090011214658377803e+00 2.391677138442370509e+00
-3.234331123910243910e+00 -2.536114603913137255e+00 -4.209496885341703631e-01
-3.673761613291229189e+00 -3.284814149450292486e+00 1.568768943041145780e+00
-2.622976575439370794e+00 3.216165133250058705e+00 -1.824254106176087797e-01
-1.864936273227494556e+00 -4.691749535400046023e-01 2.981146893945516574e+00
-1.500177427159959942e+00 -1.191734305877890865e+00 2.371775448826729082e+00
2.147026258319307601e+00 -2.934818071013645113e+00 3.160230826181892549e+00
-2.209602289678459730e+00 -2.774581036476155393e+00 -3.581354089311702626e+00
-1.711434955255831669e+00 1.119587472555462870e+00 -2.714687071850033218e-01
-1.220482407217089671e+00 2.211574611238593668e-01 3.495939128619127700e+00
-1.134141367845392434e+00 3.200957430564031814e+00 8.942125680381016739e-01
-3.981633750845224196e+00 -2.491630896097572379e+00 2.697830205361480882e+00
2.732887171315952379e+00 2.969013707142861058e+00 -3.002433707378966421e+00
-1.779309152947387673e+00 -2.111813410092412191e+00 -3.917703123163908341e+00
-3.080153350727986794e+00 -3.097063056949079574e+00 -2.802804366908665301e+00
-1.839321165812352055e+00 -3.670668571973911831e+00 -1.087739235480647548e-01
4.340185260214856067e-01 1.421881708722288806e+00 -2.952603438704123562e+00
-3.308402840610783269e+00 -3.897147302504530675e+00 -1.738336575821621155e+00
-1.681943041494854407e+00 2.038325635090375787e+00 -3.727888106328888007e+00
1.567097719473649953e+00 -1.523606202088101824e+00 -4.474473156446339694e-01
2.021449679903411845e+00 2.071507929480283394e+00 -7.138854706672628780e-02
2.910760089664616856e-01 -2.164236518777347573e+00 -3.565353323459457435e+00
1.950446407100619339e+00 3.179629140483438920e+00 3.931858102135523669e+00
3.407595646259026445e+00 -1.036768551239637182e+00 -1.151065540822338029e+00
4.014102933476206836e+00 -2.778022351527952960e+00 -3.728148642019631698e+00
2.384638461908528961e-01 -1.404575402806007345e+00 2.653867616241362803e+00
2.014573005265401395e+00 1.097207545915823257e+00 -2.516844729477428100e+00
-1.405307909567433233e+00 -1.453368770889809536e+00 -3.412751318409476209e+00
1.493514241657628583e+00 2.361334398076012642e-01 -1.503580208867505652e+00
3.607647591702728196e+00 -2.839785548143735738e+00 4.364034372186433308e-01
-2.071798184071860671e+00 3.947374781882747374e+00 7.297988226053194749e-01
3.835852137680933804e+00 3.745835814834583277e-01 -2.520287973495078049e+00
3.963057803265166434e+00 -2.130694866909364382e+00 1.781288695814025935e+00
-8.660080940598258170e-02 2.827830334250328370e+00 4.005857477435957215e+00
1.494357855745124475e+00 3.429196774827081740e+00 2.048129013196229753e+00
3.408465051603237761e+00 2.811144764866624346e+00 -8.815391184861916252e-02
1.355730244854455258e+00 1.067269010931614748e+00 -3.125911755704375405e+00
-1.802803288273377325e+00 2.709452119577159479e+00 1.391827657068327007e+00
