8.220706914434900980e+00   8.220706914434900980e+00   8.220706914434900980e+00
500
3.527726415694891760e+00 1.520829143239964987e+00 -1.145284151694782704e+00
-2.014533820498193073e+00 1.807730442308137953e+00 2.045646326464445330e-01
-1.536964608418891487e+00 -3.015000377499993611e+00 2.200859722640572613e+00
-1.708708144909619753e-01 -6.113631462452742138e-01 2.301544841461601987e+00
-1.405479162069412258e+00 -3.496299440606779108e+00 -2.989702674803293547e+00
3.267504363738059858e+00 -1.652139571985064226e+00 -9.203328969134866311e-01
3.746781447953538180e+00 3.528825738921370192e+00 -1.596364048798397217e+00
6.986629244536274319e-01 -3.232419532598961975e+00 3.992305855506671719e+00
3.375072228407871133e+00 2.358399892465868675e+00 -3.955761056872168169e+00
3.982225400272966453e+00 1.619897862924000176e+00 3.439967785660273947e+00
-4.539582288154886403e-01 2.331846484844882106e+00 -1.237244159711845093e+00
2.582479263721670470e+00 2.073148411893495080e+00 2.703865228292857914e+00
-2.814159190557499746e-01 -1.638875611595465465e+00 -6.665577413680716656e-01
1.695197623665040787e+00 2.746964446882430799e+00 1.863859254181422509e-01
-3.375461906413214752e+00 1.930728022033323388e+00 -4.033374687268969971e+00
-9.887306786627898525e-01 -3.739483401974583732e+00 -3.479654260091989415e-01
2.597145515049590347e-01 2.354925682366812989e+00 1.417881876564053512e+00
-3.908359155327582712e+00 -2.303917222746832305e+00 1.684246026885700021e+00
3.212438153015888087e+00 -9.966400622959378230e-01 -2.894518101042046432e+00
-2.530497246144828072e+00 -3.293263196793734249e+00 1.613139916645212280e+00
2.193418338954774338e+00 2.868949343299734611e+00 -1.105577641005235368e+00
-3.519584567041772249e+00 -1.172700619321163540e+00 1.428290391899810441e+00
4.851159616369717376e-01 2.543907236083362999e+00 -1.591306499865856372e+00
4.089275772167198397e+00 3.051514916991776349e+00 2.605581785004274842e+00
2.968212436912046392e+00 2.913289373035063967e+00 2.396796319592733759e+00
-1.475899865128918798e+00 -2.649483413798748632e+00 -3.999070310395192784e+00
3.862782666337074122e+00 1.473402245567337232e+00 -2.240571422331607998e+00
2.229955390480819588e+00 7.842865112458685672e-01 4.017649131879669433e+00
-1.863005628778457545e+00 6.224714575897988267e-01 -6.240825662349616110e-01
2.594925529475078374e-01 -2.659306641379629799e+00 -3.248924534214519433e+00
-2.436279597661220819e+00 -1.562342640831174689e+00 -1.939508764035015931e+00
3.913475633279512866e+00 1.793377488450002444e+00 5.462670333596728600e-01
2.872981343406272536e+00 6.765927593955650687e-01 -1.008546332610332552e+00
-2.120769491265969364e+00 1.854591732285574723e+00 -1.851964730212370513e+00
3.290818381321698016e+00 -8.753517074109433693e-01 3.385650323892250846e+00
-3.060086306120589406e+00 -8.930548253977227402e-01 -3.887358051967754413e+00
-7.232746135292807965e-01 1.282412101280614891e+00 3.955426797760401847e+00
-3.108053391647740860e+00 3.677132798623421461e-01 -2.948175670381719682e-01
-3.328942767560228333e+00 -3.602907263300811347e-01 -1.748887533135045746e+00
-9.804189310066724339e-01 5.658834901804609130e-01 -2.753916864555166821e+00
-9.357549743480795268e-01 1.685667569493042750e+00 -2.701436778316704146e+00
-3.549145802082432688e+00 -2.308706648443460629e+00 2.829692835231353953e+00
4.089089960942874136e+00 -3.528607778225757996e-01 -2.647588058550766288e+00
-3.658829526661620424e+00 -1.260593666228119747e-01 3.047206255103789285e-01
1.787142330405391277e+00 -1.117751603894103329e+00 -7.607777362868212156e-01
3.171239745172738989e+00 3.141522133493525271e+00 -3.292479085723103882e+00
2.929380031570524956e+00 -1.433991198061462580e+00 2.578802104795936412e+00
-2.767477815419382647e+00 -2.304946971541555367e+00 1.876916526012633257e+00
-3.920292849647079692e+00 2.750168944870360566e+00 -3.715066922036088570e+00
1.126831542147308074e+00 -7.889166001194741762e-01 3.999027669841485721e+00
-1.505182641852167436e+00 -1.627147410552076900e+00 2.794297625374440042e+00
-2.570661586568325330e+00 -4.939825286615441846e-01 -4.350007988281547333e-01
2.650863518127989593e+00 1.898208804825832541e+00 -2.090772899520176309e-01
1.865160897419821717e+00 -2.039714147676935596e+00 3.662396082153806631e+00
-2.330544664159309054e+00 -9.050903012051683683e-02 -2.022328544753178026e+00
-1.955927869779811479e+00 -2.955798323349780876e+00 -1.995435743565887821e+00
1.356326484744305949e+00 -6.241369425327748521e-01 2.907562355386761777e+00
-3.191097280080749776e+00 1.894999997121109336e+00 9.319099742103444939e-01
1.223322161509863060e+00 -2.763173488822960877e-01 7.811400622527535642e-01
-1.088039485446242960e+00 3.311774131405661681e+00 -3.200942905819708972e+00
-1.346110968735768632e+00 2.887125353166688502e+00 1.522213117471551191e+00
-6.243257233063654876e-01 -7.428726474143754199e-01 3.752105576305726942e+00
-3.124012787272657521e-01 2.728278883902765184e+00 2.439564308912684165e+00
-2.485882698387420486e+00 4.032268841740599186e+00 2.526032661022537429e+00
1.331038091302388704e+00 3.762128350639444285e+00 2.548447134114249835e+00
-2.796598733120635671e+00 5.325201719112714338e-01 -1.245662238548010503e+00
2.360109921287321388e-01 3.653506680695050690e+00 -3.198142456544256440e+00
-3.574364821453927643e+00 4.093079051256694356e+00 2.804597783687399648e+00
2.479337093459376806e+00 2.697313232570241137e+00 -2.587978122726596109e+00
2.988484838881288574e+00 1.152660344843400075e+00 3.196080362463421309e+00
-2.642237666639427607e-01 4.050779060875478343e+00 6.023514900258496452e-01
-8.879872358989056025e-01 1.042608566152462224e+00 -9.566877468348576885e-01
1.516983461200423489e-01 -7.660857233371943797e-01 9.125318693741832354e-02
3.135554229031139784e+00 3.858206815859369088e-01 1.330593905675241828e+00
2.949696100940179533e-01 3.887841200971598798e+00 -2.445644969922128875e-01
2.184743645916261467e+00 -2.693238601104391616e+00 2.846690737146616801e+00
-7.692325502954983074e-02 -7.049776600377852809e-01 1.162696067495243790e+00
3.188232334378039656e+00 -2.656258457182301580e+00 -2.469478566314629919e+00
3.714661502114969149e+00 3.977140328528413260e+00 2.402070755853631390e+00
3.148089148080370769e+00 2.596459753086093336e+00 -8.379869573876111977e-01
5.233576341324719383e-01 8.599479914022956084e-01 1.675137743528563178e-02
-1.135460133479610362e-01 3.612750609560230863e+00 -2.239991178535354344e+00
2.605770206689902446e-01 2.277568283615777622e-01 2.787571712718321049e+00
-1.973760473093370882e+00 3.616036390249508958e+00 3.334796151669458641e+00
7.385234268908457134e-01 1.344117462489448078e+00 -3.212525196685202200e+00
1.126241784678638336e+00 -5.624752252639309003e-01 -3.121710838560779688e+00
1.853007160272872600e+00 -1.738182764964387284e+00 -2.779361749990995334e-02
3.206833364330890390e+00 2.161122278098993377e+00 -1.968257351835715818e+00
-1.769498514147401114e+00 -2.417845747591601757e+00 1.470270827221234811e+00
1.733645486910616373e+00 1.234522289880302326e+00 -3.365899429794164899e+00
4.010751209584020316e+00 7.755600696343122324e-01 -2.973842289330919542e+00
-1.106920320959299930e+00 -8.920231063402099814e-01 9.908701235773308413e-01
1.697744248856993599e+00 -3.043239159230702207e+00 3.902332225539362209e+00
6.308707358977749813e-01 1.596640433990870189e+00 -7.623033090947263224e-01
1.035032545385549563e+00 -9.810624619475205588e-01 1.652606360030718147e+00
-1.001015749434733371e+00 2.024904739001713860e+00 1.101341836151648268e+00
-3.115057643487198824e+00 3.890240187918516224e+00 -1.529850204482850362e+00
1.819864001292797573e+00 9.963915571007238292e-02 -1.000035813831551712e+00
3.468740031520583855e+00 -2.512261949697955465e+00 2.461903353649190773e+00
2.202595457652075872e+00 4.026244520614767453e+00 -1.368213743696737650e+00
-8.571927236212351087e-01 3.904934493900565684e+00 3.457892109963116578e+00
2.269703057226605480e+00 3.536116275400975173e+00 -3.204827971819820820e-01
-1.386759744957164031e+00 -7.110739841940465489e-01 -2.038265320244388779e+00
-1.184259084776467130e+00 -2.938557832356019972e+00 2.390291573316930540e-01
1.697592578046885459e+00 2.137421385569066246e+00 -6.276498795629361638e-01
5.124670542982585897e-02 -4.044113772169478871e+00 1.533792425368413648e+00
6.204666507869444070e-01 -2.689263946297532626e-01 -1.324927131654964452e+00
3.775718417315967024e+00 4.065391696580707759e+00 -2.514490316581580842e+00
-2.332374404276604807e+00 1.852843431882916558e+00 -2.923345748763608754e+00
3.012965330054459212e+00 -3.758524045884318543e+00 -1.919905918256387345e+00
5.598591804036806563e-01 -3.743436652913097795e+00 -1.461246754571997153e+00
2.058953598034113153e+00 -1.013638517166701281e+00 3.662346988426598227e+00
-1.364045001970882964e+00 -1.842403708223230074e+00 -2.233938873274026626e+00
1.931619561250485173e+00 1.437839841446391986e+00 3.312986640628072799e+00
-2.241628950059876502e+00 5.785823268809382469e-01 1.104584224505985146e+00
2.020319295736034970e+00 -2.359633564382477733e+00 -2.400171249438458165e+00
2.623775519574365500e+00 -2.518280980000788816e+00 -4.425593213882866306e-01
2.501647307434389234e+00 -3.318915952823300874e-01 -3.065900035831554127e-01
-3.075313541812474405e+00 2.677877875840550370e+00 -3.246511405241751635e+00
-2.121704722548747757e+00 -7.621075584706673567e-01 -1.273223226501505989e+00
-2.698408032718029759e+00 -7.769258088527373207e-01 1.870100187871822639e+00
-1.997583016495540598e+00 -2.319804869701346917e+00 -2.978344527557877264e+00
-6.387109854131292064e-01 -1.380991131391426041e+00 1.813910358407781587e+00
-2.918080468183053444e+00 -7.169546309922745220e-01 -2.643696588642021172e+00
-4.078352679868330277e+00 -3.392107266299912438e-01 3.733800912821430451e+00
1.854572470125462225e+00 -8.736086738236685800e-01 -1.836519355381973639e+00
-2.210816481502803743e+00 3.215919335748955277e+00 2.027548856657123366e+00
2.544230757094075313e-01 2.571683688732481876e+00 -5.258772554564802304e-01
1.320003057816740988e+00 2.486350039639931619e+00 3.767032412162866439e+00
1.175770637438593003e+00 8.789534686810183128e-01 2.779871007789189719e+00
-4.031272453795253785e-01 -1.378408715880546254e+00 2.954932748020263844e+00
3.286440080540350195e+00 -6.784587200288202391e-01 -1.822178896065747677e+00
-1.013891662980631825e+00 5.521350363116789284e-02 -3.664234710984829668e+00
-2.810524022762867169e+00 -9.246266420513082895e-01 3.211756519896993733e+00
-2.384609947216310921e+00 7.345123245647242616e-01 -3.270257122862339383e+00
7.487919929434545541e-01 3.467600748892636808e+00 5.552097382335280384e-01
4.977131706490711127e-01 2.208990502767635533e+00 -2.567844962587773505e+00
1.666116555149235456e-01 8.336980313236107554e-01 3.554461907736004456e+00
2.169423429857069152e+00 -6.698478155082856489e-01 -2.796177508605240725e+00
1.399826673796525256e+00 1.399727927870195732e-01 3.537024206060905840e+00
-3.778021341431140545e+00 -2.804661697313064472e+00 -4.055816386449032862e+00
9.796068114569808638e-02 -1.810104428339696758e+00 1.221316633957467479e+00
3.381785560760580123e-01 -6.159088019395753122e-01 3.301873148449848028e+00
2.725862095758341930e+00 -1.758410280785827284e+00 -2.008987673270112850e+00
1.430811858129215297e+00 2.875635104669804765e+00 1.829787153076603667e+00
1.280109455973825527e+00 -7.963723879180031884e-02 -2.099415966212924811e+00
-1.343504830939646455e+00 3.457991777122004340e+00 2.438646381939157060e+00
-3.946055746141253540e+00 -3.257588760107615222e+00 -6.747036490582827839e-02
1.960269304447737504e+00 -2.470786571671496346e-01 -3.803711917329984704e+00
-1.690533444713738120e+00 9.106365736254303789e-01 3.724907148037474691e+00
-3.412225716838914291e+00 -1.404714259182557212e+00 2.412280246083480684e+00
3.046486419934865353e+00 -4.036678204707711437e+00 -3.092129475048381870e+00
-6.493058348672396951e-01 2.690799616348331202e+00 4.605505538495953122e-01
2.680474485264740636e+00 3.576328117060914025e+00 -4.023807533786723845e+00
1.819954719878789318e+00 -1.252773894613234296e+00 -3.584525576628403876e+00
2.243249716883145339e+00 -1.273198288308988957e+00 1.687845619692012189e+00
5.522280090103165451e-01 -2.679372717025283013e+00 -5.493116712408171454e-01
-2.987908222435568806e-02 -1.437459868360295934e+00 4.017458242638874744e+00
-1.954168855540338701e+00 -1.155009610561388955e+00 -2.780183821123139332e+00
-1.815540349005854814e+00 -3.409311850823634416e+00 3.306902960377694711e+00
-4.070740788741421312e+00 1.410604844438299921e+00 1.518837285219386546e+00
-4.815289407196168825e-01 -2.847453769547716895e+00 -7.266588927696333577e-01
-6.354709625259100658e-01 3.594077307602026039e+00 1.434988481733549204e+00
-3.060161267401687368e+00 -3.016425870535655918e+00 3.407502669554623331e+00
4.496656854537209314e-01 -3.398122096389522007e+00 9.562154655585927143e-01
1.224587291732825545e+00 3.676726991959711643e+00 -1.338960147981868909e+00
7.511968705370656307e-01 -2.706786279327398237e+00 1.657344147534885348e+00
5.269822084527899797e-01 2.278562675987829203e-02 4.099257724476316866e+00
2.972003138297822478e+00 -1.925565383254042029e+00 3.496247413768203582e+00
-1.465285418013720919e-01 2.059178133042189329e-01 4.110797714054312268e-01
-4.081491729018043912e+00 5.611928408223922915e-01 3.304353223103595028e+00
-3.789562602503846467e-01 2.480395203656330594e+00 -2.305366387009955886e+00
7.130750006018790055e-01 -2.211589164960125142e+00 -2.481077256888212013e+00
4.728455110906724934e-02 3.465392298388510373e+00 -1.161260475717440510e+00
1.898348862401595172e+00 9.357608893847059184e-01 -1.657627204357261963e+00
-3.820794661042516083e+00 3.814923506162305689e+00 3.759226726680937603e+00
4.596088055031760655e-01 3.266592963841135511e+00 1.712389515069528523e+00
-3.833140631060418801e+00 -2.369910201325459820e+00 -1.803571621285700255e+00
1.243498578532619359e+00 1.267299468829385045e+00 4.020447877315317164e+00
-1.073310472834656748e+00 -1.260326587020076827e+00 -1.256640980598439761e+00
1.404267179071827742e+00 4.091269321300933015e+00 -3.285548045612149526e+00
3.078372638188176413e+00 1.382106230990530316e+00 1.078611529894501597e+00
-3.619385886619804094e+00 -4.820917242659837898e-01 -7.087536530832556636e-01
-8.472436994296530521e-01 -2.214876145778740923e+00 2.293113496512581229e+00
4.042358383428462432e+00 -3.558248111107784162e+00 8.488046291560426004e-01
-1.977732253313756017e+00 2.708532556891060761e+00 -3.488096704802215342e+00
1.632536966629660080e+00 1.051256521276779099e-03 1.947257160558769407e+00
-2.986635764838592610e+00 -3.970883972810122398e+00 9.582272950242370912e-01
-9.163877147016253888e-01 -2.590450335233362544e+00 -3.065045477944008834e+00
2.126696534743625744e+00 2.889098831304520942e+00 1.189183357852429346e+00
9.594556462295512622e-01 -3.607131076895778943e+00 -5.449446928820107783e-04
2.797226751985090853e+00 3.418776151052210110e+00 -1.878456679937823948e+00
-3.923713129862879789e+00 -1.027295890561915614e+00 4.425203789798382581e-01
1.612612816879397531e-02 -3.488806898163768544e+00 3.206188989734436223e+00
-2.977801242720186536e+00 -2.031141853548373177e+00 3.671464267542207782e+00
-3.657794394907207813e+00 1.907458200471664922e+00 -1.555586892505400387e+00
2.571522198399958548e+00 -2.139199093001282304e+00 6.642373646754181626e-01
2.631987031710115055e+00 -2.281274543798480714e+00 2.057878902362867191e+00
1.305664715947410404e+00 -3.529303207347636029e+00 3.121166397952725990e+00
-3.484803419167040506e+00 -2.400667752268796917e+00 1.012953438566758790e-01
-5.745719508052965496e-02 -3.250724472272109367e+00 4.215094232827666654e-02
-1.687763848331837790e+00 -1.421395296786294615e+00 1.804703590997754015e+00
3.947765188829352567e+00 -9.965025477691705769e-01 -3.713329536893021920e+00
-3.950120902493751363e+00 -1.554674241663885459e+00 -4.620332391675554540e-01
1.110105243022742494e+00 1.407526809001644175e+00 -2.145697157139755618e+00
-4.097372548073573206e+00 3.621287726442181221e+00 -3.333703782204660904e+00
-3.410354473097048089e+00 1.100809598755430718e+00 2.608146372523750145e+00
-3.790631050138891567e+00 -1.276223012036860505e+00 -2.955021189193021591e+00
-2.005244760701412776e+00 -7.876071871427663407e-01 2.571481089743015591e+00
2.892890472177992223e+00 3.350012675729888034e+00 8.176710786657279684e-01
-1.506431163502382153e+00 3.591310471179931074e+00 -2.279515076088666881e+00
3.258836463865008248e+00 3.780047496077545421e-01 2.607042865538656606e+00
-2.136142610687542298e+00 2.132883753274494865e+00 1.284183068294529884e+00
3.331690286629785280e+00 3.506170748427514638e+00 -5.976378131266869564e-01
1.132393590199409550e+00 1.639663696819609884e+00 6.485672473250618519e-02
2.230658714404416987e+00 5.351731530969893180e-01 2.699672702731948259e+00
-2.153334881478390361e+00 -2.301246922440511877e+00 3.164810237639093415e+00
-3.276142902308196714e+00 -4.081856763111470165e+00 -2.775300271212614245e+00
-2.672779804167227380e-01 -2.155652073612905006e+00 1.695949442800263607e-01
-1.125973636402950034e-01 1.409783905851628383e+00 8.042930492533342246e-01
2.933307330546556235e-01 -1.366441100292066446e+00 -3.229750285737290838e+00
1.830999103226438329e+00 -1.726939265063044404e+00 2.734737012662016742e+00
-3.889315014050505948e+00 3.514105435277007139e+00 1.018502828005202199e+00
-2.942294742232145349e-03 5.165573111611775348e-01 -7.756861973204335348e-01
-9.112142328102923461e-01 -1.760698194244832315e+00 -3.730304773421920128e+00
-1.087147011504480121e+00 3.591574235066394838e+00 -1.298047396239831341e+00
-3.092868998389930013e+00 3.421036698303067114e-01 -2.575458231259831976e+00
-2.859460051939156422e+00 -4.024497525650835072e+00 3.467921907616702271e+00
-1.509435819788480959e+00 6.724789792643286190e-03 3.071360284609944369e+00
2.918410169391253195e+00 -3.953065312185097824e-01 -3.596551850222569513e+00
1.407277616768919160e+00 1.109600619566543322e+00 9.219881459691231518e-01
-1.526063437538725420e+00 2.471533669743218198e+00 -2.350369619215195272e+00
-2.648206135308748266e+00 2.639957041557826845e+00 4.215504952738292621e-01
-1.140732788137434728e+00 2.918097426299291364e+00 3.260295996041945976e+00
-1.431099957960129565e+00 1.212137286284769244e+00 -3.472993381846186001e+00
-3.542949134516447884e+00 3.961060451793353199e+00 8.200870852369369912e-02
-1.840521024499235825e+00 3.662850823987574334e+00 -1.840446059818678926e-01
4.011786698550904973e+00 1.800679032273707847e+00 -3.464443750854470316e+00
-2.511295801618118162e+00 -3.004999770780308666e+00 2.558882558621714320e+00
-2.404399614259577600e+00 -2.401054913734515406e+00 -2.589869047931951385e-01
-4.855268983389023074e-02 4.082566954996017294e+00 4.093943998628881253e+00
1.960081298229351954e-02 -2.443159067617673319e+00 3.724699645664924841e+00
-1.674376743305550974e+00 -7.789438033235115966e-02 -2.841064395333702919e+00
7.603198685356050701e-01 -1.768862873700931981e+00 -1.122105194369299036e-01
-2.819768166446279256e+00 -2.431852495951513315e+00 -2.196199893249061841e+00
2.482964809039252874e+00 1.801253303453640653e+00 -1.290822303006611715e+00
-9.281794535499133803e-01 -2.292712014274393972e+00 -1.477083008750094795e+00
3.590076841268875718e+00 3.050743935520194405e+00 1.667088824105558142e+00
1.677005404887488949e+00 -2.867908256882725659e+00 2.290918067679906245e-01
3.937171053154103539e+00 -3.247763816476829657e+00 1.855525686489069681e+00
3.321513455860879205e+00 -4.047910369647809148e+00 1.376772035226651480e+00
-3.628530247803043896e+00 -1.901070109852283974e+00 -3.718606924656420620e+00
-1.030033207667649942e+00 -1.166659751019551772e+00 -1.983607732997909323e-02
1.323990075431492386e+00 1.900330020174395784e+00 2.455604109135492763e+00
9.667450238609064384e-01 -1.553084833970751921e+00 3.336115111466115390e+00
5.879500132675848922e-01 5.753842584583129804e-01 1.022418801521015386e+00
4.048384256665483960e+00 -6.438838444346158818e-01 2.629755589097968027e+00
2.229350832755464751e+00 3.713111414059487636e+00 -2.760813493666267160e+00
-1.136132097082120707e+00 -2.128713601998253324e+00 -3.845724126363754825e-01
-1.630829380189635858e+00 1.937881476806836867e+00 3.558613710428884414e+00
-2.132639878454905880e+00 -5.971561355728369214e-02 4.109247646314846847e+00
3.327285642585511738e+00 -1.479257997641148625e+00 9.205264899509300047e-01
7.230562641057606266e-01 2.962380944881916278e+00 2.594378459053009678e+00
-2.254910021133674114e+00 1.681007878167781744e+00 -7.812263297543677876e-01
-2.422013037838777638e+00 3.746753118276011651e+00 -3.264401393330767398e+00
-4.059566306454422957e+00 3.612059799733993160e-01 1.987031288525301864e+00
3.945136605939413510e+00 -4.929480082738185165e-01 1.231028928571899383e+00
-2.346720949512124677e-01 -3.020435068009355906e+00 1.895554733790914215e+00
1.039249618405813091e+00 -4.070042741521708030e-03 -2.539919782867368081e-01
6.145159954431760330e-01 3.923768130588011882e+00 3.395892901731609737e+00
2.253685083265045463e+00 -3.797800822737594117e+00 -3.865555866425289366e+00
-1.767247083896855919e+00 2.699275394163575648e+00 -1.144739614178351017e+00
1.769708254376182843e+00 3.135344947512755720e+00 -2.075710885924333837e+00
-2.709917719744605602e+00 2.232995671619791844e-01 3.244798608136689744e+00
2.363015580890585721e+00 -5.683880297820336214e-01 2.545970962588149256e+00
1.545388633564763747e+00 2.250449235468220621e+00 -3.054525165738451786e+00
1.656864440172487685e+00 -2.528004452457472517e+00 -9.002807057632753462e-01
-3.059482551466502720e+00 -1.273433964640242833e+00 -1.126319299650233363e+00
3.521508183362860311e-01 2.314813782019407906e+00 3.279682519919523198e+00
7.966005205678429180e-01 3.275728578604319097e+00 -4.013106725854926893e+00
1.244489946246043477e+00 -1.260209477043224835e+00 -2.506985954695682306e+00
-2.969023231587048173e+00 -2.418749160978632684e+00 -1.057619338476267767e+00
-4.032028775173137625e+00 -3.501034855131873069e+00 3.488362235015801005e+00
2.615636386731952645e-01 -2.514990112083458129e+00 2.613215784234057537e+00
1.913988508286860402e+00 -2.590348749084663282e+00 1.310307256763675543e+00
1.224679701141444310e+00 1.975889137102692983e+00 1.429171562028250353e+00
2.650012075579445625e+00 -2.102169126793974829e+00 -3.240728796172080539e+00
-3.359041836014327487e+00 -3.349489207335454299e+00 -1.020521819478397818e+00
3.355210474937403653e+00 -2.534545054565997990e+00 -1.458307163327163813e+00
3.726066367719067074e+00 -1.573021473552323801e+00 -2.171720921989206854e+00
3.448904266878068281e+00 -3.202052079101931792e+00 -6.987589156916044209e-01
2.872772838401586259e+00 -3.223374586174846179e+00 1.715026933476129001e+00
2.268339309328017084e+00 4.881435619390613323e-01 9.682706807533204563e-01
-8.876990665048422047e-01 3.339046732180633303e-01 -2.537589840468740254e-01
-2.448398139688547914e+00 -1.530729490839510154e+00 1.148499723641766446e+00
-1.447815138848310701e-01 3.775074123195951703e+00 2.527656623046691919e+00
2.463173962737010392e+00 2.538714573220318016e+00 3.831475679836611192e+00
2.327408747215182760e+00 -3.668699059523366390e+00 3.379888730316449763e+00
2.279598047756635992e+00 -3.233420234660926873e+00 -2.845956054330300411e+00
1.387308734369476992e+00 -1.907407472291219097e+00 -1.741525077095806395e+00
-1.247248701059237463e+00 1.117165196310440534e+00 5.661959632822126665e-01
-1.824981382035820276e+00 -1.925501657736422123e+00 3.789986950988739056e-01
-4.052295853383098834e-01 2.919473047756788731e-01 1.571610803483254104e+00
-2.877881206873413866e+00 2.285153307484868446e+00 1.996627074383815481e+00
-8.067498536606959592e-02 -4.790045567085748912e-01 -3.503821105601178321e+00
6.787270828768897646e-01 -2.547695392017701455e+00 5.883811027947103423e-01
3.683500881447469677e+00 -1.453997103644726563e+00 1.801776474059372246e+00
3.422210450350129940e-01 1.635581492595571840e+00 3.983143690255741554e+00
-8.544154748380062836e-01 -3.895316845819859708e+00 2.131305583173313867e+00
-3.385229731603327963e+00 3.739047465801731196e+00 1.830862800488083142e+00
-3.141251934249673639e-01 -1.804520644392330508e+00 -2.529906140236338974e+00
4.550228097626725643e-01 2.321783471397145249e+00 3.643338097413174048e-01
-1.563219583037016580e+00 3.694715573983879953e+00 -3.979192530575775599e+00
-3.986333502178881716e+00 4.105178185940751234e+00 -8.782500035398570493e-01
-9.810324754499590849e-01 -1.965356152681936308e+00 9.742949799772631092e-01
5.684673076024860938e-01 -1.340967108222941295e+00 -1.227143262936581047e+00
3.547570224207458267e+00 -2.367365728167637684e+00 2.446571840667985387e-02
2.118276922349195512e+00 -8.594735693615008776e-01 6.969751457816806273e-01
7.095034189078232023e-01 6.605034532318843077e-01 -1.603100535753546829e+00
-2.349024532079899696e+00 -4.083831884932243916e+00 -2.130039387780544580e+00
2.848937549233534927e+00 1.210086133248389206e+00 2.127993171446547649e+00
-6.546824083671691774e-01 2.856359171570320710e-01 3.517057837028041423e+00
-2.124028884911029369e+00 2.758844636725515276e+00 3.739901706818257843e+00
-3.813683536196172064e+00 2.561507634449203152e+00 1.311322491762972442e+00
3.722996442899807690e+00 2.868922906818785368e+00 -2.542714285157076315e+00
6.656521867005237292e-01 -7.264962755355747204e-02 1.744192581766421446e+00
2.133775083537337469e+00 1.710305746501565416e+00 7.801448221556070983e-01
-2.221163681670764056e+00 3.636480579532668234e+00 -1.250405755498130711e+00
3.798321030427216805e+00 1.112076093436494134e-01 -4.826490233430307253e-01
-1.932474020643516255e+00 3.342531720093037340e+00 8.004452544023002991e-01
2.752803395106545814e+00 1.027687597138945641e+00 -3.095474116417384014e+00
3.971539022106008066e+00 -3.293092516614958498e+00 -1.728708387315370354e+00
-2.992352035563796697e+00 3.169396178363929284e+00 -3.337426308106451467e-01
-3.214612724140586408e-01 1.242240949263653027e+00 2.748714152262254906e+00
-2.911534931668391391e+00 3.096446577154154944e+00 1.192966512028210690e+00
-1.895190772382452371e+00 4.760835813706262298e-01 2.045651152626140501e+00
2.915063877600329700e+00 -3.098283768934520399e+00 4.628033776281889056e-01
9.830723279552058269e-01 3.076371145051036926e+00 -2.779446198735450846e+00
2.347468097407879206e+00 2.108351920979764316e+00 1.690168545617441787e+00
-2.331107058623024031e+00 1.800741346863510950e+00 -3.969990343023739321e+00
3.204324494857806016e+00 1.319598102102057968e+00 -4.039214940324322711e+00
-3.869080131489563534e+00 2.604376850154555445e+00 3.437124650949401783e+00
2.591966305553429439e+00 6.430628268688198812e-02 -1.808644320237967618e+00
-3.761921595033533627e+00 -1.326551604186545275e+00 3.638255390286063040e+00
-1.976665333120048329e+00 -9.572147553050531776e-01 3.810462702610244445e-01
3.330337888247456579e+00 -3.099902924787462766e+00 -3.361692153568536678e+00
3.394688080539197905e+00 2.029640297898509971e+00 1.982213763440538568e+00
-8.005304525451706343e-01 -6.395775601069960681e-01 -2.867010925911027019e+00
-3.115056489693472042e+00 3.151129975455828625e+00 2.994249150535143400e+00
1.422751284540655581e+00 -3.308066872397586788e+00 2.079923487186938758e+00
-2.082598275196009124e-02 1.194629754751445283e+00 -2.490430399164051956e+00
-3.354115920247484173e+00 -3.223193284246579637e-02 1.390788687324423956e+00
3.838976603674689514e+00 -1.688427690960012439e+00 2.807432690456615809e+00
-1.635003935815740217e+00 -9.576495154463324777e-01 3.486557945484705545e+00
1.467670925292255957e+00 4.007216936347064440e+00 3.915746973316903468e+00
-2.391851231412359002e+00 1.274556592557247292e+00 3.056574444908540578e+00
3.201190768041480172e+00 1.953965482134533138e+00 -2.908491255214851190e+00
1.716302932955173555e+00 1.104078024529875357e+00 1.918520764688623981e+00
-2.773225968530248498e+00 2.610059431730153090e+00 -1.116034739363712225e+00
1.448565918680599252e+00 2.199100426959327503e+00 -1.608123372576352850e+00
3.419666686850175719e+00 2.702361935407598281e+00 1.633516891874743637e-01
3.384850628164060460e+00 -2.498735898018604740e+00 1.324546524285950655e+00
-3.446698155886843029e+00 1.657337349039721630e+00 -2.780559291696359292e+00
-8.972683524193010296e-01 2.980544283982435871e+00 -4.757952864854650410e-01
-1.206718628981128472e+00 2.293851501740783672e+00 2.405802618021515737e+00
-4.731554256877552045e-01 -3.792669428646206153e+00 -1.457633038126519898e+00
-6.343699696895738205e-01 2.089217688370462511e+00 3.272491658351149635e+00
3.160000174935577166e-01 1.899158696655918854e+00 2.323492350381131111e+00
3.827263261768037772e+00 1.230891033962278280e+00 2.518849032665124277e+00
2.928715700117533682e+00 9.784116473510343637e-01 -5.015100030990306268e-02
3.242967548503749686e+00 -3.394485645460395773e+00 2.950162645764023761e+00
-3.137882440994638866e+00 2.039443054507682263e+00 3.178044772534430962e+00
-3.008048860693304238e+00 -1.359933353831475067e+00 -8.488889684158208715e-03
-3.275850321138452426e+00 -1.954774933737667642e+00 9.576407969078121196e-01
-2.811172049860078737e+00 -5.440480078144510623e-01 7.123984433191392629e-01
-3.946948415300782109e+00 -2.519007379497057997e+00 -8.229379693955903852e-01
4.355235690717688124e-01 -3.628660445387748457e+00 -3.280225925840086987e+00
-7.706784580455751099e-01 4.046674946214551816e-01 2.457240072056662505e+00
-2.985582597176560604e+00 8.859053208462511209e-02 2.341120894621054660e+00
-9.344108230829130113e-01 -3.133360230135383784e+00 -2.152585947927942112e+00
-1.191864508013853324e-02 1.460339230232946095e+00 -1.528355679160717351e+00
-2.064238587411139303e+00 -1.817739861854562378e+00 4.061503346462068897e+00
-3.384101535377205927e+00 -3.170809588519478694e+00 2.205457509099989721e+00
-1.015003228619997921e+00 2.387937289120400042e+00 -3.958825991750013262e+00
-1.161791310145150247e+00 1.932595354092315088e+00 -5.361060423056740465e-01
1.666649346064456916e+00 -3.593273609082962672e+00 -2.055476247147860924e+00
-3.148173410246160486e+00 1.080717811749078328e+00 3.643245061148281838e+00
3.582059790813264311e+00 3.960834006175022015e+00 2.701538674894341518e-01
6.206422775372453238e-01 -3.772710021060120322e+00 2.339079774130611078e+00
1.877319358617101308e+00 8.496985344415113328e-01 -7.017312554980079109e-02
-1.676932250872573249e+00 -9.006186449918650583e-01 -3.703779181021403577e+00
1.239672727209671033e+00 -3.061543003592134937e+00 -2.834671124483354010e+00
-1.988509309768101252e+00 8.503865505727685459e-02 2.824426968941913252e-01
1.457504349609666017e+00 -3.506588797239682087e+00 1.005639203518051250e+00
3.306919061939715299e+00 2.808965457342218475e-01 3.885471726097002865e+00
-2.183372291083252925e+00 2.397949925200511423e+00 2.734103036656423846e+00
-3.965104056948658418e+00 1.024691611821062720e+00 -2.601307851112755892e-02
1.857295723369201124e+00 3.174326698432186511e+00 -3.507793698729831711e+00
-3.371478793471982982e+00 -3.059097143515463912e+00 1.184451456927822166e+00
-4.098624070417799636e+00 -1.190991875899565011e+00 -1.322319021433119968e+00
-3.074862224815637202e+00 2.331949643680486517e+00 -2.240683478371808146e+00
-2.335334267173849732e-01 1.803632936870514403e+00 -3.347550625654041490e+00
-3.054375512898278355e+00 1.254043383274727974e+00 1.735385386695716070e+00
1.098689241659739357e+00 -1.938265462750186519e+00 2.113570648070400182e+00
3.272740083787424759e+00 -3.780727219543765116e+00 4.033587454902886726e+00
-3.918899628186759188e+00 -2.695500788958228089e+00 -2.897463381980929231e+00
-2.971209121643531237e+00 -3.702202971240650786e+00 -3.818747200111590967e+00
1.672358754408448944e-01 -2.263656566970640771e+00 -1.553166176366967965e+00
-1.841524100798232366e+00 1.041834948809827521e+00 -2.460768751070635307e+00
2.494288820404651830e+00 -1.447774524969925314e-01 3.503415255838363773e+00
8.056715708869482961e-01 -1.874246190692206993e+00 -3.882224798214366501e+00
-2.221243318104080267e+00 -2.905687919194218871e+00 7.064889972835669552e-01
-2.536104789451042674e+00 -2.735417882132925360e+00 -3.927768074448611646e+00
-1.935504934956800760e+00 -4.666077367816958699e-01 1.217296001208197032e+00
1.857916576269874387e+00 5.603446861785643662e-01 -2.611598535715987879e+00
1.766056376265205063e+00 -3.630523297197721266e+00 -6.283749232539566076e-01
-6.601107271322615988e-01 1.297149152980676456e+00 1.794874209507170804e+00
-1.055614413067847979e-01 3.052830964719466245e+00 3.782239382200817346e+00
-3.472514943764454909e+00 -1.496196946839592368e+00 -2.049004572263961155e+00
-2.983518005570401588e+00 -3.312981861821802987e+00 1.451796511935028733e-01
-1.663019036398821315e+00 1.425361014149016947e+00 1.738914120202686764e+00
-1.987540320235341218e+00 -3.612965313223308605e+00 -1.445914634265837995e-02
-3.791845324833592379e+00 6.286090830043062905e-01 -1.140730391468208982e+00
-2.650161716958111757e+00 9.994914966330610273e-01 3.198339178165466312e-01
1.159510270664282361e+00 3.797250971562223798e-01 -3.408508559006279359e+00
2.974147993924996403e+00 1.120179601267112801e+00 -1.911564054655094935e+00
-1.412399378351839152e+00 1.330708552556498114e+00 2.769807388091209077e+00
-1.575698782093081896e+00 4.079157681657048506e-01 -1.723116843718295321e+00
-3.278061375533725119e+00 1.634822258122873850e-01 -3.714981652056178696e+00
7.841716076311082695e-01 -4.109995497375998674e+00 -2.361169805531710963e+00
-1.160259979969865851e+00 -4.229814594804869876e-01 1.966198616139803512e+00
3.753120230382378519e-01 9.805198103711185720e-01 1.906434265596059330e+00
3.733428576861246739e+00 -2.546130362003499847e+00 3.441078174956411218e+00
-5.940096281006741474e-01 3.454348428599315901e-01 -1.822766983812975417e+00
2.893857403391272509e+00 -1.443005444867798914e+00 -4.259638514068608134e-02
3.140500565589287252e+00 1.523133710931066642e-01 -2.636661678561954325e+00
-9.355530942164645980e-01 -2.092300561030656869e+00 3.470362550604259688e+00
-3.255765436656930856e+00 1.974669508190277423e+00 -2.058027754395920228e-01
-3.425309620001211197e+00 8.310693338502525007e-01 8.681442791900126910e-01
2.447069685512047066e+00 1.938631871772868331e+00 -3.599276198954369121e+00
6.829996297846153697e-01 2.324003982437122140e+00 -3.645396409071076427e+00
-1.385719535147128312e+00 -3.286308050090733346e+00 1.227233239010174115e+00
2.145017841893369415e+00 3.495406498174897347e+00 3.327130937123847776e+00
-3.844719823968396177e+00 2.088088120615839038e+00 2.357904771258091614e+00
-2.722559560395901634e+00 -4.077630956547300123e+00 -5.473639667110841156e-01
-1.230270596202217570e-01 7.463686613248445845e-01 -3.480359285123486579e+00
-2.402395300611034568e+00 -3.332887650982470973e+00 -1.101361844540396318e+00
-3.004997547092570720e+00 3.287428711712907070e+00 4.070480853574638402e+00
-2.901350011990062039e-01 -7.805749915744917278e-01 -1.993113653315659262e+00
-3.677104095965553210e+00 2.699789461896310527e+00 3.459483340120445005e-01
-3.961999060133653550e-01 1.431088447158243460e+00 -2.043073551546553124e-01
3.314394126979065547e+00 2.609007093907991237e+00 3.256441731376447990e+00
-3.395621794425919937e+00 9.901451789588207042e-01 -1.912973499585011838e+00
3.033794261679287452e+00 -4.506183862066124313e-01 1.853611931359210541e+00
1.428520393503228236e+00 -1.681445627352717187e+00 9.525739348008448459e-01
2.734786691934065317e+00 -3.862949127340047362e+00 -3.135249723281057777e-01
3.848092457856981952e+00 -2.434172471630641210e-02 -3.490107447988203049e+00
-2.550207827713118824e+00 3.138357395526626181e+00 -2.084403756744023450e+00
1.135096673004848844e+00 3.918771655935866960e+00 1.549111671407370050e+00
3.629162353537888741e+00 3.295335622397236985e+00 3.925146271338781467e+00
-1.517095771302863216e+00 -3.857538795587352465e-01 -5.368381722714218318e-01
1.027244638936744447e+00 -2.510276497812839569e+00 3.313921876722337956e+00
-1.174057432970670112e+00 1.757639267410942896e+00 -1.601998580852631582e+00
3.652820086897690999e+00 -2.151479806402579964e+00 -3.806325704389871500e+00
3.824292388714494173e+00 3.489424368999132220e-01 -1.906547280650386256e+00
2.309389391702578287e+00 -3.066101609751363366e+00 -1.494171208864668143e+00
2.260966093625228268e+00 -3.789072660734528419e+00 2.398011559206709276e+00
3.174187952103715737e+00 -3.429277272541463306e-01 5.081539226974647327e-01
-2.852314387651812666e+00 -2.959815334801597420e+00 -3.004655955061338979e+00
2.664398711249514884e-01 6.504015667811677281e-02 -2.656896482827912465e+00
-1.881677623193076743e+00 -2.332166067734835035e+00 -1.151362082979955792e+00
-4.231913496476759073e-01 -6.017214908535262197e-01 -7.970749331989508413e-01
-8.858567004169056736e-01 -3.194078942101366891e+00 2.942761827915774120e+00
2.057779624797672735e+00 1.637164085948471515e+00 -2.383796040787248049e+00
-1.307739392105857323e+00 -4.061136209942632469e+00 5.901668334059865240e-01
-1.621639564198523065e+00 2.699166507135639659e+00 8.425272010496856478e-02
2.304253102482991977e+00 -3.971437728332825934e+00 1.180760542224138065e+00
-1.125831996317432360e+00 9.071144370436325099e-02 7.221622646980397908e-01
2.705317052529480293e+00 -2.824583839449314127e+00 -4.104448303049908375e+00
4.074025619660240238e+00 2.109384601459029174e+00 -5.653859137488812525e-01
-1.936750247206814102e+00 -3.558126228059572682e+00 -3.856568691167287621e+00
-1.459905010062510611e+00 -3.731601352655079307e+00 -1.460982285417162352e+00
1.095523665442788008e+00 3.318174099880134786e+00 -4.179860651811605488e-01
1.806848806311357913e+00 2.727584807357861241e+00 2.746037762964486539e+00
-5.019171338737068444e-01 -3.261320536589254360e+00 -3.866105214210534768e+00
-2.005824937958715193e+00 -1.478631925726147767e+00 -4.516157236462078339e-01
-2.603424363064175129e-01 2.791254728542084340e+00 -3.251727791575730553e+00
-3.752877399829339655e+00 2.948211027256589567e+00 -1.064508265269509035e+00
1.664817757025750744e+00 -2.454847112820693233e+00 -3.559696340135454218e+00
-3.551175079995299466e+00 3.200071603773436912e+00 -2.321603496196155358e+00
3.002226253404691736e+00 -1.311572859173279815e+00 -3.859669679450109303e+00
-3.161839262890712821e+00 -3.317685683106154748e+00 -2.001393609206791879e+00
-1.912744563881151105e+00 4.083073060796347242e+00 1.565772566852687397e+00
-2.682433528240689480e+00 -1.769686674949953797e+00 -3.374625581429092858e+00
-3.287522808723923329e-01 -2.811635622982551652e+00 9.481330861141675781e-01
-3.931333486518469922e+00 -3.551950128176271981e+00 -3.500000583721276204e+00
-3.678514380914247317e-01 -3.686946190454698513e+00 -2.719958957523086696e+00
3.100937432025844931e+00 3.710537108976301290e+00 3.150190502180497010e+00
2.270569880732625112e+00 3.479420552123985377e+00 1.941614900890599849e+00
-3.949821917988464381e+00 9.515672718777060668e-01 -3.945744726296159133e+00
